82
77
93
74
83
82
70
86
79
73
90
73
82
82
78
92
80
69
87
67
83
82
64
91
74
67
82
71
71
71
60
80
69
71
82
61
72
79
67
86
80
70
86
73
81
84
75
90
71
62
75
58
77
82
60
81
77
72
87
81
86
85
65
91
76
83
101
70
86
88
66
92
80
70
91
72
81
84
74
90
75
73
91
68
86
88
68
87
76
67
92
70
76
83
60
82
78
79
90
71
86
93
72
99
84
72
91
67
80
81
70
89
81
70
90
70
87
93
73
96
79
71
100
74
88
94
73
95
89
81
94
73
82
88
71
96
86
73
94
74
86
91
78
91
87
76
96
72
84
86
65
89
80
73
103
80
88
91
74
89
86
87
94
79
85
92
67
100
79
78
93
79
82
91
76
91
84
76
92
68
86
87
69
93
82
76
99
76
86
90
77
88
84
79
90
74
84
89
74
97
76
74
82
71
82
91
64
83
71
66
83
67
85
82
73
91
80
74
96
74
85
79
58
74
72
70
82
69
78
75
66
90
76
74
83
66
78
88
66
86
75
74
84
67
78
74
64
85
75
71
93
67
82
82
68
87
80
73
82
65
78
73
63
84
67
62
72
52
66
83
62
75
73
76
86
75
89
82
64
82
67
63
81
63
75
80
62
78
75
73
88
69
84
81
69
94
76
77
87
62
76
81
61
76
67
66
80
64
76
74
54
75
67
68
87
63
75
78
60
78
78
65
76
58
68
73
65
88
74
70
83
67
83
97
66
88
76
69
83
71
78
78
57
75
63
66
84
58
71
74
57
74
73
62
80
62
72
74
68
84
68
75
87
66
82
86
62
81
72
69
86
76
82
80
65
82
71
78
89
65
79
86
67
85
83
75
91
72
87
83
75
89
74
71
81
55
71
77
63
79
75
72
85
76
82
85
66
84
73
78
92
73
88
87
71
92
80
72
81
68
88
87
78
91
81
77
91
71
92
87
75
89
77
73
89
74
81
74
60
76
67
77
87
73
84
85
76
100
81
87
93
72
83
80
72
84
76
77
88
69
92
86
67
89
74
74
92
75
88
90
74
89
73
84
91
70
85
85
68
99
70
77
86
66
89
88
78
88
77
83
93
75
103
86
73
89
75
73
90
75
92
89
72
92
77
91
100
77
95
93
75
103
80
88
96
74
95
92
79
94
81
80
95
71
93
84
72
96
81
85
103
74
93
90
76
97
79
87
97
71
92
90
75
110
84
87
98
72
94
100
76
100
81
86
96
71
104
94
81
103
84
92
111
77
101
89
79
94
82
84
94
76
92
89
77
106
81
88
101
73
93
101
76
99
80
86
96
77
100
89
76
100
80
87
108
76
100
97
82
104
92
93
99
74
95
92
75
105
79
85
90
67
84
89
68
92
76
87
95
83
104
95
82
98
79
85
100
69
93
90
76
97
81
85
91
73
94
92
80
104
81
86
96
72
97
95
80
103
82
88
102
86
101
85
75
93
79
87
100
70
94
94
75
98
89
86
94
73
91
86
78
96
75
88
95
71
98
98
80
104
82
86
90
78
90
82
76
96
71
88
99
70
95
89
77
97
82
88
94
70
96
88
83
99
77
89
97
71
96
91
72
92
76
79
89
76
91
85
69
86
70
80
84
67
79
78
65
89
79
81
91
69
88
84
84
96
78
87
97
66
93
85
66
91
74
82
89
80
93
88
78
95
79
89
92
71
90
83
70
94
82
77
84
63
77
80
78
93
78
83
91
71
98
89
74
97
78
85
93
80
91
84
68
85
64
80
88
72
94
87
76
105
87
95
98
76
91
88
79
94
74
83
87
70
94
82
74
91
77
86
92
79
92
92
82
98
79
97
90
75
94
84
72
99
79
86
92
69
91
84
82
96
76
87
94
76
104
88
81
93
76
77
91
68
93
88
82
96
76
97
88
77
96
85
77
110
78
87
93
71
97
88
82
97
76
90
94
77
104
82
76
97
72
87
103
76
101
85
83
97
79
97
92
77
97
83
77
107
79
89
92
71
92
88
77
95
76
83
93
69
101
86
78
101
77
96
108
80
103
93
89
104
77
91
92
70
97
87
80
108
79
99
94
79
100
100
84
100
74
85
92
72
100
82
76
96
70
88
99
70
93
96
75
102
85
97
96
72
101
84
81
106
79
89
94
75
91
96
74
106
82
90
103
83
111
91
90
107
90
90
101
69
95
90
79
90
90
77
91
69
128
-450
-455
-453
-442
-448
-428
-422
-423
-413
-418
-413
-415
-416
-414
-414
-415
-414
-414
-414
-414
-414
-414
-414
-414
-414
-414
-414
-415
-415
-415
-415
-416
-415
-415
-415
-415
-416
-415
-416
-416
-415
-416
-416
-415
-417
-414
-420
-417
-421
-424
-431
-439
-452
-457
-457
-458
-458
-458
-459
-460
-460
-461
-464
-466
-466
-464
-462
-461
-459
-458
-456
-408
-358
-317
-285
-250
-214
-196
-157
-141
-114
-92
-83
-64
-33
-31
-20
-12
1
15
21
41
44
48
61
66
75
86
84
88
100
88
98
98
97
89
91
97
92
99
105
99
98
99
95
96
103
92
93
96
86
89
88
92
82
80
76
84
67
80
71
68
70
61
57
60
53
46
43
38
30
30
32
17
17
13
5
-4
0
-6
-14
-7
-11
-17
-9
-16
-16
-24
-32
-31
-40
-38
-47
-50
-53
-56
-56
-52
-58
-66
-63
-70
-72
-71
-71
-75
-77
-78
-76
-75
-67
-76
-76
-78
-78
-82
-71
-79
-75
-72
-79
-78
-73
-73
-74
-71
-70
-61
-59
-49
-55
-61
-55
-58
-58
-56
-54
-52
-46
-45
-40
-35
-24
-35
-29
-28
-23
-26
-13
-18
-15
-16
-12
-13
0
0
0
0
3
9
7
19
8
13
14
18
16
28
30
28
42
31
36
35
41
43
43
44
47
47
58
56
57
56
57
56
65
68
62
65
71
71
70
79
81
84
81
97
88
101
91
98
99
93
98
95
99
95
97
93
99
99
106
104
104
107
106
102
115
111
107
107
105
105
114
112
111
110
104
108
108
114
105
107
114
111
114
122
121
118
126
118
114
117
116
112
115
113
108
109
117
112
109
112
121
118
132
133
132
138
130
134
132
136
126
120
123
126
121
134
133
125
124
121
120
122
129
128
129
127
122
130
136
133
136
123
136
128
135
147
132
137
148
126
144
147
127
149
134
144
150
140
148
146
131
155
136
137
151
125
149
138
133
156
142
142
151
133
150
147
142
153
139
136
146
127
152
150
128
147
132
133
146
133
141
145
124
144
131
135
150
125
143
142
130
153
145
137
153
134
144
142
129
143
131
137
144
121
145
140
123
136
131
127
141
128
138
140
128
158
139
148
151
132
155
150
136
158
146
139
148
125
138
142
141
155
141
143
160
132
160
152
138
149
141
137
158
136
154
148
133
150
133
139
140
122
137
135
124
144
134
127
141
117
132
132
121
131
119
115
120
102
127
114
98
119
107
113
135
114
130
129
118
131
124
136
139
118
125
126
110
141
130
125
131
113
130
127
122
133
130
128
135
118
134
135
120
137
126
120
135
114
125
122
112
128
121
120
128
115
127
127
110
144
127
128
139
120
132
137
125
136
131
136
146
134
160
148
141
161
140
153
169
145
160
152
140
154
143
144
150
120
136
136
120
146
126
124
128
110
118
122
107
116
101
103
109
87
112
91
85
95
79
75
88
66
77
74
59
73
64
59
67
44
64
59
50
69
54
57
65
49
70
84
64
83
71
83
85
67
87
76
69
76
62
59
81
59
72
73
57
72
63
60
67
52
68
55
43
64
51
49
56
33
50
52
26
43
28
41
36
26
40
32
22
44
27
26
44
11
33
26
19
35
21
26
33
11
29
28
23
49
33
31
51
29
55
54
39
54
37
44
49
45
59
59
47
72
54
59
66
51
67
64
57
63
56
50
56
34
42
35
27
49
23
32
36
12
38
27
16
30
20
25
42
22
37
28
23
44
26
42
34
15
39
29
24
44
38
32
47
29
55
47
43
59
38
44
48
27
54
48
34
48
36
34
50
36
50
41
34
54
35
50
51
30
54
54
34
56
51
48
60
41
68
61
55
65
55
59
68
50
68
70
53
67
49
52
65
56
68
57
46
66
62
65
67
48
68
72
57
79
65
71
74
49
62
53
49
62
51
55
65
52
70
67
56
73
51
55
65
60
70
65
55
68
61
68
66
43
72
72
63
87
70
80
80
68
81
83
79
86
73
75
86
67
93
81
70
92
72
76
91
81
94
96
87
107
94
110
113
91
113
100
92
118
93
99
108
94
110
102
89
110
93
107
112
91
128
112
102
122
107
115
120
103
120
112
106
121
105
120
118
97
113
112
112
130
118
113
122
106
128
130
116
125
106
120
119
103
138
120
113
128
117
128
139
121
136
136
126
140
133
143
143
130
146
136
133
157
139
145
153
135
159
151
136
155
137
155
156
142
162
148
149
164
145
161
170
144
168
155
154
178
159
178
169
157
182
170
166
192
167
171
172
153
177
170
160
177
159
174
171
163
181
172
164
185
158
168
175
146
176
163
160
176
166
172
176
161
180
167
158
188
162
174
179
155
184
177
168
180
158
175
183
174
171
173
165
189
169
179
183
159
186
172
170
183
178
178
182
157
180
168
158
191
165
179
184
165
188
188
175
192
177
179
187
175
189
179
170
189
170
184
189
165
191
193
183
195
193
186
195
178
201
192
187
201
185
190
194
178
196
202
180
196
187
185
197
188
200
192
185
202
191
199
203
184
197
189
176
190
173
182
189
181
198
194
195
209
193
200
206
190
201
201
190
207
190
193
203
196
207
195
187
202
192
204
203
180
193
191
183
202
191
197
203
197
208
200
199
201
188
192
202
185
207
201
195
203
184
188
191
185
199
193
187
198
188
198
199
177
194
193
198
212
198
205
207
191
201
192
187
194
185
195
199
181
207
196
191
206
194
206
204
196
206
193
188
197
186
209
198
179
195
184
181
201
185
182
187
176
190
178
184
191
169
185
180
167
198
176
171
183
161
173
177
165
188
176
178
189
169
199
195
179
198
186
184
201
178
183
182
171
201
190
191
197
180
193
200
183
201
190
191
205
190
200
209
185
203
192
190
204
184
205
199
182
199
190
182
211
190
200
204
183
207
198
199
205
182
192
192
173
202
188
184
202
182
197
211
188
210
207
208
219
202
216
212
191
208
197
194
223
196
210
212
190
209
205
199
207
189
198
205
192
216
195
192
212
190
199
214
186
199
194
193
205
192
208
204
183
203
191
184
211
190
197
201
182
202
200
192
206
188
193
204
193
220
200
200
212
194
202
211
187
201
193
192
205
190
198
204
188
210
203
202
214
192
201
202
189
207
209
202
208
185
191
192
189
204
193
194
206
191
201
215
191
206
199
196
208
198
202
204
189
203
190
190
197
183
195
199
189
207
210
203
215
199
208
202
201
213
196
195
203
186
197
203
181
201
190
192
207
197
203
201
192
214
197
207
213
191
201
205
190
205
203
199
206
188
192
198
194
211
200
200
207
188
200
209
187
204
186
190
193
184
188
186
173
202
193
201
206
187
201
203
187
209
200
197
204
184
197
197
187
201
186
186
193
182
197
198
175
194
182
180
192
185
191
190
179
200
189
194
202
177
193
192
178
200
186
181
190
171
185
183
172
190
177
182
190
169
196
194
177
193
182
179
195
185
191
193
180
198
182
190
188
163
181
183
167
195
182
182
194
177
188
188
178
193
178
180
192
169
192
186
170
189
174
176
192
177
188
187
172
194
181
187
191
177
189
191
177
201
182
181
189
174
186
185
170
182
171
179
189
170
193
197
179
200
190
189
204
180
189
187
166
189
178
187
184
167
182
180
169
200
179
181
189
169
182
188
168
187
173
177
187
170
193
189
171
192
176
175
191
166
185
186
168
191
178
182
188
168
184
178
161
190
163
167
178
162
178
177
160
183
171
179
190
172
191
187
173
192
177
175
192
167
181
181
164
185
174
176
181
158
184
175
163
195
173
174
184
162
182
189
169
192
171
175
183
165
184
179
163
183
164
171
182
153
178
173
157
180
168
166
175
156
184
174
165
187
166
177
185
166
189
196
173
193
168
170
183
172
185
181
170
192
180
185
192
171
183
180
163
187
176
174
178
160
174
168
156
185
159
173
174
154
179
180
157
185
161
163
170
163
175
170
155
180
156
164
165
141
159
159
148
173
164
162
175
157
181
172
164
181
162
169
173
151
175
169
152
176
155
166
172
165
179
172
154
181
162
173
178
160
176
172
158
186
164
166
171
151
175
166
159
176
158
169
170
149
180
170
161
180
164
169
173
161
169
164
150
176
159
178
171
150
172
163
158
185
165
168
173
155
175
165
161
173
152
164
165
145
181
166
153
175
149
159
164
153
171
163
152
181
152
176
168
148
172
157
152
179
155
166
170
153
178
160
153
178
151
174
173
153
185
167
157
177
150
162
164
153
174
165
151
180
153
178
172
152
170
159
152
180
155
167
167
148
174
160
159
180
152
171
166
151
180
161
150
179
151
165
173
147
172
164
154
172
152
173
166
144
172
161
148
180
143
160
163
143
176
166
152
171
148
158
163
143
177
159
155
181
158
172
181
157
176
164
150
171
153
168
163
141
168
154
144
179
150
158
166
148
170
166
156
180
155
165
169
143
181
162
155
180
154
159
168
141
162
153
150
171
153
167
170
144
170
159
150
172
143
155
158
139
163
154
138
162
137
152
161
144
174
155
155
164
139
152
159
137
154
152
144
163
147
159
160
138
155
147
146
165
143
155
160
136
158
159
142
166
141
161
151
143
165
146
140
153
137
140
158
134
155
148
143
161
142
155
154
137
160
147
152
168
138
153
160
141
173
162
154
174
147
161
151
148
170
147
147
166
141
157
168
142
169
148
146
163
149
161
156
145
169
150
149
171
137
154
157
138
165
156
153
161
138
159
159
147
164
149
146
168
138
155
157
132
155
135
133
137
137
144
150
135
158
150
151
163
136
157
155
134
159
148
138
156
126
134
151
132
151
144
136
156
131
153
142
134
156
141
135
155
139
143
150
130
151
142
140
153
128
145
148
126
151
150
132
156
133
146
155
135
151
133
127
142
120
141
144
126
143
141
129
154
137
146
149
132
156
135
142
155
134
143
144
125
149
142
132
157
136
141
145
135
149
140
135
153
138
156
159
137
156
146
139
159
131
147
150
133
155
144
150
152
134
141
148
130
159
143
134
151
124
135
142
133
146
141
140
152
136
157
150
131
149
134
130
151
127
138
140
130
145
140
144
146
132
144
146
117
152
136
133
151
129
141
147
130
147
137
136
150
130
153
145
130
154
139
141
160
132
147
144
137
150
144
136
152
130
140
137
120
153
137
135
152
132
151
152
143
159
145
146
155
129
158
145
128
153
132
138
156
130
144
145
134
153
146
148
157
134
153
147
127
153
139
137
150
129
135
144
125
141
127
127
147
130
148
147
131
148
138
141
159
125
143
142
123
146
139
133
150
127
140
145
132
152
143
145
155
135
149
154
130
162
136
137
157
133
152
149
135
157
140
141
161
128
148
152
132
158
149
146
154
136
154
152
135
161
137
139
158
136
151
166
133
163
141
143
152
145
156
151
134
150
137
137
160
129
146
147
132
157
157
151
161
138
153
151
135
153
140
135
161
130
154
157
138
163
145
147
156
142
154
155
138
162
142
143
159
130
145
152
134
157
156
148
158
136
150
156
144
159
141
146
157
132
153
152
133
152
137
134
144
140
148
155
140
160
142
156
167
143
162
151
137
153
143
139
151
128
145
148
134
151
134
142
151
129
153
150
130
154
146
144
152
142
146
147
134
155
134
149
149
129
140
140
126
143
140
136
149
131
145
138
134
149
124
129
137
120
135
139
129
145
130
130
146
125
141
141
128
153
138
147
147
132
145
144
131
151
138
141
153
131
146
136
131
142
128
131
144
128
153
145
126
141
128
134
147
124
139
138
130
144
129
147
143
116
128
127
110
146
129
134
138
115
132
131
125
134
129
131
148
128
159
153
139
161
134
144
152
134
151
143
138
158
148
153
160
136
163
150
138
167
140
149
156
140
152
154
140
151
140
136
151
125
155
146
134
159
136
141
156
133
142
141
123
144
127
136
145
124
134
130
130
161
143
149
159
140
155
161
136
158
140
141
149
119
143
131
119
132
123
121
134
115
124
123
105
131
120
124
132
115
130
129
121
134
122
118
137
114
128
134
118
133
119
120
125
111
134
131
119
131
125
122
144
116
136
127
111
130
122
125
129
116
132
135
124
141
126
132
146
120
135
134
123
137
128
130
131
120
132
128
117
135
123
121
140
116
133
127
116
131
131
130
133
114
129
133
122
144
118
125
133
115
134
138
124
136
127
124
133
125
136
138
123
140
121
126
137
120
138
130
122
138
139
139
147
127
141
138
129
145
117
127
131
127
136
142
127
140
134
134
142
120
136
135
127
141
124
133
141
114
129
126
109
130
130
130
139
121
139
133
136
147
128
131
136
120
133
136
112
135
120
122
130
119
130
128
127
137
124
133
140
123
144
145
130
143
133
134
139
115
133
124
131
142
122
121
131
118
138
135
120
135
123
131
138
130
139
130
123
132
121
126
138
119
136
131
119
134
128
131
134
116
133
129
132
142
130
130
134
112
136
132
114
130
115
125
127
120
123
127
122
140
126
131
136
112
129
123
114
133
116
125
125
110
131
124
120
128
119
119
123
108
144
129
121
127
120
125
132
124
128
125
115
135
117
133
131
115
134
119
108
130
117
125
133
117
130
128
121
129
116
123
126
112
140
128
125
140
127
129
143
120
125
111
103
122
100
118
109
99
121
112
107
131
107
113
120
102
123
117
115
132
113
119
124
99
132
124
112
125
112
124
139
118
136
122
112
132
116
127
129
115
131
127
111
131
107
111
117
92
125
115
111
131
120
130
130
110
133
122
113
131
114
118
135
110
131
122
105
126
121
128
131
113
135
127
116
145
113
121
126
106
123
120
109
122
109
114
116
101
125
117
108
125
108
111
126
107
125
117
109
120
111
112
116
89
117
112
101
127
106
116
123
113
123
124
114
127
110
117
123
104
126
116
107
125
109
117
129
113
128
121
111
120
117
120
126
104
125
117
117
134
116
119
120
102
118
120
104
123
