76
95
76
76
83
57
84
76
63
80
69
72
84
62
74
72
59
82
70
75
95
66
84
80
66
90
69
71
80
59
76
83
68
91
65
71
85
59
81
79
64
84
68
68
93
63
77
71
56
82
72
81
88
67
84
79
72
94
69
77
91
64
85
89
69
91
73
81
86
66
87
77
64
88
63
66
95
58
71
73
59
78
72
74
80
58
77
77
61
90
70
67
84
55
74
83
63
75
65
68
78
55
74
74
56
80
67
73
92
62
85
88
72
88
85
77
85
60
77
76
62
88
63
65
84
59
78
88
71
89
75
79
95
80
87
79
71
91
72
82
97
65
88
84
68
86
89
80
94
73
94
86
73
100
77
82
96
67
89
96
69
91
75
76
89
77
87
83
75
98
74
87
97
64
89
91
77
87
81
84
92
70
94
84
83
95
71
75
88
70
90
98
70
92
79
77
89
80
91
83
75
95
76
89
92
67
85
84
67
86
76
84
86
66
77
73
76
88
70
76
82
62
82
84
72
91
74
90
90
82
92
79
70
92
69
84
87
68
94
85
75
96
71
84
90
67
94
83
82
97
70
78
86
61
96
82
74
97
68
82
93
83
93
82
72
87
75
93
93
70
97
78
73
95
67
73
84
64
89
81
73
94
76
92
97
62
98
83
76
90
71
81
86
67
82
74
64
90
67
86
93
68
92
82
73
101
72
78
88
62
80
75
65
87
65
72
78
55
84
77
68
83
64
73
88
66
86
81
64
82
64
76
72
51
68
74
64
87
64
70
85
70
89
83
71
94
69
79
81
64
86
80
69
90
71
76
94
66
84
73
63
78
76
85
87
71
86
84
69
96
59
69
80
61
75
79
70
83
68
72
78
60
74
76
65
87
69
77
88
68
81
76
68
78
72
81
86
63
86
88
79
101
67
75
74
67
81
81
66
82
75
78
88
72
89
81
74
90
70
78
87
67
82
74
67
79
77
82
84
62
79
74
72
89
70
77
81
67
82
87
61
80
68
76
76
60
75
64
62
82
68
79
83
66
88
83
73
91
80
86
85
67
86
72
74
90
67
69
77
61
82
84
71
89
70
83
87
75
89
73
73
87
72
87
89
64
88
78
66
80
62
75
76
67
81
73
76
91
70
80
81
61
75
77
63
77
63
77
81
65
79
70
61
84
70
87
86
60
82
72
67
83
64
76
77
61
78
71
71
87
65
75
76
54
83
78
69
85
66
76
79
75
87
76
67
89
69
89
83
59
84
74
72
92
74
75
83
68
84
71
72
88
62
70
75
61
87
80
73
91
72
78
87
79
91
75
64
83
60
84
83
61
83
79
76
95
77
79
85
66
88
71
76
90
72
83
83
63
84
73
71
88
73
82
94
77
93
88
75
93
74
91
89
72
90
86
73
93
68
72
76
60
84
79
79
88
81
89
91
75
97
82
74
92
68
80
87
68
84
73
64
81
65
87
81
63
80
74
68
97
66
82
79
64
85
73
72
82
66
77
78
63
83
72
70
92
68
80
87
68
85
80
77
89
76
92
87
74
83
74
71
99
65
85
82
72
96
85
84
94
78
89
91
74
99
72
71
87
70
82
87
77
94
83
73
88
67
84
84
63
84
76
78
105
73
90
88
71
89
81
74
86
68
82
85
67
92
71
70
84
72
83
86
65
84
76
72
87
72
81
90
74
94
78
81
102
71
89
82
57
77
80
71
84
64
82
78
66
93
70
73
87
71
81
89
66
84
77
67
83
67
83
84
70
93
74
78
97
70
84
90
71
88
83
73
85
67
84
80
72
85
64
60
70
60
66
86
61
79
75
79
94
80
89
89
71
88
71
72
83
67
80
78
57
75
72
64
82
57
74
76
72
87
73
72
87
66
82
83
61
84
71
76
84
68
74
72
65
82
72
73
91
69
85
84
65
86
78
71
80
58
69
69
65
81
68
68
80
62
86
91
66
89
72
74
85
72
73
76
61
78
68
76
89
66
84
80
62
84
68
76
87
67
83
84
75
93
80
79
91
68
91
84
64
84
74
71
83
66
77
81
64
93
77
78
87
64
80
79
62
87
77
73
88
72
87
87
76
98
74
77
87
60
85
83
68
86
75
75
93
78
86
87
65
89
74
85
90
74
92
90
71
94
76
76
94
72
92
87
74
98
77
82
95
73
100
83
82
94
81
81
102
71
83
79
67
84
80
90
93
76
92
95
81
110
86
85
99
76
95
90
80
93
85
85
91
72
93
92
96
94
105
76
64
-449
-457
-453
-441
-447
-434
-422
-426
-415
-419
-415
-415
-416
-415
-414
-415
-414
-414
-415
-414
-415
-414
-415
-415
-414
-415
-416
-415
-416
-416
-415
-415
-415
-415
-415
-413
-415
-415
-415
-416
-416
-418
-414
-417
-415
-419
-418
-419
-424
-428
-438
-450
-457
-457
-458
-458
-459
-459
-460
-460
-460
-463
-466
-467
-465
-463
-461
-460
-458
-458
-439
-388
-348
-307
-264
-241
-204
-185
-151
-126
-91
-83
-69
-57
-33
-19
-12
2
10
26
34
39
46
65
67
73
76
78
79
87
89
94
92
96
93
104
103
101
101
106
99
106
109
101
100
101
102
100
100
99
98
91
100
96
91
100
88
90
90
86
82
86
77
66
65
62
58
54
54
44
37
30
25
30
33
18
20
22
20
18
18
15
10
-2
-8
-9
-15
-23
-33
-30
-37
-45
-47
-39
-50
-49
-50
-51
-48
-47
-50
-56
-60
-61
-64
-63
-59
-72
-72
-70
-73
-76
-68
-76
-79
-82
-77
-75
-68
-75
-77
-77
-79
-79
-78
-69
-79
-81
-80
-79
-79
-70
-74
-71
-68
-70
-70
-66
-54
-55
-54
-47
-51
-47
-37
-45
-40
-42
-39
-32
-26
-32
-30
-31
-23
-19
-22
-13
-19
-19
-8
-4
-4
5
3
9
12
16
18
22
27
22
25
29
28
33
41
37
40
39
34
44
53
45
49
50
49
54
55
59
58
58
63
64
74
82
73
82
86
77
80
87
79
82
80
84
84
90
98
90
92
94
91
95
103
89
95
101
97
95
105
96
94
96
98
98
101
107
101
105
107
105
107
116
108
109
105
110
110
113
116
112
107
106
102
103
116
109
112
112
116
121
126
123
125
122
123
120
121
122
113
118
121
120
119
129
126
123
122
127
129
133
131
132
131
131
136
130
143
133
128
141
132
132
153
126
137
139
124
147
143
136
151
133
144
148
133
163
138
131
153
129
138
149
127
147
145
135
156
139
150
156
138
157
144
140
170
139
153
159
137
155
155
143
161
140
152
158
138
161
143
130
155
138
144
166
134
160
147
141
164
145
152
153
132
154
146
142
169
140
150
157
135
153
154
142
158
135
142
149
133
150
143
135
154
138
145
158
133
154
147
134
151
134
138
145
129
152
148
140
162
137
151
161
135
160
155
143
164
144
154
158
144
161
148
144
159
144
157
164
133
160
146
143
161
147
152
151
134
155
144
138
156
133
141
143
120
138
137
126
144
130
136
142
136
153
140
135
154
129
143
146
125
143
138
132
149
135
143
142
131
153
145
141
158
139
153
155
140
159
150
134
147
129
142
142
132
147
134
125
140
122
140
146
127
144
136
129
146
131
138
133
113
136
125
120
138
119
127
128
114
135
125
114
138
119
130
134
123
135
122
120
140
122
141
143
125
145
136
131
149
131
142
147
126
150
144
151
161
136
152
153
129
164
144
138
157
132
140
139
123
132
117
104
117
89
111
102
74
96
75
68
94
63
75
78
58
77
64
63
68
40
53
48
27
58
28
23
42
14
34
30
22
36
22
17
39
9
32
26
10
32
18
18
44
17
34
26
15
34
24
27
48
18
41
45
21
54
32
28
50
24
44
47
29
54
39
32
52
27
53
47
34
60
52
48
75
54
68
77
58
74
73
67
81
60
74
78
58
86
70
64
77
62
72
86
57
72
61
49
63
42
63
50
30
54
34
21
50
17
28
28
8
34
17
22
31
8
20
21
4
30
15
10
21
-4
3
17
-5
15
1
7
24
4
22
20
5
27
15
11
34
2
20
23
8
33
19
18
35
9
27
31
17
46
22
24
42
12
37
44
26
49
32
37
51
39
52
49
33
50
39
39
62
35
53
57
42
53
49
38
57
35
52
51
39
63
46
52
70
46
66
70
52
69
63
58
64
47
56
49
33
61
48
56
71
46
59
57
45
64
66
57
68
47
64
63
48
69
54
48
64
46
61
70
55
71
58
57
75
63
76
77
59
77
63
65
80
55
71
68
53
71
71
65
81
61
92
88
82
99
85
94
104
80
99
97
76
103
84
91
106
89
106
99
84
111
88
102
109
85
105
103
84
124
103
94
111
86
108
103
98
111
103
105
117
94
119
111
95
130
110
112
126
108
119
114
102
118
102
113
128
108
128
127
109
137
122
115
134
112
127
121
113
125
111
114
136
110
135
132
117
137
125
124
138
126
136
132
119
138
125
133
151
124
140
147
127
151
140
139
150
125
144
147
136
151
137
139
155
129
155
142
129
150
137
141
152
134
154
158
142
165
147
158
166
138
163
150
141
170
142
146
158
130
154
161
146
167
154
152
166
138
172
155
146
168
159
154
176
149
171
166
148
171
150
165
172
152
176
168
151
184
166
164
182
157
174
177
177
158
182
159
165
180
151
179
175
160
185
178
177
198
184
190
188
171
191
175
178
188
168
188
184
174
202
189
182
192
173
189
192
179
195
186
182
198
177
195
196
182
196
182
179
203
173
191
191
180
192
185
183
189
174
189
187
170
195
176
179
192
169
182
186
171
192
182
188
195
183
202
194
181
197
186
189
202
175
191
193
186
200
202
202
205
183
200
199
181
207
189
192
202
175
192
195
184
198
187
191
198
186
202
198
186
200
188
190
207
182
203
200
189
201
194
190
192
172
204
190
179
200
183
194
205
187
198
204
189
209
194
194
201
181
197
192
177
198
177
191
206
184
200
194
189
208
200
202
207
187
206
199
197
207
194
200
206
182
195
202
185
207
194
196
205
186
206
201
194
211
187
196
210
180
193
193
172
196
184
183
194
169
198
190
187
205
187
195
213
181
203
201
178
201
182
187
188
180
201
193
182
196
180
184
200
177
200
200
180
205
196
199
204
181
202
195
194
212
192
199
211
184
208
199
185
209
192
200
210
193
206
202
187
208
193
194
210
184
207
198
192
220
204
205
213
188
204
207
200
211
191
195
211
183
213
206
195
212
204
201
209
195
205
202
191
209
191
201
210
188
208
202
189
207
198
196
211
188
198
199
193
205
185
187
192
178
200
192
176
186
179
180
194
172
189
188
180
201
187
201
203
186
207
202
189
206
194
197
203
178
196
190
197
212
193
204
207
192
214
204
185
204
195
199
214
193
213
203
201
212
192
208
198
189
204
205
197
219
195
205
210
191
206
200
201
215
198
199
206
190
208
196
188
202
180
199
213
193
213
205
201
211
196
202
203
185
205
201
190
216
195
204
209
188
204
198
198
214
199
208
211
191
219
202
195
215
191
201
210
187
202
199
195
208
196
203
203
179
208
198
191
212
189
202
203
189
203
201
189
203
189
195
205
186
219
206
196
209
188
196
209
185
199
193
187
199
194
202
204
176
203
192
189
210
188
192
201
179
193
195
176
198
182
190
192
181
205
192
188
199
183
180
193
180
199
193
183
203
192
195
202
174
189
181
179
201
180
190
197
180
202
202
184
207
188
199
202
189
205
193
184
194
175
179
198
178
201
191
181
197
192
199
197
183
195
188
183
205
181
192
203
182
196
198
182
193
182
192
195
186
200
195
185
201
185
192
202
177
190
177
170
186
171
185
183
169
184
181
183
203
191
197
200
183
206
199
186
196
179
186
190
178
193
191
184
203
182
194
192
171
195
183
177
190
188
189
196
183
194
184
187
199
179
190
187
176
197
189
175
187
171
180
190
179
194
186
179
194
174
190
184
164
191
177
181
192
186
188
191
170
190
171
180
194
175
181
180
165
190
181
178
187
167
180
185
174
189
175
177
190
165
185
179
167
190
184
177
198
184
189
190
171
194
181
183
194
178
191
186
172
200
191
173
187
165
182
183
169
184
168
170
184
170
192
193
175
192
186
179
199
177
191
187
170
190
170
171
183
166
178
178
164
198
183
174
188
167
178
183
167
187
173
172
185
171
184
175
157
181
166
164
190
161
179
183
169
188
177
174
182
164
176
175
157
195
173
166
177
153
168
180
169
185
175
173
198
174
193
190
161
185
169
170
190
168
184
180
166
180
171
165
177
161
178
179
160
194
175
175
185
169
177
188
165
185
168
166
184
167
188
179
156
182
162
167
188
163
175
180
159
183
176
162
176
158
179
175
162
187
169
175
185
167
175
190
163
189
178
168
181
167
182
178
165
183
173
170
188
161
172
173
156
183
167
166
175
152
181
174
165
187
169
173
185
165
176
190
163
184
169
169
180
171
181
179
161
179
163
165
186
156
176
175
156
187
179
180
187
172
187
184
176
189
176
172
185
161
175
178
158
186
169
171
180
172
180
181
171
186
173
174
190
165
178
178
169
189
180
170
177
160
170
176
164
181
163
168
178
163
178
178
157
180
161
167
168
161
166
167
147
168
154
166
174
157
175
174
159
187
174
164
176
156
168
164
153
177
153
167
171
153
177
165
145
168
156
160
167
157
170
167
148
173
148
168
165
146
167
158
146
169
159
160
162
143
172
162
158
180
156
165
170
151
171
163
143
167
151
157
169
148
170
167
154
181
152
175
171
158
173
168
150
183
157
165
170
149
176
162
156
168
151
161
165
150
178
161
144
167
149
161
172
149
167
163
150
170
153
170
171
147
167
160
141
180
151
161
163
142
158
160
148
168
148
155
170
141
177
168
151
182
158
173
177
156
171
170
147
171
145
162
165
142
170
167
144
180
150
165
165
148
167
173
147
169
146
157
169
142
176
158
147
169
142
154
169
145
163
158
145
171
154
165
165
139
163
156
142
174
151
157
163
138
155
162
139
171
153
161
168
152
179
162
150
169
148
148
167
138
159
156
140
165
147
148
156
139
156
159
147
176
148
155
165
138
157
169
144
170
151
161
159
146
166
154
148
171
149
152
173
139
164
154
142
163
153
157
162
139
155
151
139
166
144
157
169
146
161
163
143
162
145
155
161
142
161
157
145
165
147
154
166
138
154
149
139
163
150
157
158
141
156
154
146
167
145
160
159
146
163
161
145
164
145
154
158
150
165
154
147
162
137
151
153
139
159
153
144
165
153
159
166
143
167
158
159
176
151
160
158
142
162
154
143
164
144
157
164
151
169
157
153
174
150
173
171
150
173
162
146
170
156
164
160
140
162
147
152
172
145
162
162
144
169
163
151
175
147
162
157
150
161
148
140
163
136
157
160
132
161
150
145
165
151
162
159
146
165
150
144
159
140
149
157
139
167
153
138
156
135
147
158
145
162
149
139
164
139
162
160
134
159
152
140
165
144
158
163
138
159
151
144
161
137
154
157
138
168
147
134
156
134
144
149
135
153
151
139
158
140
152
147
132
151
147
132
156
136
143
148
132
152
149
141
155
135
146
149
130
159
146
132
153
132
139
150
137
154
147
132
152
135
157
154
137
152
148
133
161
133
144
149
135
146
142
136
150
131
141
145
128
152
145
140
158
144
154
159
138
153
143
134
155
134
150
144
125
139
140
135
158
136
145
149
132
149
149
146
157
140
144
147
131
156
141
131
149
127
131
146
126
147
141
132
150
134
148
144
132
153
142
134
156
127
131
143
125
144
137
132
146
130
149
151
138
165
144
141
152
132
142
151
126
141
136
128
143
132
143
140
122
137
128
123
149
124
132
138
121
136
136
128
142
118
127
128
115
135
128
121
136
116
127
137
113
134
127
116
132
120
129
130
111
129
121
116
143
120
133
135
120
140
140
125
140
119
129
134
120
138
130
122
138
121
134
144
113
131
130
121
136
127
130
135
115
134
122
115
138
113
126
126
106
133
128
113
130
110
115
114
103
120
106
99
121
90
110
111
83
106
92
87
107
96
107
107
93
124
110
112
127
102
115
119
97
122
116
103
122
103
116
123
115
134
126
113
133
111
125
135
116
131
123
116
137
124
130
134
115
137
126
124
135
117
130
137
116
140
136
125
141
123
135
136
123
134
124
116
129
118
130
135
114
136
129
129
153
134
142
145
121
138
128
133
141
117
128
136
118
143
136
126
142
120
131
133
129
142
134
128
148
125
143
144
124
141
132
126
142
126
135
140
125
143
131
129
142
116
136
139
120
145
134
124
137
120
134
133
123
136
130
122
140
119
144
137
121
140
127
121
142
121
130
133
115
138
130
135
147
122
134
138
118
145
131
128
144
123
132
140
121
139
130
124
137
119
138
138
123
140
129
127
146
120
132
136
116
140
131
129
133
109
123
124
107
143
125
121
142
125
139
149
125
139
129
125
132
114
132
128
109
129
119
112
138
117
130
134
115
137
129
130
141
119
128
131
117
149
130
126
141
118
129
138
116
131
125
120
139
123
137
139
120
138
131
122
143
115
128
125
110
131
127
120
130
110
127
131
118
148
131
129
141
113
129
136
118
124
121
120
134
120
133
132
121
132
122
122
142
115
132
135
118
136
136
129
144
122
137
133
116
145
124
120
132
115
132
139
116
132
122
120
133
122
131
127
109
134
119
122
133
113
125
126
110
134
134
127
133
112
124
115
109
134
115
119
131
111
128
140
117
133
118
113
126
113
124
112
108
131
116
117
130
106
122
123
106
132
128
122
135
112
129
125
111
134
121
116
129
109
123
126
96
123
95
107
123
108
125
124
109
133
126
127
141
112
131
128
111
135
113
112
127
99
121
120
109
130
116
120
131
110
134
135
118
140
124
121
133
128
131
130
116
128
122
121
131
96
122
121
106
136
124
117
135
115
130
132
121
129
116
113
119
95
128
122
107
130
116
111
131
125
131
134
118
134
125
130
141
115
130
129
126
139
127
121
138
122
132
133
112
133
127
131
145
118
145
139
119
138
126
120
133
121
132
134
118
134
124
139
138
112
121
126
116
142
126
111
132
112
126
127
115
127
115
125
134
118
138
134
124
140
122
117
132
116
131
128
113
132
122
132
136
119
133
129
116
142
123
121
135
112
134
134
123
128
119
124
127
108
128
125
110
137
124
123
