74
88
73
84
84
88
81
91
82
66
149
-455
-447
-453
-448
-448
-426
-430
-419
-414
-419
-412
-415
-416
-415
-416
-415
-415
-416
-415
-415
-415
-414
-414
-414
-414
-415
-415
-415
-415
-414
-415
-415
-415
-416
-415
-415
-416
-416
-416
-416
-416
-417
-413
-417
-415
-420
-418
-419
-424
-428
-436
-451
-457
-457
-458
-460
-460
-461
-461
-461
-461
-463
-465
-467
-465
-462
-460
-459
-459
-457
-437
-391
-352
-310
-270
-243
-204
-183
-147
-127
-102
-82
-67
-50
-40
-23
-12
-3
10
17
29
32
49
46
50
43
59
65
79
82
79
85
87
86
93
101
86
91
95
98
93
99
92
93
95
86
82
89
94
92
93
93
87
92
99
86
91
74
73
63
74
59
55
51
48
45
42
46
37
29
35
25
33
25
25
18
19
12
6
6
-2
-13
-18
-20
-27
-31
-31
-38
-42
-50
-53
-55
-41
-58
-57
-67
-60
-62
-58
-61
-67
-76
-79
-83
-80
-76
-84
-80
-73
-79
-80
-73
-75
-81
-75
-84
-85
-84
-81
-77
-82
-77
-84
-83
-68
-78
-75
-79
-74
-77
-66
-70
-68
-73
-70
-59
-53
-42
-47
-48
-41
-39
-37
-27
-36
-34
-24
-29
-21
-18
-14
-13
-17
-16
-17
-17
-2
-1
-6
-3
1
9
24
21
29
19
28
29
38
34
33
31
37
31
37
42
44
42
53
51
60
60
61
63
68
70
74
75
83
80
76
80
76
77
94
82
86
83
83
89
103
90
95
100
97
100
99
110
108
101
104
103
102
105
99
102
108
99
102
107
115
112
115
123
118
116
125
124
122
120
114
115
125
115
114
112
119
115
116
123
115
109
117
118
120
131
129
123
127
120
121
123
123
118
121
123
121
118
127
125
122
119
108
114
130
122
122
124
123
119
129
119
119
115
107
127
119
127
132
122
130
137
123
140
127
114
136
117
127
131
120
135
135
125
140
122
138
146
123
133
131
120
145
126
132
130
116
133
136
131
144
125
134
137
125
153
142
126
144
130
137
146
126
135
143
121
133
118
126
135
119
134
123
120
154
134
142
149
128
145
143
127
137
128
131
140
117
142
134
117
141
132
135
152
131
144
143
129
150
133
139
141
119
137
138
126
153
138
136
142
124
135
142
133
151
126
134
146
127
147
143
125
137
125
129
145
122
135
138
125
143
131
138
144
134
150
147
134
153
132
135
140
114
129
140
121
136
120
123
124
110
129
120
104
120
111
117
132
112
118
120
111
129
119
123
119
108
126
118
106
132
115
118
120
103
115
119
106
123
104
112
108
99
121
115
102
121
110
114
129
109
124
118
107
125
113
115
110
103
120
116
106
134
117
125
130
120
134
136
122
133
120
127
134
130
146
130
117
133
115
126
135
116
130
125
118
133
120
121
116
97
119
105
99
113
91
105
99
80
97
93
92
118
97
108
114
111
127
123
116
130
111
121
125
104
124
113
107
125
110
111
113
90
117
104
99
113
88
103
96
76
100
94
78
93
75
79
80
67
80
67
57
71
51
63
64
48
61
55
45
66
52
52
58
38
59
48
53
66
46
59
69
55
72
68
52
73
56
61
55
48
62
56
48
69
52
62
62
43
60
54
43
66
54
50
48
27
43
39
38
54
33
43
50
33
61
53
41
66
49
58
66
61
73
71
60
73
58
71
76
61
74
70
61
77
64
65
69
54
66
59
53
64
44
48
49
24
52
30
25
44
26
36
36
24
41
37
26
47
26
45
39
24
49
30
24
50
27
42
40
22
40
35
38
52
32
41
46
30
66
55
40
56
39
45
52
36
51
44
39
51
32
51
47
38
60
50
45
68
54
57
61
45
58
45
46
61
42
55
57
46
69
57
48
64
50
61
67
58
69
65
64
79
62
75
73
61
75
68
65
85
61
67
74
55
70
64
64
78
59
66
72
58
76
61
55
70
50
63
67
55
71
64
62
77
61
73
67
50
69
62
52
72
50
64
66
49
65
65
56
66
51
62
60
48
72
61
51
65
49
58
73
53
67
62
55
68
61
71
72
54
72
67
63
79
57
66
75
59
72
73
63
76
59
71
76
68
96
75
81
98
74
91
100
72
93
81
74
95
75
84
82
67
85
80
81
103
73
92
95
81
100
97
78
105
78
96
91
85
106
88
89
103
81
100
106
86
113
97
92
114
100
109
111
94
114
103
98
113
89
110
109
92
117
110
99
116
101
116
116
109
125
110
104
118
98
118
119
98
120
109
108
123
109
120
116
102
127
115
122
137
116
128
133
115
134
137
125
136
120
133
133
127
142
132
130
144
121
138
143
129
150
137
138
150
140
149
149
136
162
143
156
165
140
161
159
149
172
158
149
164
133
159
159
152
173
157
160
173
152
177
169
152
178
158
164
177
160
167
168
153
174
153
169
171
151
172
170
156
189
170
167
179
156
173
173
160
176
166
164
172
148
172
161
147
178
161
161
181
165
181
179
161
183
167
169
180
154
173
165
152
187
164
157
177
154
176
178
161
174
163
165
178
155
189
176
156
184
164
163
179
156
174
172
154
179
160
167
178
157
180
172
162
189
174
170
183
161
175
175
158
179
165
169
189
167
193
187
169
187
178
176
195
169
184
186
169
192
185
184
188
167
187
186
173
202
184
178
191
168
183
192
175
193
181
183
192
178
199
193
178
193
183
180
200
175
192
194
175
187
179
181
185
174
192
192
176
203
185
180
198
181
195
204
184
198
188
190
197
183
196
188
164
188
177
182
202
175
189
188
176
196
194
196
204
185
199
196
178
204
187
184
194
177
190
194
183
199
188
183
199
181
201
196
183
203
186
184
203
177
192
197
182
198
190
181
195
175
198
199
185
209
197
202
211
190
204
216
183
196
184
181
198
184
198
186
173
193
180
186
202
176
190
189
173
199
198
194
204
178
190
188
177
198
188
184
196
173
187
195
173
198
181
185
197
188
202
193
178
197
187
181
197
172
188
190
177
202
193
190
199
184
198
197
189
202
187
183
197
180
196
204
183
202
188
192
202
196
204
201
183
200
189
190
209
180
201
202
188
206
197
198
210
184
202
206
195
209
195
198
212
191
207
206
191
203
187
186
194
185
193
196
186
205
189
197
205
184
199
196
194
205
191
183
192
175
186
190
184
197
188
193
205
182
203
199
187
199
188
190
197
185
197
201
184
199
185
203
201
183
202
202
190
211
203
193
210
188
203
200
194
208
191
192
201
178
198
191
175
191
184
188
201
184
204
198
185
202
187
199
197
176
188
184
174
203
187
187
193
176
205
192
189
204
189
190
195
180
198
195
183
201
182
185
199
179
193
188
177
201
178
193
195
175
194
191
176
211
180
184
191
169
191
184
178
189
180
186
191
172
204
192
177
196
178
186
201
172
192
186
174
194
183
190
197
173
192
185
174
206
181
188
191
169
187
186
171
186
173
178
194
168
197
184
165
193
175
177
193
168
187
184
170
191
179
179
185
155
184
173
160
187
164
171
182
167
187
196
177
198
179
178
189
166
188
169
160
179
165
172
190
165
185
176
167
190
180
176
193
174
188
182
169
192
182
182
186
170
184
188
168
188
167
177
187
172
193
185
173
193
189
183
200
173
188
183
170
194
181
182
189
169
184
186
182
202
185
190
201
184
195
198
178
191
174
180
184
181
192
187
173
189
171
176
189
155
188
177
170
193
186
182
184
166
186
175
173
187
168
176
184
163
183
178
167
180
165
177
182
176
189
180
168
188
172
181
189
165
189
183
184
196
192
192
192
177
194
187
180
193
174
180
186
167
192
188
182
194
178
189
185
175
188
180
173
191
169
185
187
163
192
183
172
188
180
178
190
171
191
182
183
194
174
184
185
167
200
183
169
184
166
175
184
171
190
184
178
199
178
202
202
177
198
185
174
194
182
182
188
164
191
173
171
188
164
182
183
171
201
189
174
193
177
180
183
171
190
175
175
191
169
190
183
163
183
179
171
202
178
181
183
164
189
173
176
176
160
169
174
157
185
167
159
181
162
173
191
170
191
175
170
185
161
178
181
161
181
170
162
189
164
173
169
154
178
165
168
173
162
171
182
156
190
169
159
186
164
175
184
162
179
173
167
177
164
179
180
162
180
163
160
187
160
171
170
154
177
170
168
173
160
173
177
158
195
173
169
184
158
169
169
155
177
163
164
179
167
176
179
162
180
165
160
182
160
168
174
157
177
164
157
176
154
172
171
155
187
167
166
176
164
174
180
161
171
163
157
181
161
169
162
146
166
149
157
175
156
168
169
152
177
173
162
179
153
168
158
144
171
151
154
165
139
153
168
142
165
151
152
165
149
164
154
146
168
151
150
168
141
157
161
140
162
150
140
161
139
157
153
149
166
152
161
164
144
161
165
138
166
149
152
160
149
168
156
150
168
154
158
176
148
162
164
142
171
155
157
165
141
159
156
152
166
153
152
168
143
160
163
140
168
151
154
165
154
166
160
144
165
150
152
168
137
154
156
141
161
149
147
158
139
147
155
144
150
148
145
156
133
155
141
143
153
151
164
156
161
161
143
164
143
153
161
133
158
158
146
169
160
153
174
151
163
164
153
175
154
158
175
140
167
158
146
163
152
155
176
152
163
156
149
167
149
165
162
144
162
157
146
167
155
149
162
136
155
151
149
169
149
157
170
154
176
166
152
172
156
152
166
147
164
166
145
169
148
161
160
144
161
161
146
173
156
155
171
147
167
157
151
166
147
153
167
145
166
160
142
166
149
155
173
146
164
157
150
166
154
160
159
143
153
158
135
166
148
150
165
138
160
156
157
166
149
152
162
139
163
155
145
168
145
154
168
147
161
155
146
158
151
159
167
133
163
158
145
177
151
152
163
144
161
164
153
166
150
155
172
145
177
165
151
171
151
156
172
151
163
158
155
168
152
162
169
142
165
159
161
177
157
163
167
148
158
162
133
160
147
149
167
141
167
156
150
167
148
150
170
139
159
158
146
163
147
155
160
132
148
149
144
167
147
154
163
141
156
169
142
163
144
153
160
140
163
147
141
151
137
137
158
140
152
154
142
163
150
160
159
146
162
151
144
163
144
148
160
135
158
164
139
162
145
157
160
144
162
155
149
165
151
159
174
139
160
152
141
160
142
150
153
138
151
146
137
160
138
144
154
132
153
154
140
154
133
137
146
135
151
147
136
161
140
154
165
134
163
150
144
157
146
145
154
140
154
147
141
164
142
152
163
132
153
154
140
154
136
142
155
141
155
148
137
150
129
144
152
127
148
145
136
154
149
143
154
128
148
141
139
156
137
141
148
126
145
148
135
155
140
145
154
145
157
157
134
151
130
141
145
122
141
142
130
150
144
142
155
139
160
150
148
164
142
153
160
141
163
162
139
163
147
149
164
148
166
154
148
173
155
163
165
144
160
157
147
171
149
156
162
137
156
149
147
161
146
155
162
148
167
161
147
171
144
147
154
145
156
152
142
156
141
148
147
133
142
141
132
159
137
137
149
127
139
142
137
139
130
133
141
117
140
134
124
136
126
123
133
129
141
137
134
142
127
136
142
119
132
133
128
149
135
136
140
128
137
135
132
142
131
135
140
118
142
131
125
139
134
141
143
131
145
136
125
137
128
149
140
125
140
134
131
153
135
140
147
132
149
145
141
150
135
141
145
128
156
137
132
150
130
137
146
126
144
137
127
145
130
149
146
133
159
141
136
161
136
146
146
129
151
141
129
146
129
139
141
130
155
140
140
154
136
140
156
127
144
143
137
157
138
154
150
130
147
139
130
164
135
145
148
129
148
146
135
148
127
139
140
126
144
133
120
136
122
127
146
118
143
140
134
150
140
144
146
122
145
139
124
150
128
139
143
123
141
143
127
139
123
130
143
128
147
136
126
144
129
136
147
126
141
133
121
136
131
133
143
124
135
129
118
140
124
132
138
114
133
136
121
137
122
121
130
126
139
135
128
148
130
137
146
119
129
127
114
134
130
132
141
122
139
134
128
146
123
131
138
121
138
141
127
138
120
127
132
129
145
134
127
143
125
135
145
124
132
133
125
137
131
134
136
121
132
125
116
129
116
122
129
115
137
139
131
146
129
136
134
127
132
128
117
131
119
132
133
114
130
122
113
135
125
126
131
119
136
129
130
141
123
128
132
114
134
124
119
132
118
126
124
121
133
125
116
129
114
130
133
117
132
123
114
128
118
119
124
110
131
122
121
134
118
133
137
117
143
131
127
137
119
125
128
121
134
125
122
135
120
134
136
116
126
118
117
137
128
136
136
119
136
127
130
142
117
132
133
117
140
128
124
138
116
128
131
120
136
130
121
131
113
130
130
112
131
128
126
146
127
137
141
119
136
128
125
135
117
126
130
115
145
130
127
140
122
133
141
119
136
124
116
135
117
136
130
115
130
121
108
135
116
128
130
114
129
128
128
137
118
127
126
110
141
125
120
136
117
121
133
112
126
121
122
136
124
141
145
128
149
139
130
153
125
131
139
123
139
137
136
145
125
133
138
120
150
135
133
151
133
143
153
130
148
138
135
148
133
148
144
125
144
134
125
145
129
144
144
126
143
140
135
148
127
136
135
121
143
134
128
148
132
145
153
133
150
140
139
156
139
145
147
134
150
141
137
158
131
143
144
127
144
144
134
150
130
143
140
129
155
136
133
147
124
136
149
125
143
128
126
138
131
140
139
123
144
126
125
145
122
135
141
122
137
139
139
150
133
150
145
137
160
142
144
153
131
147
152
127
142
130
130
147
138
147
149
135
156
142
143
155
131
146
145
128
149
141
138
150
127
138
139
131
153
140
140
149
131
149
151
129
152
134
133
147
133
147
145
119
138
130
134
143
121
136
142
131
156
144
145
159
133
144
143
132
148
135
136
147
124
145
145
128
148
132
129
146
133
142
140
126
143
136
146
154
128
142
144
123
145
135
134
149
126
137
142
134
149
136
138
149
124
152
155
130
150
133
130
143
132
143
145
131
155
138
152
156
129
145
142
132
153
140
141
151
132
150
151
137
153
141
139
155
128
156
152
138
156
140
139
151
135
150
148
132
152
136
147
151
130
146
143
127
155
139
139
153
125
140
142
122
137
126
127
141
117
139
137
125
144
134
140
155
128
143
139
121
133
120
126
128
108
124
117
105
137
119
114
126
103
124
128
113
128
116
113
123
98
124
113
98
123
104
102
124
93
119
114
97
116
110
118
124
105
125
122
97
133
111
108
120
102
121
128
113
129
119
120
136
122
144
138
121
135
124
125
141
119
134
134
123
141
138
139
150
130
141
136
118
146
134
137
147
132
144
150
130
147
131
128
145
125
144
140
131
151
135
135
149
119
131
141
129
143
138
133
144
120
139
139
128
154
132
139
145
122
139
151
131
141
127
121
135
124
140
133
123
141
129
141
154
131
143
147
130
148
142
138
147
131
147
141
131
150
135
145
147
129
143
157
132
152
137
150
148
134
147
140
128
148
130
139
143
115
127
123
118
138
133
136
144
124
148
141
135
150
129
126
131
112
131
131
120
135
119
124
127
117
138
129
120
135
123
130
140
114
135
124
114
136
124
124
128
115
129
123
118
132
118
122
133
113
133
133
117
145
117
125
127
115
129
122
108
135
116
131
141
115
138
130
125
148
135
130
135
112
126
120
123
139
118
127
136
107
131
133
116
135
118
118
129
114
129
125
111
135
114
136
141
114
132
126
114
135
124
120
131
114
134
132
120
134
114
123
129
110
129
125
108
127
111
122
132
117
134
140
119
140
121
134
135
109
124
113
96
128
113
114
120
102
126
126
114
129
114
113
120
100
130
122
106
130
113
106
118
97
119
113
105
121
101
118
123
105
124
118
103
134
124
114
120
98
119
113
103
113
99
103
117
104
128
121
106
127
112
112
128
104
120
110
100
116
104
115
113
103
115
109
98
127
106
114
119
103
118
124
115
128
113
119
123
107
130
117
100
128
113
119
124
104
121
118
114
126
114
123
127
105
130
122
104
133
112
119
123
111
131
135
134
136
119
122
128
115
135
124
111
130
115
122
133
112
130
123
112
131
122
123
128
114
130
119
111
134
113
127
127
109
128
133
117
131
114
130
124
107
132
122
110
128
112
117
127
97
115
107
96
118
101
111
114
97
129
111
110
138
113
120
123
102
118
116
104
122
100
110
114
103
138
118
109
125
107
119
131
109
134
124
109
129
118
121
121
104
129
120
112
127
105
113
121
98
123
118
108
133
110
123
124
111
126
113
104
122
97
110
122
92
123
109
104
126
114
119
122
103
126
115
108
125
98
110
114
94
126
115
103
121
103
105
107
99
115
110
100
126
101
121
127
101
123
108
99
121
111
112
117
97
120
109
104
119
93
111
114
97
117
109
98
115
94
105
108
98
112
106
92
120
92
119
113
93
117
105
94
113
97
103
109
88
118
103
105
118
96
111
109
93
119
110
98
119
100
109
112
99
115
102
99
117
98
117
117
100
123
115
108
131
114
116
119
98
123
111
115
117
100
111
107
101
122
110
109
128
110
122
129
118
127
118
114
127
108
125
120
103
123
107
103
130
106
119
122
118
127
121
123
129
117
122
125
108
135
122
114
134
115
125
128
118
127
117
119
130
119
137
134
114
133
125
122
145
117
127
125
114
129
126
123
136
121
130
139
117
146
129
128
137
117
132
129
120
131
121
109
126
104
130
126
106
125
113
112
130
107
109
120
108
124
118
116
127
109
128
129
110
133
117
113
123
107
121
126
106
129
118
105
126
105
122
119
108
121
111
113
136
115
120
122
103
132
126
122
131
113
123
116
102
119
107
107
124
105
116
128
110
127
114
112
125
106
124
119
107
125
115
108
131
106
113
117
101
125
117
115
117
101
119
117
108
128
117
110
124
101
110
122
97
113
102
102
116
103
121
122
106
123
118
114
137
112
124
114
100
118
114
108
117
98
116
116
106
124
110
109
125
101
122
125
106
126
116
115
123
113
118
116
101
120
106
111
126
99
114
107
99
115
113
105
118
99
112
115
106
120
100
97
112
88
115
119
101
120
108
105
121
108
119
121
106
124
113
114
125
105
119
113
104
122
124
112
128
105
121
120
108
126
104
115
125
103
125
125
106
122
110
107
123
110
117
114
102
124
107
116
121
97
110
110
94
119
117
105
118
96
