101
80
77
99
78
73
90
72
95
90
83
96
74
89
92
77
102
88
74
96
76
81
95
76
93
79
70
89
76
94
96
70
99
88
78
111
92
93
98
75
95
89
81
94
76
86
89
63
89
82
76
99
79
90
100
79
103
89
85
96
76
86
89
64
87
84
75
106
72
84
84
63
87
92
83
95
78
83
92
77
98
78
73
94
67
80
90
69
92
81
66
82
68
77
85
64
86
78
63
94
70
78
84
64
80
82
73
86
72
85
89
67
94
76
73
92
74
81
91
67
85
79
70
87
72
82
87
65
85
74
68
89
67
73
75
57
77
82
66
81
59
61
74
63
82
70
63
80
65
73
81
57
80
73
62
76
65
71
74
58
72
64
63
87
70
78
85
63
82
87
73
92
70
81
81
70
78
67
57
75
60
67
83
58
80
70
65
83
71
76
82
67
84
74
70
92
70
77
78
58
76
80
71
91
69
82
86
75
90
81
69
83
66
85
86
61
82
75
66
82
67
68
75
66
87
77
76
95
72
88
90
65
85
80
70
85
65
80
74
71
86
74
67
86
65
88
91
64
90
79
76
90
83
84
87
66
90
77
75
91
73
81
82
61
83
79
77
90
70
80
86
76
94
84
75
88
67
91
80
64
88
85
74
96
77
85
89
73
100
82
84
93
73
89
89
73
96
81
76
98
74
84
91
80
99
78
75
88
72
92
92
70
92
87
79
106
76
90
89
70
91
79
86
91
73
87
87
71
93
79
69
92
66
74
79
70
84
76
74
89
72
99
95
72
98
82
75
102
69
80
78
70
91
82
84
87
74
86
89
69
97
80
78
98
70
87
91
83
96
86
73
93
75
91
92
75
93
79
77
101
75
90
89
72
87
86
73
87
68
84
85
63
88
75
69
91
77
85
92
76
97
84
86
101
74
94
83
64
85
68
73
92
70
71
80
65
81
83
78
90
71
84
87
69
96
73
76
85
70
82
90
66
88
76
72
80
59
78
76
64
83
69
68
89
68
79
80
58
65
72
71
85
64
86
81
70
90
72
71
84
69
78
89
66
84
70
71
79
66
86
76
66
81
69
72
92
72
87
77
62
82
81
79
90
67
81
80
77
92
80
74
90
68
84
86
65
88
76
77
92
72
83
79
66
85
69
62
84
59
80
82
70
90
84
84
93
71
82
76
74
91
70
66
84
59
80
89
68
87
78
80
89
77
87
85
66
92
73
79
98
68
90
88
70
84
77
74
87
71
84
87
78
99
86
83
98
67
94
90
71
86
76
71
87
70
76
79
61
89
82
86
96
70
90
86
70
84
84
72
88
66
76
76
69
88
72
67
77
57
77
83
67
83
74
70
92
75
83
82
67
87
71
80
89
69
84
83
66
81
76
69
88
69
85
81
73
87
74
74
82
65
80
81
70
83
74
72
93
79
85
82
73
80
74
78
82
63
77
86
71
93
83
79
88
67
82
76
76
85
79
83
89
66
90
84
68
86
72
73
89
70
81
81
73
85
73
81
85
64
80
81
63
85
67
65
71
59
73
74
72
84
75
77
92
71
95
91
79
97
75
85
97
75
97
80
69
90
82
86
93
73
96
87
81
103
79
88
95
77
91
91
77
92
83
86
94
68
99
80
76
100
75
81
99
75
93
93
78
97
76
85
87
67
86
77
70
99
73
82
88
70
90
96
78
98
81
90
96
68
105
83
74
92
80
79
100
73
94
88
71
94
78
86
100
68
93
89
79
104
78
89
98
64
93
90
72
97
78
84
96
65
91
80
69
91
80
78
101
64
89
87
68
91
85
85
92
72
95
92
83
108
86
88
99
66
91
97
72
94
81
86
99
79
95
94
80
99
77
83
101
68
93
87
74
89
78
81
88
67
87
83
73
98
78
83
96
71
90
94
75
91
78
81
88
77
83
77
61
75
68
71
86
60
78
85
77
91
93
88
91
74
87
80
71
92
71
75
81
58
81
87
72
88
76
77
85
78
90
86
75
90
75
82
91
70
87
84
73
88
81
78
84
66
91
86
77
95
79
84
86
71
92
86
80
91
72
74
83
75
84
75
71
83
72
90
93
75
90
85
75
88
77
74
82
62
79
76
81
87
73
83
83
63
82
78
66
85
71
78
85
73
84
79
75
88
66
82
83
61
77
76
68
90
74
79
79
59
80
70
73
86
64
76
79
57
81
82
65
82
66
77
79
73
96
78
75
88
69
82
82
60
79
74
67
92
73
83
86
67
87
76
72
85
68
74
84
61
63
74
93
67
-86
-431
-451
-453
-444
-447
-439
-420
-424
-416
-418
-415
-416
-416
-415
-415
-417
-412
-416
-417
-412
-416
-415
-415
-415
-414
-414
-414
-414
-415
-415
-415
-416
-415
-415
-416
-416
-416
-416
-415
-416
-416
-418
-414
-417
-415
-420
-418
-420
-423
-428
-437
-450
-457
-458
-458
-459
-459
-460
-460
-460
-461
-462
-465
-467
-465
-464
-462
-460
-459
-458
-436
-381
-349
-317
-277
-241
-216
-180
-154
-133
-111
-93
-73
-48
-30
-18
-5
7
16
28
40
38
44
43
55
59
70
75
79
86
86
88
95
95
90
94
97
98
98
107
102
101
99
100
98
103
94
102
98
95
98
96
96
89
87
85
81
84
88
79
74
73
69
60
64
57
50
52
49
46
45
48
39
35
32
28
22
26
16
11
11
7
2
3
1
-9
-11
-19
-25
-26
-25
-32
-41
-35
-39
-49
-41
-47
-54
-60
-57
-61
-60
-59
-63
-68
-71
-72
-76
-67
-75
-80
-77
-78
-80
-74
-75
-79
-82
-91
-90
-91
-84
-86
-81
-78
-73
-72
-61
-59
-62
-62
-64
-65
-60
-65
-65
-63
-61
-60
-56
-47
-55
-48
-45
-41
-42
-30
-38
-32
-34
-30
-30
-29
-26
-22
-22
-19
-17
-11
-1
-8
-11
-9
-8
0
14
9
10
15
19
20
24
28
22
24
26
27
24
38
30
34
36
36
37
45
49
53
56
57
56
55
64
64
62
64
65
69
81
74
73
77
76
76
80
82
80
79
89
91
87
98
90
96
94
99
96
104
94
99
97
99
98
100
112
104
104
102
102
105
112
105
106
102
106
104
111
111
108
108
110
114
115
122
122
118
123
117
113
121
110
111
114
114
118
123
123
120
117
118
121
118
124
116
122
122
120
121
128
122
116
115
115
119
123
125
125
119
128
131
125
141
131
122
135
124
126
140
123
129
127
107
124
112
121
128
115
135
138
120
148
133
133
144
121
130
141
123
137
123
121
132
113
135
130
113
135
126
121
142
123
133
135
119
142
137
132
142
125
132
135
116
145
127
121
136
115
124
135
117
135
122
117
134
121
132
137
114
131
122
113
136
117
128
136
119
137
132
129
144
129
140
141
121
144
125
123
137
120
129
142
118
134
127
120
136
124
130
132
112
129
122
126
144
122
127
134
115
132
131
122
130
117
129
132
116
144
127
126
135
119
131
146
122
142
127
126
136
123
137
139
120
139
132
133
152
125
138
140
122
135
130
124
127
112
129
132
119
142
128
128
143
120
134
141
120
138
123
120
129
118
131
128
111
127
108
118
131
110
121
120
106
128
123
116
125
106
121
118
105
127
107
108
115
95
112
113
92
126
111
115
130
122
129
130
113
131
114
118
128
104
118
118
106
132
123
115
127
106
130
132
125
143
131
143
151
132
153
159
131
161
141
151
164
148
167
164
146
174
150
173
183
162
176
180
159
188
171
167
173
145
163
152
139
154
129
135
140
110
126
122
93
121
96
95
102
78
92
87
65
90
69
77
84
60
70
73
54
82
70
64
73
52
65
74
60
76
61
58
70
56
74
74
49
72
58
56
68
54
62
61
42
64
48
53
60
40
55
49
35
63
45
51
64
51
59
64
60
71
60
63
73
56
71
66
46
64
55
53
73
56
64
73
53
70
55
62
65
46
63
63
46
72
55
50
57
32
41
44
38
48
30
35
34
14
41
28
10
29
18
18
36
5
23
22
8
20
2
12
14
3
21
19
4
38
13
21
29
10
23
25
10
22
5
8
17
-1
19
15
-3
14
1
17
27
2
17
16
3
26
17
19
23
7
24
19
5
37
8
21
29
13
28
28
14
34
17
22
29
12
43
24
12
34
3
15
29
0
22
21
13
36
16
24
30
8
43
29
14
44
16
32
32
15
31
36
16
42
19
27
37
17
45
32
14
43
14
28
52
22
44
40
25
60
39
45
52
28
54
44
35
54
38
45
57
33
49
54
33
61
43
50
56
38
59
54
46
72
58
61
85
63
76
74
58
82
72
70
83
53
71
76
68
87
65
71
93
61
79
87
62
82
69
74
77
67
78
78
59
76
60
61
82
59
75
81
57
81
76
77
87
67
82
89
69
89
65
79
85
63
79
83
63
79
78
85
90
84
98
98
79
109
86
96
99
73
94
90
79
103
95
99
98
75
99
94
92
113
94
98
104
86
112
105
87
109
102
100
108
94
112
107
96
117
93
114
111
100
117
113
103
125
114
114
122
103
118
112
109
125
108
118
124
122
136
135
119
137
125
130
143
129
138
131
122
142
126
142
139
123
140
139
124
146
136
138
146
125
141
135
143
155
132
141
143
129
157
149
139
155
133
144
152
135
150
141
143
154
130
146
139
119
139
137
122
145
129
145
152
133
152
152
142
157
136
150
144
128
155
139
127
145
125
144
152
141
155
144
138
159
144
157
158
135
164
153
142
172
139
153
158
135
154
145
141
164
143
160
157
143
180
158
154
177
146
162
168
148
166
156
147
170
145
162
156
144
179
159
161
186
156
174
177
159
176
174
160
178
158
171
170
150
189
165
160
182
157
172
185
163
179
171
163
192
173
184
184
164
185
175
164
183
163
172
183
168
182
180
168
186
170
184
186
163
195
186
173
189
167
175
194
170
192
180
168
197
185
195
195
173
192
189
178
197
180
188
197
178
200
198
180
199
181
190
190
176
195
190
179
196
179
187
196
183
204
199
184
204
198
204
199
188
201
203
193
215
186
193
205
185
205
197
185
200
178
191
193
186
201
189
180
206
190
195
211
191
207
200
193
207
196
203
199
186
199
197
193
221
195
205
206
187
206
208
199
215
199
207
207
199
213
201
196
223
195
207
208
187
208
200
194
210
202
211
212
196
215
204
203
219
193
204
208
196
208
203
188
200
185
194
207
192
217
205
199
214
192
210
207
181
202
193
190
200
195
203
206
181
198
188
191
202
184
197
195
190
208
203
185
204
187
193
203
189
201
193
193
208
189
200
196
181
198
197
197
210
193
202
199
181
197
187
187
194
182
184
192
184
212
204
193
211
188
194
201
197
208
189
187
202
187
201
206
189
202
198
193
212
189
200
204
193
205
191
196
204
189
197
199
183
206
203
192
208
182
196
198
190
196
195
193
210
189
203
200
182
195
184
184
201
181
193
193
186
204
195
197
209
187
199
200
185
213
196
193
198
177
186
187
181
200
196
191
201
191
205
198
182
201
188
188
209
185
197
202
188
197
193
187
193
178
196
196
182
210
191
187
198
183
192
198
188
201
191
185
200
178
197
194
169
191
178
183
208
188
198
206
188
206
196
196
212
184
199
200
183
207
194
194
204
180
188
204
182
207
199
194
208
189
211
207
191
205
200
197
215
186
199
205
188
207
203
201
205
183
199
201
187
204
195
192
207
186
190
202
178
198
187
180
194
185
200
205
187
199
198
191
216
194
203
200
184
200
196
188
194
184
189
189
180
198
189
181
199
176
187
191
168
191
183
180
188
180
189
187
178
193
186
182
200
175
185
184
178
189
188
179
188
171
180
186
175
191
172
171
189
170
187
195
180
198
190
190
193
188
193
195
176
189
174
175
190
172
189
183
171
187
186
184
191
177
191
189
180
197
184
183
191
175
196
193
176
187
177
180
189
172
183
187
170
192
179
189
187
174
190
181
169
187
179
169
182
161
185
175
181
195
181
189
197
190
201
205
185
195
184
182
192
181
194
195
186
198
181
189
195
175
194
197
182
208
195
195
201
175
191
180
182
188
176
179
189
168
192
189
163
184
170
180
194
179
193
187
174
192
177
181
184
163
181
181
166
193
183
186
193
171
187
182
176
191
178
175
193
167
193
186
164
188
170
176
185
167
181
179
168
186
168
173
180
156
187
181
163
192
176
179
185
167
181
188
171
187
172
175
188
166
196
185
169
188
170
168
187
162
172
177
160
184
174
178
191
167
187
185
167
196
178
181
187
166
173
175
162
179
172
173
184
163
194
184
167
186
181
172
189
165
179
180
165
185
167
172
176
151
172
168
161
184
170
167
179
159
175
177
164
172
159
168
172
162
180
167
156
169
157
162
181
152
184
176
161
179
170
174
176
158
174
167
156
177
156
161
168
149
171
167
149
171
155
164
165
154
174
164
152
175
159
168
178
151
170
160
155
171
160
162
161
148
167
157
152
177
152
165
169
149
170
166
151
167
148
162
157
155
171
168
160
176
157
167
175
150
172
162
149
167
158
162
163
151
174
161
151
177
152
161
167
151
174
166
152
169
150
163
163
148
171
162
150
176
150
165
175
150
170
162
154
176
168
169
174
148
177
157
158
178
153
165
163
148
176
170
160
179
160
166
175
165
179
166
157
181
156
168
171
147
173
166
152
181
164
162
172
153
178
164
160
167
150
160
162
146
175
170
150
170
147
154
167
150
171
159
157
175
156
171
178
151
174
163
150
176
159
165
161
145
167
154
156
174
154
168
176
151
179
175
159
180
158
166
163
154
171
161
149
170
152
166
164
142
163
164
147
175
157
164
163
149
169
167
160
171
157
164
168
144
175
156
151
171
147
156
161
151
166
157
150
169
153
162
158
140
160
146
143
167
155
158
165
142
164
156
159
168
152
163
161
138
173
153
148
165
152
156
166
152
164
157
146
162
148
163
158
145
165
150
148
175
153
158
167
144
166
159
158
172
144
157
162
138
175
157
153
169
146
154
164
133
159
153
146
163
142
166
163
146
174
157
155
176
154
163
163
141
164
146
153
158
140
155
160
142
172
155
145
160
143
152
165
135
158
149
146
163
143
162
156
140
156
148
137
165
139
156
158
139
163
150
150
164
141
155
151
136
160
142
138
152
133
147
153
132
156
149
146
161
143
155
156
142
164
144
133
162
133
149
151
131
154
149
139
154
136
144
149
130
160
136
139
160
138
152
165
136
153
145
138
150
138
147
151
134
156
143
137
162
137
149
155
134
151
150
138
153
134
141
145
129
158
140
141
159
140
152
161
133
156
143
140
152
137
146
149
130
154
141
145
160
137
147
149
131
152
148
136
149
131
143
143
134
157
138
138
151
135
145
158
131
154
141
138
152
145
151
152
133
151
137
139
148
131
145
147
129
149
145
132
157
136
151
147
143
157
143
138
151
129
144
148
122
140
134
137
152
140
145
145
131
150
138
139
153
128
142
144
126
142
142
134
149
125
129
132
124
137
129
126
140
128
144
146
125
140
130
125
133
121
125
126
113
135
126
127
141
123
135
142
131
153
144
141
153
134
142
139
126
136
129
130
146
132
152
148
126
143
131
129
146
135
141
142
128
149
134
139
146
127
134
137
120
146
137
134
147
125
129
139
125
140
134
132
147
128
142
140
122
140
133
130
147
130
137
142
125
144
136
147
149
129
138
144
124
146
136
132
153
132
142
148
138
149
138
138
150
129
154
149
130
149
135
134
149
131
143
141
133
152
139
148
154
131
142
145
127
151
138
137
148
130
140
144
126
135
129
125
139
125
144
145
133
154
140
141
160
133
152
148
131
152
140
143
150
130
144
143
133
163
138
142
157
136
150
156
137
154
141
140
154
133
154
148
132
156
133
135
158
133
150
149
131
154
144
146
157
137
155
153
132
162
135
139
152
127
146
158
136
154
141
148
162
135
158
153
139
162
139
141
162
132
150
148
134
154
144
145
158
131
150
145
127
158
141
141
158
134
152
161
137
166
141
147
159
137
161
150
143
164
139
145
163
132
162
155
145
166
153
148
165
136
156
152
139
163
144
148
162
136
161
168
139
167
141
140
160
138
156
154
137
161
143
149
172
135
160
156
146
162
151
147
163
136
153
146
134
156
141
139
154
130
143
153
131
152
142
137
152
141
150
150
132
154
137
142
156
122
133
142
129
146
143
142
155
136
152
151
146
158
144
142
151
126
138
151
131
144
131
132
141
134
146
141
127
148
137
144
157
130
146
144
128
148
136
135
147
127
137
139
130
143
131
137
147
123
146
145
132
150
132
134
139
127
131
133
118
135
122
136
139
116
129
128
122
141
134
131
142
123
129
129
123
132
121
125
130
110
131
132
118
135
119
120
129
122
133
134
123
138
123
136
141
122
137
136
123
143
129
131
135
116
132
128
126
136
119
130
142
117
138
135
121
141
125
130
146
127
144
142
129
150
130
150
157
127
141
135
120
144
128
137
142
123
141
143
137
153
132
138
145
123
146
142
127
147
134
136
151
125
142
139
124
145
131
145
150
125
144
141
125
155
135
142
148
128
149
146
135
147
122
122
135
121
147
139
131
159
134
142
150
129
144
139
125
141
125
130
140
118
135
131
113
148
129
136
145
120
137
142
132
148
133
136
148
125
149
137
129
149
131
134
152
127
140
140
129
150
133
144
151
127
146
145
129
153
129
129
137
116
132
145
129
148
123
132
141
124
150
139
128
142
125
129
151
125
139
140
126
145
130
134
146
123
138
136
125
142
128
134
141
119
136
146
131
150
133
135
140
125
143
138
125
144
130
137
147
110
135
133
124
141
134
133
139
120
136
138
130
152
129
139
151
134
151
151
135
149
127
128
130
129
145
139
123
143
129
135
150
121
138
133
125
140
136
136
139
122
137
129
114
136
114
126
131
115
135
137
126
139
130
134
138
130
142
135
121
138
118
130
141
111
132
121
114
138
132
128
145
124
146
144
141
157
130
141
139
119
132
135
124
141
126
132
137
125
145
135
126
140
124
140
146
128
145
140
128
149
135
134
140
120
137
134
128
140
117
125
131
115
127
131
125
146
125
128
134
118
128
125
115
130
115
129
136
117
131
125
110
142
130
129
134
108
127
113
120
123
113
118
123
103
126
118
102
123
103
107
109
97
116
109
100
121
98
115
120
93
118
110
94
128
109
112
114
96
120
113
113
126
