90
96
71
91
88
75
108
88
102
101
78
91
100
83
99
80
85
98
80
107
95
84
104
79
97
110
82
108
94
88
100
86
89
94
80
104
91
84
110
86
94
103
78
104
98
80
102
83
91
101
79
103
86
77
90
72
84
95
72
90
86
76
96
85
94
98
75
99
86
86
109
77
87
91
70
85
88
74
96
75
83
92
79
97
85
82
98
71
86
97
70
91
85
74
98
76
82
92
63
84
77
75
88
72
80
93
70
92
89
70
91
74
79
93
71
85
77
64
87
65
81
97
63
90
91
76
96
82
89
96
62
79
74
78
92
73
79
91
62
85
89
66
89
71
82
87
74
92
90
74
96
66
83
92
66
91
80
70
95
78
82
84
63
81
81
82
93
78
75
87
63
87
81
63
78
67
74
84
69
86
85
66
93
79
83
88
66
85
76
65
90
73
82
89
72
86
82
78
90
72
79
85
64
93
80
66
85
73
78
87
68
84
78
66
88
68
84
86
73
87
78
70
96
79
80
91
67
80
78
75
88
69
76
83
68
95
89
75
93
78
82
97
74
93
87
79
87
65
84
82
66
88
84
64
95
75
82
87
69
86
81
77
93
75
82
81
68
93
76
67
79
70
86
93
75
92
79
75
92
76
81
85
71
91
85
71
97
67
77
79
60
77
76
84
97
76
90
90
77
105
87
82
98
69
89
97
70
86
80
77
95
82
87
86
69
89
84
77
103
72
93
93
79
98
85
83
97
73
86
88
77
105
84
80
93
68
85
97
73
95
87
81
94
80
88
88
63
83
71
68
99
69
88
92
75
92
89
76
95
74
85
84
68
99
79
79
102
71
81
98
67
90
81
70
93
77
85
88
57
84
78
75
94
71
82
88
71
90
88
70
93
70
82
88
70
94
79
72
85
69
75
88
57
76
73
63
83
70
81
90
73
93
80
87
99
75
86
90
64
83
85
64
85
71
82
79
73
88
83
73
94
74
78
96
65
92
79
74
92
79
82
84
64
77
75
75
94
75
81
87
69
91
84
76
85
73
76
77
76
81
75
64
79
55
69
81
63
84
81
76
93
88
91
92
79
86
80
77
91
70
83
85
70
94
81
72
82
73
84
88
71
89
82
75
97
76
96
81
70
87
77
76
83
76
80
80
61
81
70
81
91
70
80
77
69
90
82
72
83
63
70
80
69
80
72
83
89
70
95
84
76
95
85
74
93
74
79
85
70
91
73
86
89
74
88
80
66
92
81
73
88
64
86
89
79
92
77
83
95
76
90
91
71
93
78
74
94
74
86
84
68
91
67
78
88
72
84
82
67
100
79
74
89
67
89
88
83
91
82
82
93
74
83
76
54
83
72
72
94
63
77
81
66
85
73
73
87
68
82
81
62
94
75
71
84
61
72
85
74
87
74
72
96
68
89
85
69
92
76
76
88
65
80
80
59
73
67
61
71
61
78
80
62
93
77
83
96
73
83
98
65
80
68
63
79
64
83
72
63
80
76
75
95
66
76
89
68
90
85
78
88
67
82
84
63
90
79
77
87
65
74
89
68
89
71
76
89
74
89
83
68
79
73
65
82
58
68
76
61
83
73
71
86
70
86
86
77
93
81
78
90
74
84
95
71
96
78
80
93
90
97
84
75
87
79
79
103
64
88
91
77
95
86
80
89
75
83
78
74
84
73
72
89
67
84
88
76
99
78
80
90
81
86
85
71
93
80
85
105
73
91
92
83
95
88
82
88
66
81
83
68
89
74
75
91
73
94
92
73
91
79
81
88
79
90
91
71
92
76
85
97
67
87
86
72
91
88
75
97
69
90
89
78
95
79
82
91
71
88
78
64
91
81
86
93
84
95
94
80
100
82
93
96
73
91
86
76
102
87
81
92
70
89
91
85
97
79
90
98
77
91
93
71
94
79
78
91
79
86
85
70
86
70
82
87
73
87
85
69
97
80
80
93
69
84
79
71
73
65
73
83
69
90
87
68
89
79
83
94
74
88
86
74
92
75
87
95
72
87
85
69
99
80
86
88
67
84
82
78
88
73
74
90
68
98
83
74
88
76
76
88
63
78
84
68
84
72
79
78
64
85
79
67
94
72
76
83
66
81
79
70
83
75
77
91
72
100
73
67
87
67
76
91
65
82
80
73
89
78
89
89
70
89
88
66
96
77
79
88
65
77
84
70
92
71
76
91
66
90
82
68
93
68
78
93
67
82
80
66
85
70
76
79
58
76
75
62
93
71
80
92
75
92
98
74
95
77
76
85
65
86
77
65
81
71
74
94
60
78
79
66
82
96
72
92
73
86
-449
-459
-454
-441
-448
-429
-421
-423
-414
-418
-414
-416
-416
-415
-414
-415
-414
-415
-415
-414
-415
-415
-416
-416
-416
-416
-415
-414
-415
-414
-414
-415
-414
-413
-415
-415
-416
-415
-416
-416
-416
-418
-414
-416
-418
-415
-419
-417
-421
-424
-431
-439
-453
-457
-458
-458
-459
-459
-460
-460
-461
-462
-465
-467
-466
-464
-463
-461
-460
-458
-457
-420
-361
-328
-295
-245
-212
-191
-154
-141
-115
-98
-76
-61
-39
-25
-16
-2
9
23
28
50
49
47
54
55
60
71
74
81
84
85
92
97
101
97
93
103
97
95
107
99
98
99
96
91
102
87
91
94
92
89
86
94
85
81
82
80
73
78
66
63
58
50
50
49
37
27
31
27
23
24
30
23
19
21
16
9
14
-1
-9
-9
-19
-29
-33
-25
-39
-42
-47
-47
-57
-43
-53
-54
-58
-64
-65
-61
-64
-69
-74
-77
-77
-80
-76
-82
-84
-87
-88
-89
-84
-89
-91
-83
-84
-84
-80
-79
-79
-85
-85
-78
-80
-75
-77
-79
-82
-80
-81
-66
-67
-69
-65
-64
-53
-48
-41
-45
-42
-44
-41
-39
-28
-37
-33
-25
-28
-31
-21
-21
-17
-15
-13
-15
-8
-7
-9
-1
1
6
10
22
18
21
26
26
24
31
31
29
38
32
35
41
45
33
37
40
46
45
54
53
53
55
54
57
65
68
67
74
75
78
79
93
92
87
85
88
82
94
93
90
93
93
93
99
101
95
102
97
100
99
106
106
103
107
111
106
111
112
102
112
114
110
112
118
117
116
110
120
119
124
121
121
122
119
117
121
119
111
112
108
109
114
119
115
119
116
121
122
135
140
130
135
130
123
125
126
118
121
118
119
120
124
125
123
125
123
121
131
132
125
127
129
123
122
132
122
128
127
120
130
130
126
125
114
132
128
126
144
127
129
144
125
139
141
123
135
128
123
132
121
130
129
114
131
124
121
147
126
135
139
117
138
133
123
140
118
132
137
124
142
136
128
147
121
134
142
120
142
137
131
153
138
149
147
129
153
139
132
152
126
136
139
125
143
139
125
139
119
129
139
125
135
125
115
131
117
126
132
108
133
126
110
133
126
129
135
116
132
119
115
132
112
124
123
106
134
131
118
136
119
127
132
121
132
119
110
129
111
124
125
102
122
113
106
126
111
112
120
101
124
110
109
123
98
110
110
94
121
111
97
111
91
108
107
104
123
116
111
128
116
130
134
115
130
129
122
131
119
120
123
102
121
114
110
125
108
125
127
108
135
131
118
134
115
125
125
115
130
120
113
129
111
124
119
100
115
107
107
122
102
109
109
92
115
104
103
105
88
103
94
80
108
84
88
103
83
101
95
91
107
95
94
109
88
114
99
88
113
99
98
120
101
111
118
104
126
112
115
124
101
122
119
103
135
115
106
117
95
109
106
89
107
86
91
100
75
99
83
72
90
75
79
98
71
85
85
65
88
77
81
91
72
93
89
81
110
88
100
108
85
103
103
80
113
97
100
117
98
123
116
99
119
103
102
121
89
105
96
77
103
84
81
92
62
74
74
57
80
57
49
66
42
57
62
34
56
38
35
48
28
47
37
20
47
21
21
52
18
39
39
23
46
41
36
52
28
44
39
19
48
23
21
47
16
35
42
16
42
29
29
46
25
42
34
17
47
29
24
52
12
31
32
14
40
34
23
44
14
35
39
25
57
36
37
56
35
52
65
41
53
39
38
53
37
50
56
35
54
40
43
59
45
60
59
40
62
58
43
60
36
53
55
44
64
54
54
70
50
65
79
56
77
74
73
89
75
87
87
72
96
84
90
101
72
95
93
70
92
92
75
84
58
70
63
55
68
54
43
56
33
46
52
30
54
38
35
46
34
44
42
32
51
36
41
48
30
46
47
33
54
48
45
57
48
58
50
47
60
50
48
69
44
69
70
50
66
54
55
69
60
68
72
63
76
68
76
84
55
72
74
71
85
73
70
80
55
66
68
68
79
70
71
87
65
96
82
73
95
80
83
93
77
87
88
74
94
77
90
94
70
94
91
79
102
87
100
101
79
103
101
90
111
93
107
105
83
113
101
83
110
90
90
115
91
112
106
91
120
95
116
118
93
115
105
90
118
100
100
113
90
123
113
106
124
114
118
129
108
143
125
107
128
119
112
133
113
132
128
117
138
127
131
139
118
127
129
119
144
132
131
146
123
145
148
136
155
135
135
151
131
154
146
130
159
130
133
151
127
153
148
132
147
142
143
152
130
150
148
135
166
142
151
167
133
158
159
139
149
139
145
159
136
165
151
141
163
143
152
177
139
161
153
138
138
135
156
157
158
138
158
156
146
177
150
160
165
146
170
170
153
174
154
160
166
144
172
155
151
175
153
157
170
142
170
170
153
180
167
173
184
165
190
177
168
190
168
171
176
157
184
182
165
183
168
172
183
166
188
179
168
191
181
181
198
169
188
183
168
192
184
184
194
177
195
187
177
206
188
192
204
183
200
208
188
206
187
186
190
182
198
189
174
198
183
186
204
173
197
202
191
208
201
197
202
193
206
194
191
212
195
201
216
188
204
212
188
206
199
203
210
202
217
208
200
219
199
206
222
191
207
204
205
215
204
206
210
193
212
207
202
219
202
207
214
191
212
207
196
218
204
210
216
209
223
218
211
225
204
224
219
198
217
208
201
220
212
213
223
204
221
218
215
225
202
220
220
203
226
212
206
220
202
205
211
202
213
210
201
223
202
220
220
201
220
208
199
223
211
215
221
203
227
201
199
210
192
211
214
201
222
214
206
226
209
215
218
206
221
207
199
219
194
216
212
192
210
199
193
223
205
211
213
195
220
206
210
214
196
206
212
195
219
209
197
224
192
206
213
195
221
208
202
220
196
212
213
195
215
201
188
211
183
189
190
174
202
193
194
204
189
197
210
188
212
198
193
214
192
203
205
186
204
200
193
209
194
212
208
187
205
198
186
218
195
202
207
189
209
207
201
215
193
199
206
181
211
193
189
206
190
195
204
178
194
192
185
200
181
189
193
176
198
194
176
208
193
200
204
189
203
205
190
205
176
184
194
182
208
193
189
206
186
194
212
185
195
196
188
203
190
196
199
184
197
192
182
205
191
197
204
185
197
205
191
209
191
194
204
187
214
203
195
206
190
191
202
186
193
193
190
203
197
205
204
194
213
204
192
211
192
199
202
183
197
203
187
198
182
187
184
184
203
192
192
202
190
191
208
183
197
195
195
205
199
205
201
188
201
196
190
201
189
198
207
191
206
204
195
205
191
199
192
188
202
196
187
197
189
192
209
186
206
194
201
212
207
213
207
193
204
195
196
209
189
203
201
184
199
193
191
203
188
193
193
190
203
198
194
208
179
200
202
184
205
187
185
196
193
192
194
175
199
182
186
198
176
190
190
178
193
191
176
188
172
183
188
178
199
187
184
201
177
197
202
178
186
174
173
188
179
183
184
167
196
181
189
194
176
188
187
171
191
187
177
195
178
187
190
175
197
183
178
189
168
187
192
176
193
186
173
194
183
184
185
171
196
181
181
185
166
174
193
174
197
187
175
202
181
195
198
186
196
187
181
188
169
189
188
171
190
177
173
193
183
190
186
170
189
181
186
191
175
179
188
165
197
173
171
186
169
179
183
173
180
174
171
186
168
183
188
165
191
177
177
190
171
174
177
160
177
174
177
188
162
182
183
163
202
182
172
182
173
176
187
174
184
174
172
185
167
188
181
169
187
171
171
183
169
181
179
159
184
175
178
189
168
182
179
172
194
182
178
188
172
181
188
162
186
170
175
187
167
181
177
160
180
166
170
182
166
181
185
166
185
178
182
186
164
174
168
163
189
171
165
181
164
175
188
165
186
167
177
178
166
183
172
161
180
167
169
181
162
185
180
164
183
173
182
183
167
179
178
162
187
168
165
175
155
181
183
157
181
159
168
172
165
170
172
161
189
175
179
195
169
175
176
159
183
167
173
180
164
176
176
157
196
175
176
184
163
185
191
171
182
170
170
176
168
173
176
158
189
168
172
184
157
176
177
160
181
171
172
187
165
175
174
156
177
156
163
166
150
173
177
156
176
158
163
180
166
177
177
159
181
155
170
172
149
172
170
153
177
165
159
172
151
167
164
154
175
159
172
168
148
168
174
149
173
159
164
169
159
172
159
150
172
151
168
166
144
161
162
148
170
155
153
163
141
162
159
158
171
154
162
168
149
173
176
152
173
148
154
161
146
164
160
144
171
159
168
171
152
168
165
149
181
152
166
170
156
171
161
157
172
152
168
170
155
178
173
159
182
158
168
168
163
172
169
156
175
160
174
170
140
163
157
148
180
160
162
169
156
176
174
167
178
162
170
174
158
181
171
159
180
153
162
167
154
171
168
147
173
153
173
171
152
174
166
147
180
159
165
166
152
171
166
158
169
150
164
166
148
175
163
146
171
153
157
169
143
161
151
140
160
141
163
160
149
167
160
147
180
160
159
167
146
164
162
149
170
151
158
165
146
171
159
151
173
149
158
168
142
163
160
144
164
143
165
164
150
163
157
147
176
152
161
159
144
154
164
149
167
143
156
162
149
166
151
145
165
146
157
171
146
165
161
153
175
160
172
170
152
167
157
146
172
149
163
164
146
170
174
153
172
155
171
170
155
178
164
149
172
149
161
169
144
165
158
154
176
156
168
165
148
170
162
148
178
152
163
160
144
165
159
149
166
141
151
152
148
167
159
154
174
158
171
180
154
174
159
148
167
150
154
162
144
169
152
148
168
146
159
162
141
166
163
152
174
149
159
159
148
160
149
144
165
139
157
164
135
159
148
139
159
154
157
163
143
166
154
150
167
138
148
151
134
151
157
146
165
141
152
155
148
165
155
144
164
141
155
160
133
156
155
138
161
147
153
156
140
161
150
146
164
138
151
156
138
154
154
141
159
138
150
150
138
153
147
131
152
136
147
154
136
153
146
133
158
144
143
145
132
146
142
144
158
145
150
155
139
162
152
141
164
139
146
147
139
149
146
137
151
136
153
156
137
155
154
139
159
148
148
155
139
153
147
149
157
134
142
149
132
160
144
142
160
138
149
151
143
154
146
138
157
139
154
150
132
143
137
126
145
137
142
150
137
156
153
150
165
143
153
149
133
158
146
138
154
139
149
152
137
152
147
144
162
138
160
153
140
160
149
146
170
147
159
161
139
162
148
150
162
136
151
150
139
167
143
140
158
135
148
158
138
151
141
132
147
126
145
147
136
158
145
136
162
134
151
153
134
153
145
144
155
136
150
150
129
159
145
136
159
138
145
154
133
150
139
137
157
137
156
153
133
155
144
138
167
132
145
148
132
155
153
148
162
131
146
146
128
163
141
135
151
133
150
160
134
164
151
147
162
144
157
156
138
158
146
135
159
134
150
156
139
158
155
141
161
137
151
158
139
167
145
141
160
134
150
162
131
157
146
134
159
144
153
154
138
160
149
149
174
143
155
156
136
155
156
139
161
132
145
149
139
163
153
154
173
147
168
175
148
174
157
152
166
147
157
156
144
164
151
152
171
143
155
161
147
165
162
148
170
149
162
160
148
163
148
143
164
137
156
164
140
162
146
140
159
149
156
158
144
161
153
149
164
133
149
146
134
155
151
139
162
135
157
151
141
157
150
145
159
137
153
152
135
156
144
139
154
145
151
150
136
155
145
153
154
135
147
145
135
156
148
138
155
135
146
148
142
156
139
139
152
128
149
150
129
157
140
137
151
133
146
137
120
138
129
140
154
132
152
145
132
159
149
142
154
133
148
140
130
140
124
127
142
121
143
141
123
145
130
130
144
121
131
133
114
130
118
127
134
108
119
114
93
130
114
107
125
103
125
120
108
126
112
105
125
101
126
117
103
126
110
108
129
113
128
134
119
140
132
140
145
124
136
139
118
149
133
129
147
125
141
145
129
145
132
132
149
128
154
145
128
153
137
132
158
129
140
143
122
139
131
137
147
123
138
135
119
149
135
131
148
125
139
140
121
139
132
128
143
120
145
144
122
144
138
135
155
126
135
141
121
137
127
130
141
123
136
143
124
150
135
130
142
122
135
150
128
144
128
127
134
123
136
139
123
142
132
129
151
125
133
138
123
138
134
132
142
125
131
134
117
136
117
117
130
113
127
135
122
133
132
131
142
130
144
140
123
139
122
122
139
116
125
126
119
133
134
133
140
121
136
137
129
152
128
131
145
125
137
145
129
141
130
129
138
123
139
140
127
142
134
135
156
128
148
143
128
143
136
135
138
113
135
128
123
140
126
136
145
124
141
151
127
146
131
143
146
128
144
137
126
139
134
141
150
126
140
140
123
144
141
137
150
127
153
144
142
159
138
139
146
124
144
151
129
153
138
139
147
134
153
145
133
153
134
142
151
130
147
145
125
148
143
135
151
132
154
149
138
160
129
133
148
124
147
146
129
156
132
139
149
138
145
145
130
160
133
144
155
127
142
140
126
144
136
137
148
131
146
143
137
160
134
140
155
125
147
145
127
144
132
131
152
122
130
136
117
145
127
137
157
126
147
148
135
154
144
139
154
125
142
144
133
150
130
140
143
129
156
146
136
154
145
147
158
138
147
151
127
145
134
149
150
131
148
150
122
147
135
135
150
125
145
139
140
151
136
141
146
121
146
140
121
140
131
135
148
125
143
136
134
151
143
150
151
133
148
143
125
153
141
134
146
123
143
140
135
151
131
136
144
127
152
149
136
155
138
141
154
135
152
140
129
149
136
145
148
130
143
142
127
153
129
136
146
133
143
141
120
139
123
126
135
114
143
130
122
145
131
145
159
130
141
138
126
137
129
135
142
123
142
141
137
163
128
138
146
