65
89
86
73
106
82
82
94
68
83
86
66
83
68
64
87
72
86
85
71
93
80
79
97
66
81
83
67
86
81
71
90
67
77
78
65
85
72
72
84
63
80
90
69
89
76
69
87
70
80
76
63
77
71
71
91
61
75
85
69
89
86
78
91
75
89
84
74
83
69
70
85
64
85
86
65
82
71
70
78
69
79
74
62
78
75
78
91
66
82
77
63
79
82
75
87
67
81
77
70
80
69
69
86
60
76
81
63
74
68
66
75
64
76
82
68
89
80
86
94
69
84
81
71
90
79
72
85
66
81
80
71
85
68
67
80
57
77
73
59
78
65
66
78
59
71
73
57
74
65
73
79
61
75
74
59
80
71
65
77
56
67
69
59
66
56
59
70
53
76
72
57
84
75
79
91
73
89
85
73
84
65
76
83
53
70
70
53
83
69
67
81
58
82
79
72
88
73
76
84
59
89
78
64
86
71
71
85
57
71
75
62
77
67
79
84
61
78
84
62
83
71
73
80
55
71
73
63
74
59
55
80
62
86
80
68
86
69
69
88
53
70
70
59
75
68
78
83
62
73
72
58
84
65
71
84
59
77
83
67
87
72
70
81
59
80
73
61
79
68
72
86
59
72
75
63
80
71
76
77
58
73
75
59
85
67
69
79
59
80
89
75
87
69
70
82
61
81
74
59
78
73
73
94
65
83
73
64
83
70
74
82
61
76
75
62
83
67
76
85
65
82
85
70
89
73
77
84
64
87
80
67
86
72
77
90
60
78
70
67
85
77
77
83
68
92
91
82
104
78
86
94
71
87
89
68
88
65
68
81
63
83
77
65
86
71
73
92
65
90
80
71
89
78
74
83
60
82
74
71
86
69
75
89
67
87
90
70
91
78
86
88
69
84
76
69
83
65
78
88
59
78
75
62
84
80
80
86
70
92
80
73
89
71
74
83
64
83
86
67
89
72
77
79
64
75
75
66
82
67
75
85
58
76
69
57
72
65
67
73
54
76
73
65
77
58
56
71
56
78
76
63
78
67
73
78
66
79
75
66
84
68
80
86
67
89
73
66
84
70
73
76
55
74
69
66
80
63
66
76
58
78
74
63
74
61
62
71
57
64
66
58
79
58
70
75
52
81
73
62
76
66
72
78
58
78
71
73
79
58
65
68
52
78
68
57
72
69
72
86
67
86
73
67
85
58
73
71
54
75
64
54
68
58
62
67
53
72
73
72
90
64
73
72
55
80
75
60
79
63
71
79
60
76
65
64
88
68
85
80
64
83
74
63
87
61
66
83
52
68
65
62
74
61
66
73
58
92
78
67
90
64
73
87
58
74
63
58
80
67
79
81
60
83
75
62
87
58
69
81
62
80
77
70
83
73
75
81
56
89
80
66
85
63
71
92
63
78
74
62
80
69
77
78
53
79
67
60
84
54
72
81
61
78
81
71
91
77
77
82
59
84
73
66
83
67
78
90
66
86
77
63
84
72
76
82
59
81
75
66
82
60
61
71
58
71
75
57
79
58
64
73
52
70
68
62
73
63
71
88
64
77
66
51
72
66
74
72
56
78
74
67
92
71
79
83
56
74
72
47
71
55
63
59
54
71
70
70
83
61
68
87
62
78
74
68
82
75
79
76
57
75
68
68
82
56
61
69
58
76
73
68
77
66
78
75
64
81
68
57
72
53
52
71
53
74
63
60
71
71
83
80
64
86
73
69
85
58
67
72
54
69
65
63
73
62
68
69
57
66
56
51
73
54
70
75
59
85
68
64
79
66
72
74
51
71
63
70
83
57
73
70
57
83
71
59
69
55
61
67
56
77
65
66
85
63
83
83
66
88
70
62
76
64
74
82
60
82
72
80
92
61
76
81
64
92
79
65
81
59
73
76
59
77
61
59
77
61
75
71
59
79
71
63
85
66
78
86
57
80
65
72
82
59
63
68
49
79
72
65
87
69
85
96
74
98
77
76
89
65
81
83
61
83
71
64
88
60
71
75
54
78
65
74
92
69
76
82
60
88
74
70
85
65
81
85
66
81
69
63
79
62
82
85
62
85
71
72
92
63
72
80
58
72
68
69
84
66
72
79
62
87
80
80
90
72
81
89
67
84
77
72
86
70
85
82
66
91
76
75
96
66
80
83
64
87
83
80
90
70
86
85
65
95
75
75
84
65
78
88
69
85
69
67
81
64
80
77
61
81
67
68
90
68
76
78
61
84
77
70
87
71
84
78
66
92
68
80
82
66
83
94
75
86
80
88
75
85
91
-447
-344
-452
-451
-451
-431
-434
-417
-417
-416
-416
-417
-412
-415
-416
-414
-414
-415
-414
-415
-414
-415
-414
-414
-415
-415
-416
-416
-416
-415
-415
-416
-415
-415
-414
-415
-415
-415
-416
-415
-416
-417
-413
-417
-415
-419
-417
-419
-422
-427
-433
-448
-453
-457
-458
-458
-459
-460
-461
-460
-461
-462
-465
-467
-466
-463
-463
-461
-459
-459
-454
-410
-366
-321
-283
-254
-215
-192
-163
-135
-112
-87
-81
-68
-55
-42
-28
-11
-3
3
23
25
40
46
47
56
56
65
71
81
76
78
78
77
80
82
93
84
90
91
93
100
93
94
88
90
87
91
91
101
81
85
83
80
76
79
70
66
63
56
52
60
48
46
35
40
30
35
40
25
25
21
16
13
15
5
10
9
-4
-7
-8
-7
-19
-23
-28
-34
-44
-38
-46
-53
-56
-63
-58
-57
-66
-67
-75
-69
-75
-75
-71
-79
-86
-80
-81
-83
-80
-88
-83
-88
-92
-94
-83
-80
-86
-83
-84
-79
-81
-70
-79
-77
-81
-84
-75
-72
-74
-78
-75
-76
-76
-70
-77
-73
-71
-66
-59
-49
-41
-50
-39
-40
-42
-44
-35
-42
-33
-34
-33
-28
-31
-24
-29
-23
-29
-18
-9
3
2
1
5
8
11
20
15
22
20
27
27
36
38
30
33
38
34
31
56
47
49
48
54
52
61
64
64
71
59
60
60
65
67
73
75
83
78
89
88
87
88
93
91
100
88
91
88
95
96
93
102
98
98
97
101
101
108
105
104
111
100
109
109
118
108
114
107
114
114
122
120
115
114
112
113
122
114
115
116
119
112
119
123
119
113
114
116
114
124
118
124
127
129
123
130
137
129
139
130
133
129
131
123
119
116
120
123
130
129
126
123
129
128
135
131
126
123
128
125
129
132
126
134
130
128
129
132
136
135
128
142
137
130
156
131
141
145
123
140
145
128
141
131
136
137
121
135
130
122
145
132
143
155
133
150
154
142
154
143
140
148
126
142
136
131
150
128
140
139
127
141
144
131
151
132
141
151
141
154
140
127
142
130
139
142
126
138
135
118
136
125
128
139
117
135
134
138
148
128
140
143
121
131
140
120
145
128
139
147
139
154
141
134
154
138
149
149
126
139
146
131
154
140
141
148
134
150
144
141
155
137
139
145
120
143
145
125
143
127
133
132
118
131
127
113
128
117
124
128
113
125
121
108
124
112
114
120
99
115
110
103
121
103
113
126
103
130
126
114
134
115
119
120
109
119
112
98
122
107
124
124
102
122
117
112
133
121
120
123
111
125
120
122
133
114
119
121
100
120
110
103
121
99
104
116
102
116
106
92
114
87
106
98
82
102
85
81
98
81
86
92
82
99
99
96
110
93
113
114
98
121
110
104
124
108
121
131
122
131
130
117
131
118
139
133
121
130
126
114
137
121
120
118
105
121
115
110
124
105
120
116
98
126
107
99
118
94
105
108
86
107
85
81
90
72
85
77
63
72
66
56
71
52
59
56
39
58
48
39
45
28
40
42
28
54
36
31
54
30
39
43
26
50
31
29
46
25
45
35
22
44
33
28
58
25
43
41
20
42
36
28
46
23
39
38
23
55
28
29
47
20
40
50
27
50
42
37
56
40
53
52
36
55
44
35
65
31
41
42
25
48
44
35
53
37
51
50
36
59
46
30
55
33
43
56
33
54
45
30
56
33
48
55
36
58
49
44
69
49
62
64
51
70
75
57
75
61
67
73
58
78
73
64
85
72
86
97
71
94
84
77
95
81
76
78
58
68
61
56
72
61
60
58
38
52
61
48
64
45
50
60
44
59
51
42
55
37
47
56
38
57
49
41
57
44
45
53
41
56
44
47
60
42
52
51
34
50
49
33
57
42
57
56
57
68
62
55
61
50
68
74
52
67
66
61
71
66
73
69
57
69
63
65
79
59
72
73
57
72
72
71
86
64
81
81
78
89
82
80
97
72
95
97
75
96
82
81
93
79
87
83
72
88
76
81
93
70
90
87
75
103
83
82
98
73
87
84
79
90
75
72
83
61
90
84
73
92
81
86
103
82
93
95
81
99
81
92
98
78
98
91
77
108
86
88
106
82
98
101
87
111
97
98
111
86
114
104
88
112
92
93
116
89
103
101
81
112
101
111
124
107
128
127
103
129
117
105
120
100
118
122
107
126
114
111
124
100
123
119
106
127
114
109
135
114
126
123
107
129
121
122
130
112
123
125
107
133
122
114
136
119
129
140
117
135
125
116
133
119
131
138
117
137
133
131
160
129
148
150
130
146
144
140
153
130
143
148
131
161
140
139
157
137
151
157
136
155
149
149
155
141
158
154
142
159
143
146
169
139
157
161
144
161
155
156
169
147
165
160
150
181
154
153
164
144
160
167
148
173
167
165
177
166
180
177
163
184
167
168
185
164
180
177
162
178
176
176
188
166
184
183
171
198
184
182
190
175
187
194
177
192
183
183
190
179
188
180
172
192
185
186
200
181
196
196
184
198
188
181
195
178
190
187
179
197
183
185
196
181
201
212
190
205
194
199
206
192
205
197
184
200
190
193
209
185
201
199
183
199
194
197
211
190
204
203
198
213
198
206
215
189
205
210
191
208
201
204
212
198
211
201
188
211
199
209
213
186
209
207
191
209
203
203
211
196
218
213
209
226
204
203
210
189
207
213
195
213
198
205
217
203
217
213
193
222
203
217
223
202
221
217
200
221
206
204
223
202
223
217
208
225
205
213
225
197
228
218
209
231
206
214
227
205
220
211
198
214
206
222
228
200
228
226
213
239
217
220
232
203
219
217
210
222
212
215
222
200
225
221
210
230
209
214
236
209
231
227
208
230
213
229
226
203
225
220
209
235
209
210
219
201
225
215
212
226
211
217
228
201
226
210
198
216
205
206
226
205
227
213
208
225
207
221
226
200
223
216
197
227
204
210
215
198
215
217
206
223
206
207
216
194
217
208
198
221
205
208
226
193
216
213
200
220
203
211
214
195
211
207
195
223
198
201
209
186
201
207
189
203
189
192
200
187
213
208
197
216
202
206
221
198
219
207
193
211
197
203
207
189
205
203
192
220
198
206
213
192
212
213
197
212
197
206
218
195
218
206
194
218
202
206
224
194
221
215
203
220
205
206
210
190
211
203
193
220
196
197
203
181
204
211
198
220
201
209
217
196
219
209
194
211
193
198
206
185
201
200
187
206
197
198
209
187
207
200
195
213
191
194
205
185
199
207
190
207
191
193
206
194
205
193
182
195
187
195
206
178
197
196
183
202
193
190
193
176
192
192
187
200
188
197
206
183
201
208
191
208
190
191
198
194
208
199
192
207
190
195
211
181
203
203
191
203
198
197
200
185
202
200
196
214
197
200
212
186
207
202
191
205
192
201
202
195
209
199
185
201
184
192
208
178
199
194
182
207
198
197
203
184
208
204
200
210
192
197
196
174
195
185
181
205
187
192
205
191
203
204
190
204
186
202
206
183
199
200
188
207
191
186
198
181
204
194
189
199
184
192
197
179
206
195
184
199
188
181
193
180
191
181
168
190
166
191
196
178
198
198
182
208
198
198
197
171
187
177
177
188
172
183
192
173
196
186
170
194
178
186
192
178
202
192
186
197
185
193
199
186
190
185
176
205
184
185
188
170
190
189
187
198
185
189
194
176
203
191
168
186
170
184
190
179
194
196
192
204
186
195
205
180
198
185
167
203
180
188
189
172
189
189
185
195
182
184
193
175
197
180
172
190
174
187
193
175
188
180
172
190
176
182
188
170
192
178
170
192
174
187
181
161
177
175
169
181
159
174
171
157
197
174
168
183
170
178
186
164
182
179
173
186
167
179
174
162
188
171
167
193
177
180
185
165
179
179
174
188
164
181
183
169
197
177
172
181
165
177
187
163
186
173
171
190
173
184
180
166
186
175
169
184
167
179
178
154
183
172
170
198
172
181
187
179
199
183
172
189
161
178
190
160
188
177
173
189
170
174
172
164
187
179
174
197
170
181
187
163
188
180
170
184
164
177
172
169
191
171
167
185
161
183
195
170
188
177
175
185
177
178
181
157
188
175
167
192
167
181
182
164
186
175
166
185
162
173
177
164
190
180
167
187
164
178
185
162
182
169
166
186
171
174
182
156
189
174
175
186
160
183
182
164
189
184
171
188
167
175
180
169
185
172
165
178
147
173
176
156
181
165
162
183
168
173
177
161
181
170
178
182
156
175
174
151
173
161
154
178
155
172
172
154
179
167
164
178
156
179
180
164
176
164
159
184
162
170
164
156
175
164
172
176
155
171
173
155
182
170
161
177
151
164
161
152
168
152
161
164
145
170
165
148
175
159
162
176
164
166
164
157
170
155
165
165
146
161
166
144
178
149
153
163
143
158
160
145
166
149
153
166
141
168
156
146
168
147
158
173
150
171
157
144
166
147
158
166
141
160
154
148
169
142
151
160
137
155
163
142
160
152
155
171
141
172
156
144
170
144
151
174
148
161
159
146
167
153
161
163
139
163
154
144
174
147
148
163
136
157
166
144
164
148
155
168
143
176
165
148
172
153
155
174
139
165
161
145
168
152
152
174
139
160
160
146
183
158
163
183
149
169
168
143
167
146
156
170
143
161
150
145
157
148
148
172
139
163
162
142
171
160
152
166
141
159
168
149
175
154
154
172
139
159
169
140
172
152
164
173
157
175
166
148
170
150
151
173
135
163
157
152
163
161
150
167
152
171
171
158
183
153
160
169
147
163
168
150
170
154
161
169
159
165
162
143
169
153
164
175
153
171
164
152
171
170
158
174
140
167
160
157
179
156
161
166
150
162
163
152
173
155
156
172
155
167
164
151
175
158
168
177
157
176
172
162
174
167
157
169
143
169
159
165
172
158
165
171
154
169
163
145
169
151
157
169
151
164
154
145
160
138
158
162
142
164
158
151
168
155
160
166
140
159
158
158
170
153
153
164
131
157
150
131
156
142
154
162
147
164
157
153
168
145
164
154
136
157
152
139
163
139
145
150
130
144
144
146
155
141
146
155
132
159
154
133
155
138
151
156
144
156
150
132
154
137
145
154
132
149
146
136
161
136
148
155
134
146
142
133
147
133
138
151
130
155
142
131
152
136
144
152
136
148
142
127
147
134
147
149
126
147
142
140
164
135
138
153
128
142
148
142
155
141
151
153
136
162
145
138
149
135
135
151
133
148
145
134
150
128
143
143
119
139
136
125
150
130
130
141
127
142
145
133
155
134
147
152
133
151
135
126
133
129
133
156
129
151
141
133
152
137
149
145
127
142
144
133
162
132
142
147
127
143
147
133
150
135
144
148
138
154
147
136
151
132
136
157
127
145
141
129
147
130
137
140
123
139
139
128
157
137
145
153
136
153
151
129
141
125
129
141
125
143
139
125
143
121
130
146
119
143
141
134
147
142
144
151
133
145
137
132
156
130
139
146
129
141
144
127
140
131
139
146
133
146
137
124
140
119
119
130
111
123
118
113
124
122
123
130
108
131
127
111
133
113
118
123
110
125
131
116
131
120
126
134
123
139
131
121
133
128
134
145
125
140
138
129
152
141
138
147
124
140
130
133
146
129
142
146
128
148
148
126
146
134
140
139
130
139
132
130
143
131
141
144
122
139
138
127
147
135
139
136
117
127
121
121
129
121
124
135
118
135
140
123
134
117
126
126
127
139
135
130
145
126
133
138
119
138
136
131
146
134
142
140
125
134
130
130
139
126
132
137
116
136
125
110
126
115
125
130
127
137
135
126
144
128
138
137
114
136
127
121
146
133
137
139
121
137
134
135
151
130
142
150
130
160
140
139
150
136
141
146
134
146
137
131
148
127
143
139
122
140
135
129
151
129
136
144
124
138
129
123
137
120
128
137
125
151
134
132
151
129
136
148
125
139
134
130
145
126
146
141
123
141
136
125
151
133
139
144
120
139
132
127
138
119
132
138
124
146
135
128
146
125
126
137
125
139
130
124
141
121
136
132
107
124
118
108
133
112
113
117
104
126
120
110
126
113
119
127
104
129
119
103
121
102
112
126
98
125
116
107
125
113
124
127
105
123
116
108
133
108
118
122
107
125
122
107
125
112
123
127
111
134
121
112
130
114
114
128
111
123
112
112
122
116
120
125
109
126
120
117
143
119
128
142
127
141
140
127
128
116
124
125
110
137
124
121
130
117
117
127
113
128
125
118
133
124
128
136
119
134
127
117
139
118
135
130
119
135
134
121
126
112
129
131
121
136
124
118
128
113
119
119
101
122
122
116
131
126
136
135
121
135
128
131
143
123
131
135
120
139
140
132
144
126
139
139
133
145
128
128
139
118
131
135
117
138
130
128
140
129
135
136
125
139
124
126
139
119
132
135
119
139
131
122
132
106
123
122
115
129
124
126
143
121
143
144
123
142
132
128
139
125
130
131
115
131
121
121
137
117
129
139
125
148
138
133
145
119
131
137
126
138
131
131
146
120
133
133
110
134
125
126
140
130
136
138
120
138
132
130
140
118
129
130
112
137
129
123
134
118
129
139
131
144
134
131
144
121
138
135
117
135
126
120
140
129
134
140
120
132
127
125
135
124
139
145
128
152
141
129
149
130
138
146
131
145
136
132
147
128
149
145
129
152
143
143
161
134
142
150
134
149
143
148
152
135
148
148
131
161
144
147
159
138
146
148
133
148
133
135
150
132
153
150
135
149
139
136
155
132
149
149
136
150
140
140
142
128
142
145
130
154
137
135
149
130
143
147
128
145
133
132
146
131
150
136
122
135
122
124
142
129
142
141
129
148
142
142
143
130
144
142
126
148
126
125
135
115
128
137
125
141
131
131
141
120
139
138
127
144
129
133
154
128
140
140
127
144
138
134
143
123
141
140
127
151
131
136
150
129
144
148
125
