98
72
82
90
68
89
87
72
94
79
88
89
72
91
85
69
91
73
80
83
62
73
70
63
81
71
81
85
65
90
89
76
101
74
85
84
66
80
79
67
92
72
77
85
61
82
84
70
89
77
86
92
74
92
90
75
97
74
84
94
72
89
83
71
91
69
77
89
69
90
91
75
98
74
84
92
71
90
82
72
88
74
80
95
69
90
89
71
100
82
93
96
68
93
87
75
95
71
84
88
70
90
92
73
95
74
80
79
63
73
78
67
86
73
78
89
69
82
84
69
92
76
80
84
68
90
82
69
93
70
71
82
64
80
79
64
79
62
71
86
75
87
81
71
92
80
81
95
72
90
77
64
79
70
78
83
59
79
84
71
92
75
80
84
64
88
81
67
93
75
82
85
68
79
77
71
91
73
80
78
68
93
80
72
91
75
77
84
68
88
81
72
88
62
69
77
59
86
88
74
97
74
86
92
80
92
75
71
89
64
78
83
64
87
70
63
81
69
78
86
66
86
72
71
90
70
81
86
70
91
86
70
94
69
79
81
66
79
71
66
88
64
83
86
64
87
82
71
92
54
71
75
55
74
72
69
89
66
75
84
64
86
82
69
88
66
78
80
69
84
78
66
85
69
79
83
58
86
81
68
92
69
81
87
61
83
80
74
89
74
84
89
62
90
80
70
95
73
85
87
68
83
77
64
88
76
86
84
64
89
77
66
97
68
79
86
74
94
86
73
95
79
78
85
61
84
76
69
90
72
83
85
72
86
81
73
89
68
87
82
61
80
75
68
92
68
69
81
67
87
82
73
90
69
80
89
72
92
79
67
90
72
72
86
65
82
72
64
83
67
84
86
71
86
86
79
102
77
88
91
70
88
83
73
92
71
88
83
69
79
76
71
88
72
84
90
69
89
82
70
87
64
84
80
66
88
77
71
91
65
76
78
61
86
83
73
88
72
89
87
73
90
73
66
81
61
71
85
61
82
74
71
82
71
90
85
66
87
75
68
90
66
78
77
61
83
78
70
85
65
78
84
65
84
70
67
94
70
82
90
67
89
77
78
93
72
82
84
63
87
78
72
99
65
85
86
61
83
80
68
81
61
74
86
68
91
75
68
91
68
90
88
69
91
74
69
88
67
75
85
64
87
73
71
95
70
86
86
64
88
78
68
90
63
75
83
65
83
67
61
82
66
82
84
67
88
80
68
88
72
79
83
66
87
75
74
84
63
64
73
54
71
78
67
94
72
84
88
76
97
73
75
86
67
78
81
59
76
76
69
89
69
76
84
62
86
78
74
85
69
80
88
71
83
80
74
88
66
83
82
68
84
73
65
79
64
82
83
64
87
78
71
91
70
79
77
60
75
68
74
87
67
84
85
67
90
72
75
91
64
77
74
69
86
81
77
86
67
88
80
65
88
72
77
87
67
79
74
63
81
80
75
90
68
84
84
70
93
74
76
88
69
81
77
69
84
72
68
82
59
84
82
64
85
65
68
83
66
81
81
70
89
82
85
96
68
89
83
65
93
68
75
88
68
83
86
72
94
80
83
95
65
93
86
75
93
80
82
95
75
83
82
64
93
81
80
96
66
94
88
76
99
76
76
98
64
83
87
63
89
72
72
79
62
77
79
70
86
76
76
101
69
94
94
63
88
75
76
83
65
80
79
63
86
73
71
95
69
92
83
71
93
76
77
91
73
85
80
69
91
82
74
96
68
88
82
70
90
91
89
96
74
90
94
76
99
70
75
89
67
91
87
74
92
87
81
93
75
83
89
71
93
77
76
91
68
89
85
72
86
84
81
95
70
88
91
71
92
74
75
85
76
88
88
74
90
82
81
93
74
88
85
70
86
71
77
88
69
84
85
70
85
81
75
87
63
79
84
76
98
78
89
92
79
90
94
68
91
78
79
86
65
77
71
63
79
73
77
86
69
83
83
71
86
75
77
87
66
81
77
75
91
70
67
78
57
76
81
64
86
71
73
86
70
85
73
70
85
75
79
83
63
75
74
61
75
67
74
87
70
88
83
81
92
82
83
92
65
85
86
72
88
72
84
90
70
81
77
65
88
79
82
88
68
93
85
76
93
77
82
89
69
88
83
74
96
76
79
87
64
91
83
71
93
70
82
86
75
87
83
62
76
68
74
81
64
89
83
74
98
75
77
89
70
82
81
69
88
74
82
90
68
96
82
74
91
76
80
89
74
84
83
66
91
75
88
91
64
84
80
70
88
72
74
84
65
85
81
66
89
71
80
82
60
80
80
71
71
80
67
71
84
-449
-299
-453
-450
-452
-433
-441
-422
-418
-419
-414
-418
-413
-414
-417
-411
-415
-415
-414
-415
-415
-415
-416
-415
-415
-415
-415
-415
-415
-415
-416
-415
-415
-415
-415
-416
-416
-415
-417
-412
-416
-418
-415
-417
-414
-419
-417
-418
-423
-426
-434
-446
-455
-459
-459
-459
-459
-459
-459
-460
-460
-461
-465
-466
-465
-464
-463
-461
-460
-458
-455
-416
-367
-324
-285
-250
-210
-192
-163
-144
-131
-102
-73
-65
-56
-31
-23
-10
1
16
20
26
36
39
47
52
58
63
71
74
72
83
87
91
89
92
93
86
93
92
92
83
88
86
98
94
88
91
90
92
86
88
83
81
79
81
74
70
73
73
69
67
60
60
50
47
44
42
36
36
30
34
22
20
15
14
20
6
3
4
-4
-8
-9
-13
-21
-23
-30
-32
-36
-38
-40
-44
-39
-53
-58
-58
-68
-72
-73
-74
-81
-71
-70
-70
-73
-72
-72
-74
-65
-72
-76
-80
-76
-78
-74
-74
-84
-85
-85
-78
-76
-73
-79
-73
-69
-73
-77
-71
-73
-75
-67
-68
-68
-63
-64
-57
-58
-58
-59
-52
-45
-43
-34
-39
-34
-37
-26
-33
-25
-31
-28
-21
-16
-21
-23
-17
-16
-12
-9
-5
0
3
10
16
21
26
26
31
27
29
30
39
33
35
36
39
41
38
50
48
49
49
49
54
60
67
61
64
66
74
73
79
76
81
79
81
80
82
82
86
89
87
85
91
85
91
91
97
90
101
96
95
106
95
99
96
110
103
103
110
117
116
119
121
112
114
107
115
112
117
114
113
120
120
118
124
120
115
117
122
119
121
123
121
118
115
113
115
125
120
122
121
126
122
124
128
127
124
123
127
125
127
123
128
127
124
123
119
118
114
120
122
124
123
127
133
131
134
142
141
146
140
137
140
129
131
148
128
139
132
128
141
138
135
143
127
133
138
127
149
142
130
151
130
141
146
127
143
138
135
142
127
135
142
125
141
134
140
155
133
145
151
133
148
139
130
140
130
138
142
129
151
135
131
144
136
141
150
136
154
143
134
151
138
147
148
129
153
140
140
158
137
147
146
128
149
146
141
155
139
154
148
134
155
142
140
150
139
144
150
130
151
136
137
147
131
144
137
128
149
133
131
143
129
136
136
124
142
138
135
153
132
145
144
133
152
135
129
140
123
136
144
122
140
134
130
150
130
144
136
123
138
128
124
137
116
129
131
114
131
120
118
132
117
128
133
122
140
130
130
145
117
129
141
117
135
129
126
139
125
126
128
111
133
129
132
149
128
151
154
133
158
143
136
151
133
146
142
131
151
138
131
147
124
138
150
130
154
140
137
150
132
138
141
118
136
124
116
130
111
118
119
95
118
104
94
118
96
105
106
90
117
99
93
113
84
101
97
79
101
87
87
105
85
97
101
84
106
97
95
109
81
96
89
81
102
90
89
107
82
93
97
78
94
85
78
88
66
81
82
62
75
67
58
76
59
61
62
43
61
44
45
50
27
43
46
26
49
28
23
38
17
34
29
22
31
24
25
36
21
36
29
17
36
25
27
44
22
33
25
13
28
15
27
35
13
28
35
19
50
33
29
45
30
47
46
36
53
43
46
61
41
61
61
55
75
68
73
88
74
84
85
71
94
81
86
94
72
82
82
65
83
57
52
59
38
58
61
45
59
44
43
55
34
53
43
24
43
21
26
46
14
34
26
18
33
16
27
37
13
31
30
18
44
20
29
39
14
35
30
21
38
22
33
40
16
41
32
16
45
26
29
53
25
50
45
28
54
33
34
45
21
49
45
36
59
45
47
56
35
54
61
41
57
42
43
58
36
60
55
38
60
48
52
65
42
56
57
36
55
40
42
58
34
52
51
38
62
39
41
57
34
46
51
37
54
40
43
57
35
47
52
31
56
40
42
59
30
53
53
39
64
62
56
75
54
70
72
60
81
64
64
77
50
63
71
58
79
67
74
83
66
85
85
73
91
76
78
97
64
88
92
78
93
82
80
89
73
91
93
83
100
84
92
105
77
101
100
80
104
87
96
102
85
103
94
84
100
81
93
112
85
106
104
95
110
97
95
103
82
102
99
91
115
93
103
109
89
112
103
96
118
106
109
121
104
124
123
107
130
113
120
128
106
125
120
113
133
123
121
127
105
125
124
120
132
119
123
127
112
132
126
106
127
111
123
136
121
137
136
125
138
123
132
144
119
131
136
121
144
133
142
154
129
146
144
135
152
137
145
157
135
157
150
138
159
144
150
160
139
163
152
143
166
146
156
164
140
165
160
147
172
153
159
164
139
164
151
154
170
145
160
166
150
181
169
158
182
165
170
183
161
177
173
159
177
168
168
167
185
179
168
194
176
179
187
167
191
187
177
193
183
182
191
170
187
179
167
189
172
182
196
173
191
187
177
196
185
191
200
180
197
192
181
196
178
182
190
173
186
192
190
204
189
195
211
192
216
205
195
211
193
202
214
193
214
213
200
218
200
208
204
190
210
206
195
221
204
208
215
194
214
209
196
215
191
201
214
192
218
211
195
214
199
207
222
200
220
207
195
216
197
207
208
186
206
207
198
222
202
212
215
194
211
197
197
214
192
198
204
187
207
201
194
212
192
198
210
187
205
198
193
212
198
200
208
188
209
207
194
218
187
201
210
191
215
210
200
221
195
203
210
193
212
203
193
209
193
200
210
187
201
196
182
208
198
201
213
189
210
211
200
220
195
207
210
183
203
201
185
206
197
204
212
189
217
210
201
222
200
210
214
194
215
209
199
222
205
206
213
191
207
205
201
219
200
210
216
201
222
216
190
218
201
209
217
197
214
207
191
208
198
206
216
197
218
216
208
230
211
223
222
200
213
206
203
215
195
203
212
196
215
207
198
221
201
213
218
205
217
212
205
220
211
207
216
200
220
206
198
220
202
203
213
194
209
203
204
218
199
207
210
194
219
207
197
210
191
197
204
193
197
204
202
214
200
213
211
192
216
205
195
214
201
212
214
200
223
207
205
222
197
210
212
193
222
205
194
201
190
199
205
191
205
197
191
209
191
201
199
182
199
195
188
196
191
199
200
182
198
185
180
198
183
193
196
182
210
198
194
212
190
200
214
198
215
203
194
219
191
202
193
188
211
203
198
218
195
209
209
190
212
199
192
214
190
199
209
186
211
200
187
203
184
192
212
189
206
190
186
206
189
206
207
184
204
193
191
205
183
187
197
180
201
183
186
209
189
197
206
189
209
195
192
202
180
189
197
178
198
188
181
200
191
198
199
181
196
199
190
206
179
197
206
187
209
200
190
202
188
194
202
185
202
199
190
206
191
193
205
189
206
196
191
201
190
195
200
179
197
192
183
210
182
195
201
178
199
193
183
190
178
186
187
167
197
190
183
204
182
192
200
177
191
184
176
191
178
187
185
168
191
181
178
201
178
184
187
177
192
199
190
198
186
193
198
183
204
190
180
196
175
182
181
171
188
180
185
191
185
199
202
186
206
187
184
202
180
180
188
172
188
184
180
191
171
182
189
174
200
185
182
196
183
190
190
174
196
182
179
194
177
188
186
168
186
173
184
196
181
194
196
180
204
193
188
199
174
187
182
172
183
172
179
186
169
186
186
164
198
190
183
197
181
193
189
169
193
177
180
197
173
186
188
165
195
186
175
187
164
189
185
178
191
177
174
188
169
189
192
171
195
180
176
185
168
185
186
169
187
176
175
190
169
182
182
162
192
177
172
190
166
184
185
174
193
182
176
200
178
191
185
162
184
172
175
186
169
181
184
167
191
180
175
193
172
186
189
166
190
176
174
183
163
172
182
163
185
172
168
188
166
188
178
164
183
166
173
188
171
178
182
167
181
168
166
174
158
183
176
163
188
179
176
192
174
180
185
167
184
169
169
181
158
184
174
158
180
171
168
188
172
178
178
164
184
171
172
179
162
176
177
161
181
172
166
178
158
174
169
156
186
163
165
173
165
184
180
168
177
162
166
184
153
174
170
170
182
166
171
175
160
176
175
161
180
166
165
181
156
182
168
162
180
169
174
181
167
181
177
159
181
163
173
184
162
179
176
167
184
177
172
181
161
175
178
160
180
162
173
183
157
180
171
157
184
169
167
175
153
179
169
155
184
157
172
182
160
174
174
161
179
172
161
165
143
175
167
154
181
155
170
171
157
176
174
153
173
156
160
166
147
175
164
149
170
153
160
170
148
165
162
149
184
165
166
176
153
177
165
155
170
155
161
170
151
167
161
141
167
153
167
175
155
179
170
161
178
163
161
176
151
171
160
146
170
155
155
159
143
162
157
157
167
151
158
174
149
169
162
144
171
149
159
172
143
162
162
155
167
149
154
166
142
170
157
148
174
161
162
165
147
160
158
150
165
148
158
173
146
174
161
149
175
158
168
170
158
170
159
148
171
147
159
166
144
166
157
145
166
159
160
154
141
158
157
153
171
147
156
169
150
171
162
150
171
155
160
166
150
167
163
145
174
152
158
165
147
171
157
148
164
148
152
163
142
167
163
153
176
152
160
167
150
173
156
149
168
145
153
167
144
165
158
154
173
155
167
166
145
168
159
152
170
154
158
168
141
161
152
147
168
152
163
159
153
176
164
151
174
152
159
175
150
171
163
151
169
144
157
152
132
156
160
145
171
152
163
171
151
170
155
153
165
147
154
159
147
169
160
142
163
145
151
167
143
165
155
154
172
153
165
165
144
169
161
151
172
147
158
164
147
163
155
148
162
150
157
163
144
163
157
148
165
145
156
164
140
167
150
149
167
154
162
163
143
163
157
152
172
142
157
162
142
169
159
150
166
145
153
159
143
171
157
152
163
142
154
162
143
162
154
146
162
150
160
158
142
163
148
148
168
141
155
157
143
159
158
145
154
144
151
154
134
158
144
142
162
142
156
165
147
168
157
147
169
147
158
155
134
158
144
145
161
138
148
155
142
161
152
144
166
141
155
160
136
156
148
144
159
140
145
155
137
157
148
137
160
138
150
154
141
161
145
149
163
141
148
153
134
159
150
135
152
138
152
155
145
159
154
148
167
141
159
165
134
156
145
139
159
144
157
161
140
155
150
142
162
138
151
159
141
166
155
147
166
143
153
159
145
153
152
138
165
142
154
156
133
157
150
141
153
145
144
149
133
147
144
133
147
126
129
138
116
145
142
131
143
135
138
147
133
140
131
120
141
124
134
142
128
145
136
124
140
134
139
145
130
149
140
127
149
134
141
144
131
150
143
140
152
137
143
152
132
152
143
136
154
141
151
147
127
135
135
134
146
129
135
140
128
147
141
143
149
140
149
152
141
161
149
141
153
131
132
141
133
148
140
139
153
141
157
152
135
152
141
132
154
133
143
142
128
142
129
127
134
120
133
140
123
139
135
130
145
129
142
138
126
149
132
130
143
126
137
131
116
134
125
127
151
134
150
146
139
160
140
141
150
132
144
141
124
148
132
131
143
122
133
137
124
141
135
129
143
127
139
142
128
150
136
136
155
130
143
140
127
147
139
132
145
122
138
143
126
152
137
140
154
134
144
146
123
139
133
125
144
131
148
156
132
151
137
137
160
133
145
148
128
152
141
135
151
127
141
147
130
152
138
133
150
131
142
149
125
146
145
136
152
134
149
144
126
146
142
129
154
129
141
144
128
150
142
129
143
120
130
141
128
145
133
125
145
128
142
148
129
146
137
132
149
134
144
140
121
132
125
120
137
125
132
139
125
141
140
135
149
135
143
147
133
149
138
132
149
127
136
144
124
138
134
130
143
130
138
141
129
143
133
129
141
116
126
122
99
121
114
105
114
98
107
110
102
117
107
107
124
109
118
119
102
113
104
99
112
99
111
114
100
121
107
106
117
99
117
120
109
126
120
117
129
116
130
128
123
132
123
120
133
116
127
126
111
128
120
123
136
127
135
137
123
137
125
124
134
117
133
137
119
138
135
134
149
127
140
140
130
148
134
134
143
122
141
136
125
142
130
129
140
119
132
132
118
132
121
122
132
110
130
131
118
133
126
119
134
120
134
135
122
137
129
130
142
123
144
138
122
139
126
119
140
117
131
133
124
143
131
141
154
126
142
143
125
147
134
133
144
120
132
134
119
134
127
132
145
125
142
141
123
141
130
125
142
123
137
138
121
140
129
129
140
115
128
139
123
143
131
127
141
122
138
140
125
138
127
123
134
109
130
132
115
129
122
122
141
120
138
141
127
142
136
135
146
120
130
132
117
138
126
124
135
116
131
135
118
129
127
125
134
117
135
130
121
138
130
126
136
114
127
130
117
132
126
122
130
108
121
115
107
128
119
110
124
107
122
122
106
117
109
111
124
101
127
124
114
133
124
117
127
106
123
122
112
130
125
123
134
117
127
124
112
135
124
121
134
117
131
133
113
129
115
120
130
118
132
129
119
132
120
121
134
113
132
128
117
130
126
124
130
106
119
118
108
127
113
116
127
109
128
131
119
135
122
127
135
122
130
125
109
128
115
115
130
107
128
128
118
133
128
131
142
121
138
138
125
144
128
132
140
117
137
135
118
132
118
120
130
117
131
129
118
140
126
129
140
115
127
122
111
129
121
119
127
108
128
125
112
136
125
132
145
126
141
142
124
140
125
124
134
119
136
132
121
138
125
125
135
114
129
135
126
142
130
130
144
121
139
139
127
138
128
133
140
118
139
140
126
139
124
121
134
120
139
135
121
136
123
125
134
114
133
132
121
141
129
132
141
122
137
134
126
134
122
124
134
115
137
133
120
143
130
133
139
121
135
130
120
137
125
132
141
117
130
129
120
142
129
133
144
125
141
137
126
139
122
123
135
112
138
132
120
133
118
115
122
104
127
123
117
135
123
130
142
121
137
132
119
139
122
119
128
110
132
126
113
131
112
119
