82
80
64
88
79
81
91
71
80
83
67
99
81
76
91
70
82
90
65
87
75
67
82
66
80
82
68
90
81
78
103
71
89
92
72
89
81
76
84
64
80
83
69
92
73
70
83
62
73
87
66
85
79
73
87
74
84
81
62
82
73
73
92
71
79
80
63
75
77
71
82
64
75
76
61
85
69
67
76
58
67
84
65
88
76
76
84
75
85
81
65
91
72
71
90
66
79
77
60
76
73
73
83
66
78
81
70
90
69
68
79
65
81
90
63
85
70
70
79
73
79
75
60
79
65
67
83
60
71
68
52
69
67
65
75
56
62
69
61
76
65
70
83
62
78
85
62
79
68
68
81
65
75
73
54
78
63
71
79
60
78
82
63
84
75
71
80
60
72
76
69
86
68
71
79
59
78
84
63
80
69
72
88
76
86
85
63
84
70
76
86
61
74
74
54
76
70
64
80
64
82
81
75
98
74
74
84
60
73
74
52
73
62
60
70
61
68
71
52
74
66
74
83
60
77
78
62
86
71
72
86
63
76
82
70
88
68
67
82
62
80
83
66
85
71
71
87
70
78
77
59
73
65
73
76
61
73
79
61
89
77
79
88
69
80
81
67
83
65
72
86
67
89
86
66
92
73
80
89
75
85
85
69
88
70
87
94
69
87
83
67
98
76
80
84
65
80
82
72
90
76
77
81
62
81
77
63
77
72
68
86
66
78
82
69
87
73
82
89
64
82
77
59
83
63
61
70
53
73
82
67
87
69
75
82
66
91
79
68
87
73
78
92
68
82
79
61
80
68
80
84
66
83
81
67
95
69
75
86
64
82
87
67
77
65
73
75
59
75
73
64
87
73
76
93
68
83
84
70
90
72
75
80
62
73
75
59
89
64
65
77
56
76
85
67
87
69
76
86
71
89
84
65
90
70
77
90
67
82
81
66
83
71
73
85
63
76
81
71
102
70
77
82
63
68
81
62
81
71
79
85
73
87
82
67
90
72
77
90
64
77
76
60
77
70
68
79
58
76
74
62
77
63
61
65
53
66
82
59
71
65
72
79
65
82
76
63
81
64
74
85
59
78
78
61
76
68
68
74
57
71
67
61
73
57
65
82
66
78
85
66
89
67
76
74
71
79
72
56
70
59
71
79
59
74
76
61
82
74
78
81
58
76
76
63
83
67
75
84
60
76
74
64
87
68
82
82
77
85
72
69
89
65
81
83
61
80
68
61
79
65
65
69
54
71
75
74
91
69
80
88
71
99
79
69
88
67
74
81
68
80
77
61
77
52
80
84
61
82
78
69
91
72
79
88
64
81
81
73
86
69
74
79
59
80
69
58
79
64
69
77
56
77
72
61
81
58
71
71
45
66
66
56
80
68
75
81
49
80
77
71
89
66
75
81
59
86
79
61
78
65
72
81
65
83
73
68
84
59
67
81
65
82
81
59
95
72
82
87
61
81
76
66
87
71
80
85
66
88
76
64
84
65
78
84
62
76
67
63
82
70
74
81
70
85
84
68
99
66
73
74
54
69
73
67
86
67
72
83
62
86
78
65
84
59
69
84
66
81
73
69
82
67
76
79
62
82
80
69
94
69
82
85
71
82
84
71
92
70
75
81
60
82
68
59
72
57
74
83
63
85
75
70
94
72
82
83
55
76
65
58
74
63
74
75
63
76
77
67
84
67
79
84
68
94
79
75
86
65
80
87
64
86
79
68
87
75
82
75
64
90
81
73
100
69
86
88
72
87
83
63
81
63
73
73
67
93
71
68
88
62
80
96
64
90
84
74
92
75
83
84
65
89
81
71
93
67
77
85
60
77
75
68
89
69
84
82
74
91
76
74
98
66
83
93
69
88
78
70
92
78
83
81
62
83
78
76
97
62
74
86
66
91
87
75
95
78
92
94
88
104
95
78
96
63
79
91
68
90
76
75
94
85
92
91
69
89
81
77
92
79
84
86
69
90
79
65
85
71
77
84
68
86
81
75
95
66
88
88
65
90
77
72
92
77
77
80
62
74
68
80
94
67
84
88
70
97
88
72
93
75
81
83
71
84
70
67
86
59
82
81
72
93
83
76
90
73
84
87
67
88
75
81
87
67
74
73
63
79
70
65
76
59
70
78
66
79
64
67
81
60
82
68
56
69
64
57
74
56
69
73
62
81
73
81
87
71
81
80
63
86
74
69
82
58
75
80
64
81
69
72
80
61
78
74
74
71
78
68
66
167
-454
-451
-452
-451
-452
-428
-428
-420
-413
-419
-412
-416
-415
-415
-415
-414
-414
-414
-413
-414
-414
-414
-416
-415
-414
-415
-415
-415
-414
-414
-414
-414
-414
-414
-415
-415
-416
-415
-416
-416
-416
-417
-412
-418
-414
-420
-417
-421
-423
-428
-435
-450
-457
-458
-458
-459
-459
-460
-460
-460
-460
-463
-465
-467
-465
-463
-462
-460
-459
-457
-441
-390
-352
-309
-273
-239
-196
-176
-150
-137
-116
-96
-63
-52
-36
-15
-13
6
22
37
39
42
47
53
50
59
56
60
71
73
76
91
83
88
93
94
93
99
95
110
97
99
99
91
108
92
96
95
92
92
97
91
84
84
78
86
81
85
70
67
73
65
62
64
57
40
45
34
29
31
27
26
17
16
5
2
16
9
7
1
0
-7
-6
-19
-22
-28
-41
-33
-37
-33
-43
-47
-52
-50
-58
-56
-64
-74
-71
-76
-78
-82
-81
-76
-83
-86
-87
-83
-83
-85
-92
-89
-87
-92
-77
-85
-84
-85
-92
-85
-73
-77
-82
-81
-86
-85
-85
-73
-81
-82
-74
-68
-65
-56
-59
-55
-49
-52
-51
-49
-46
-44
-48
-39
-46
-35
-23
-28
-24
-25
-24
-27
-14
-15
-14
-7
-9
2
5
16
9
14
15
30
28
36
29
36
39
34
40
40
42
43
39
48
46
50
58
62
54
52
52
46
65
64
69
73
71
77
84
92
89
88
84
94
90
101
83
89
91
88
90
97
94
92
104
101
102
106
108
112
109
109
107
112
119
118
117
119
117
113
120
122
121
121
116
124
125
132
123
125
126
123
125
135
134
125
125
120
119
116
120
115
122
123
120
125
133
137
136
138
137
131
144
141
142
138
132
128
137
141
130
134
133
142
136
145
130
127
129
133
138
144
136
145
140
138
148
136
144
147
127
145
138
129
158
140
144
146
128
138
140
136
150
132
135
141
121
143
136
125
133
134
137
154
129
148
149
138
150
133
144
149
131
150
141
128
153
142
140
148
129
145
154
133
147
132
132
141
128
148
134
123
137
129
133
151
118
136
138
123
143
136
144
143
129
145
142
131
153
137
144
150
126
138
146
131
145
127
127
134
130
150
145
140
159
143
145
163
131
152
144
139
153
140
142
141
127
141
141
121
146
133
140
147
125
139
141
128
140
123
127
129
125
137
136
123
134
119
127
139
119
135
126
118
130
131
123
125
106
123
117
107
124
107
113
118
94
116
116
105
126
114
117
130
127
147
139
126
142
129
136
149
126
146
138
131
146
142
137
146
124
142
142
135
152
132
140
143
123
135
138
120
135
122
121
124
114
131
122
110
126
107
118
126
101
123
112
100
123
111
107
112
90
110
97
99
113
93
109
112
97
114
106
90
115
92
100
95
90
103
96
88
102
85
106
109
85
106
98
90
113
98
101
107
81
106
95
98
107
90
98
97
76
100
88
73
86
64
69
67
62
70
66
58
67
50
58
55
42
67
60
48
70
68
72
79
59
76
78
80
88
65
71
79
53
78
62
47
67
56
64
71
55
67
60
53
64
51
64
70
51
68
59
43
71
59
58
66
49
66
62
64
83
65
74
84
63
94
83
74
92
75
84
96
73
91
89
84
98
63
82
93
73
99
86
80
102
76
83
85
65
76
61
50
54
36
37
41
25
51
27
20
34
10
21
33
5
29
21
13
34
17
36
28
9
36
23
15
41
19
32
36
13
33
25
23
45
23
37
39
23
58
35
25
50
24
39
51
33
56
45
36
59
49
64
62
44
68
66
53
79
61
66
73
56
73
79
66
81
68
75
76
61
82
75
69
82
63
67
91
69
84
78
75
91
76
82
90
74
89
81
75
99
70
79
89
74
86
84
74
92
76
79
80
69
96
78
76
101
80
94
105
74
102
83
80
91
82
85
83
64
79
72
69
90
66
80
81
63
77
79
68
80
63
69
76
60
77
70
66
80
58
63
74
58
80
71
67
84
78
79
78
63
82
72
80
96
66
81
87
67
84
78
69
88
75
93
97
83
107
88
94
109
85
104
101
78
101
88
84
103
88
97
92
78
101
79
91
106
83
97
94
85
104
98
90
106
81
101
91
84
104
90
92
108
81
101
102
82
108
90
89
106
89
102
99
85
109
88
95
108
92
103
104
87
122
109
102
117
93
115
114
104
120
108
105
120
99
123
124
104
127
113
112
129
121
124
128
114
126
113
116
133
123
131
135
116
141
134
124
137
116
124
133
126
139
131
126
139
123
139
142
120
150
138
132
156
142
146
151
138
164
148
159
171
148
164
162
146
177
157
152
163
142
156
161
151
164
153
157
176
146
172
166
150
171
155
155
174
153
166
165
153
168
153
165
167
153
169
168
176
183
164
179
163
173
177
167
182
172
167
180
161
178
170
157
176
165
165
189
168
184
189
179
196
193
193
194
176
182
182
173
202
191
184
192
176
188
193
184
201
191
191
205
193
214
209
194
210
197
194
218
194
208
207
194
209
199
201
204
195
208
206
192
223
199
200
213
193
203
212
190
206
197
197
210
192
213
205
189
210
198
206
228
194
211
207
193
214
205
206
218
196
212
210
199
226
201
208
219
197
215
221
203
227
209
211
224
201
224
221
209
230
207
209
232
195
217
214
203
223
214
213
224
194
219
219
207
229
207
211
229
201
222
231
205
233
215
218
236
217
236
227
205
228
202
210
233
204
226
223
214
237
222
218
239
204
226
218
213
235
214
219
233
204
223
230
203
232
215
219
235
216
233
226
215
237
218
220
241
209
229
224
205
229
219
210
221
196
215
218
212
230
209
214
238
210
231
235
210
235
209
213
223
209
217
221
203
227
208
214
229
205
226
220
211
226
214
218
232
206
223
227
213
229
207
215
225
204
225
224
203
225
210
215
229
210
225
223
213
233
214
222
226
199
217
216
200
227
215
219
226
202
224
217
221
228
213
218
226
200
229
222
208
226
212
213
226
210
226
223
217
229
208
223
227
197
223
221
207
231
215
217
228
203
225
213
215
226
209
215
228
206
233
217
211
221
207
211
223
208
217
212
202
220
201
221
229
203
227
219
211
236
212
219
229
194
215
209
208
226
205
216
225
197
231
216
208
227
202
214
225
196
216
215
204
224
202
218
218
196
222
213
199
226
200
212
220
197
221
220
207
222
205
207
214
193
222
208
191
209
193
199
218
193
209
207
195
218
203
219
219
195
208
205
190
218
191
194
210
187
201
205
189
209
194
203
211
193
220
211
196
222
201
200
221
191
208
208
193
217
197
206
207
188
205
208
199
228
195
207
220
191
207
214
200
212
196
198
211
188
209
204
194
213
194
202
221
199
218
207
199
218
206
205
217
196
212
208
197
222
197
201
211
190
203
213
192
211
197
201
215
194
217
209
200
219
200
211
223
195
213
210
196
217
210
209
214
193
210
204
197
222
191
195
210
189
203
211
197
211
199
209
213
200
222
216
204
218
201
202
215
188
206
209
193
212
202
202
210
184
209
200
195
213
192
199
204
189
202
202
184
197
178
190
194
190
200
196
189
202
185
195
205
185
198
194
180
196
190
187
188
172
182
177
183
199
187
187
200
182
202
203
180
211
192
201
199
188
194
190
174
190
173
188
191
168
193
188
175
193
188
183
190
175
191
184
178
193
173
166
181
159
192
184
169
186
168
176
182
176
190
179
169
187
168
184
187
162
179
171
159
184
172
177
181
165
187
177
173
196
177
187
194
179
196
190
177
192
179
178
187
172
185
185
178
200
177
191
190
169
191
182
174
197
183
186
192
170
190
182
180
191
170
184
188
168
195
189
174
184
170
180
189
174
194
184
169
186
162
186
180
166
185
181
170
193
177
186
188
167
188
180
175
186
165
174
179
161
190
180
163
189
165
173
179
163
182
169
165
182
164
183
170
158
185
176
164
193
172
179
184
162
185
179
177
187
168
174
181
165
198
183
171
187
163
178
177
164
183
172
173
188
176
190
195
177
197
191
174
201
177
178
181
165
183
176
167
184
162
173
182
163
194
182
172
187
167
183
188
168
185
180
171
186
173
185
184
162
186
171
171
196
166
178
183
164
183
187
170
188
166
179
180
161
188
168
163
183
159
181
189
161
187
184
172
188
174
185
179
158
191
173
166
189
170
176
183
168
182
186
168
187
163
175
178
166
190
174
162
183
168
179
192
168
184
170
164
181
168
180
176
160
177
166
162
180
160
167
170
149
174
163
144
174
148
165
165
157
180
165
162
182
156
171
174
145
172
154
155
171
159
163
163
150
172
164
156
179
151
165
167
149
174
164
158
174
153
166
165
156
175
158
157
170
144
167
167
144
166
151
155
165
152
162
155
140
155
141
141
150
128
146
142
125
145
148
136
151
138
148
144
132
144
130
125
138
116
137
136
121
141
132
132
149
136
144
145
128
155
143
152
155
138
154
152
140
161
155
149
159
141
155
153
145
165
146
150
172
142
169
160
144
166
147
146
167
139
158
156
140
165
143
157
164
136
160
158
148
173
151
143
165
135
159
154
142
162
147
151
161
139
167
154
145
167
147
149
173
146
160
157
142
160
146
162
161
138
156
157
136
167
148
146
168
139
157
159
146
165
146
152
166
133
164
156
133
164
148
142
171
144
163
159
151
171
158
164
167
145
156
162
140
178
155
156
166
144
167
167
145
166
152
152
169
145
165
162
145
172
152
150
175
157
167
163
149
171
161
157
178
146
162
159
149
178
152
158
170
150
158
165
141
156
149
145
163
138
165
157
151
169
151
154
175
150
165
161
140
162
151
151
157
135
151
151
144
171
151
157
165
143
159
172
146
163
150
159
168
145
167
157
149
159
149
140
167
145
164
163
145
168
160
163
165
151
168
157
150
168
145
147
157
137
151
158
134
154
141
151
161
141
158
150
139
156
144
139
155
129
151
145
128
148
142
144
148
133
140
141
134
155
136
133
145
124
137
150
129
145
124
126
130
124
130
132
120
142
126
124
138
110
133
134
119
126
129
136
138
123
131
128
121
143
127
129
145
123
148
151
131
147
125
129
146
132
142
137
123
149
131
141
150
119
139
142
127
139
141
139
153
129
144
136
130
151
134
140
150
125
148
152
134
150
138
136
145
134
149
142
127
149
136
143
148
119
132
139
123
141
141
139
157
138
161
146
147
164
139
146
155
133
152
152
131
151
136
133
152
136
154
150
133
158
144
155
155
133
147
149
130
154
135
139
153
131
145
141
137
145
137
140
150
133
156
158
138
162
144
143
156
141
149
147
133
148
135
145
148
124
140
149
132
166
144
151
157
142
160
149
148
152
142
144
156
129
158
155
140
159
142
144
154
146
157
156
144
161
148
160
163
146
159
154
145
167
143
148
154
141
154
152
139
150
142
147
161
131
160
145
136
153
145
144
152
134
145
150
138
153
144
156
160
133
154
140
135
161
137
142
149
139
155
158
147
158
140
146
154
133
158
144
142
157
142
141
153
132
152
150
138
155
140
153
156
139
158
145
139
163
137
147
152
135
158
157
141
156
132
145
149
129
150
141
135
154
146
151
165
131
154
151
140
158
144
158
155
138
153
146
136
171
145
154
162
139
164
161
145
161
139
155
161
141
167
150
142
163
141
148
159
129
152
147
137
155
142
147
150
136
151
147
132
162
133
146
148
127
146
146
130
154
134
139
157
146
164
149
143
170
142
154
162
134
157
150
139
156
148
146
154
134
152
142
135
158
137
148
155
130
154
157
142
160
141
148
154
145
158
146
138
160
139
150
159
130
148
144
139
154
151
148
158
132
155
139
138
153
134
139
152
134
151
159
142
158
139
147
153
142
162
150
136
153
141
149
156
137
148
147
134
153
139
142
153
136
158
146
141
152
137
146
151
131
154
154
136
159
139
147
147
142
152
143
137
154
139
153
148
124
143
139
130
149
136
136
140
127
145
144
148
155
141
148
152
125
152
151
135
157
136
140
139
133
148
141
132
149
133
152
155
140
152
142
135
152
138
138
140
130
148
137
130
143
123
132
142
123
144
139
125
145
133
139
141
128
138
133
130
140
124
140
137
114
126
120
110
134
127
124
136
123
139
135
133
142
120
123
128
115
140
127
116
134
123
122
130
114
131
129
122
137
123
136
140
121
136
126
116
140
123
128
132
113
130
124
114
127
109
121
129
117
136
123
116
137
117
119
132
113
119
115
110
126
105
126
122
111
135
124
115
147
128
133
134
114
129
130
127
138
121
127
130
116
141
126
113
130
120
123
135
115
128
124
116
136
120
134
137
121
136
130
122
141
120
126
130
117
137
135
131
143
116
126
125
112
140
127
115
130
115
123
134
116
131
127
118
137
125
131
132
120
131
123
112
134
120
128
136
117
136
139
126
138
122
127
128
116
141
131
129
145
126
131
146
117
136
127
128
147
134
143
145
132
150
139
137
158
134
145
148
127
145
141
129
147
124
127
130
117
146
132
124
139
121
131
142
120
136
125
114
125
110
119
118
103
125
110
108
125
99
118
123
105
120
123
111
130
117
127
130
117
132
123
112
135
121
134
144
116
130
122
114
133
124
132
135
121
139
131
130
144
116
129
130
115
132
132
124
140
122
133
135
128
143
138
135
146
127
137
144
122
140
134
126
142
135
144
145
132
150
142
140
146
126
136
143
128
150
144
131
149
124
136
139
134
147
134
129
142
118
135
137
120
136
127
117
133
121
124
125
110
127
111
122
131
116
128
135
120
142
135
128
140
122
131
132
123
129
123
120
133
115
137
137
122
137
129
128
142
122
133
135
123
143
132
136
141
119
130
132
121
143
129
127
139
122
135
143
132
144
134
132
146
124
148
135
123
138
121
115
130
121
133
134
123
138
131
136
144
125
143
132
121
140
124
115
130
115
128
131
117
128
119
120
132
115
134
129
118
134
125
120
140
116
125
122
110
131
123
126
134
112
127
121
111
