92
68
80
82
71
97
92
83
104
82
97
92
90
104
89
83
96
68
91
93
71
93
81
76
94
82
88
90
74
97
79
91
103
76
89
94
75
97
85
83
100
73
85
84
81
94
84
83
101
71
94
98
71
96
81
81
97
79
85
83
64
83
72
80
88
72
86
90
76
101
91
86
99
78
93
90
82
94
86
80
96
69
96
92
78
94
78
71
89
76
88
90
69
90
80
83
92
73
85
85
65
91
75
74
88
68
84
81
69
82
69
71
85
68
90
87
71
88
77
74
94
76
86
93
76
94
85
92
95
73
85
81
67
95
79
81
96
74
89
94
84
95
82
81
95
76
99
88
78
97
80
77
100
70
86
87
69
87
82
88
93
69
86
84
67
96
78
78
93
72
83
85
67
80
66
67
82
62
79
84
69
93
82
82
104
73
90
87
71
88
78
79
93
70
83
83
69
95
79
76
88
67
88
91
75
94
80
73
88
68
88
85
70
87
74
73
92
61
76
77
62
84
78
77
88
66
81
78
59
83
66
64
77
56
69
82
60
79
65
62
78
71
89
86
72
88
72
70
92
61
74
80
64
81
75
74
84
62
77
70
58
81
70
73
86
62
74
88
66
83
71
69
85
68
81
78
63
80
69
67
89
55
71
77
63
81
79
72
81
59
77
78
69
90
73
78
88
65
87
91
74
89
73
71
80
65
80
76
61
78
74
76
93
69
89
80
67
84
77
72
88
66
84
76
68
84
68
74
87
60
78
79
63
83
72
74
83
70
80
76
61
75
65
73
85
56
69
68
56
77
72
70
86
65
85
86
82
98
75
83
91
66
86
87
68
87
66
70
82
66
82
81
68
89
70
82
94
68
91
87
73
94
86
83
92
70
90
83
72
90
71
77
90
67
92
90
72
93
79
80
92
71
82
79
64
80
65
74
85
61
75
79
64
95
83
82
94
69
100
81
76
89
77
73
86
57
82
80
65
90
71
72
83
63
75
80
70
86
74
87
93
72
92
84
65
92
75
71
84
65
82
80
73
83
70
71
86
63
87
78
65
89
75
73
86
65
77
77
67
89
75
88
91
69
90
80
67
93
75
73
81
62
76
78
72
87
68
74
86
63
88
79
67
88
73
77
89
67
82
81
68
91
71
84
86
68
88
83
72
95
75
77
84
63
79
84
70
82
60
65
71
55
83
70
61
81
71
77
96
68
96
77
68
87
72
75
77
59
76
71
60
82
66
76
83
61
86
86
73
94
71
80
83
65
87
78
67
83
70
73
87
60
77
69
62
86
72
77
82
65
85
76
66
94
64
69
81
53
72
75
65
82
64
66
77
57
86
80
66
88
70
72
96
54
75
69
60
72
66
67
80
52
73
65
53
78
55
64
79
55
75
76
62
80
63
70
83
61
81
74
58
76
61
69
87
56
73
66
56
75
73
72
80
59
77
74
64
87
59
64
77
55
73
82
63
86
73
73
83
61
78
73
60
76
55
70
84
63
80
79
58
79
78
66
76
56
73
70
63
80
61
63
72
57
76
77
59
83
68
70
78
65
82
73
63
78
68
81
88
67
80
67
54
72
66
67
73
47
72
74
73
87
74
76
88
76
92
83
68
88
64
70
75
65
77
75
65
80
66
78
85
67
81
72
59
80
71
74
76
58
74
69
74
76
58
63
74
59
85
75
60
79
69
78
80
73
85
80
73
84
60
73
80
56
75
67
63
78
73
85
84
68
88
82
83
99
69
75
80
60
85
75
66
85
69
86
76
66
75
65
62
76
59
81
80
67
85
72
68
85
66
74
77
60
74
71
70
86
62
71
76
61
94
76
71
85
66
76
79
60
74
60
53
74
50
71
77
63
89
72
67
91
68
77
79
58
75
69
66
81
58
70
78
57
85
71
64
80
62
70
84
56
75
68
61
86
64
84
73
58
77
67
62
93
62
71
80
55
76
72
70
83
61
65
68
51
83
68
59
78
56
64
89
59
84
81
77
89
72
88
87
67
90
73
58
84
58
63
77
62
80
79
75
91
70
77
83
62
87
78
63
85
68
82
91
67
89
81
64
81
70
82
87
65
90
87
73
98
71
81
84
70
87
86
70
87
70
71
78
63
81
75
71
87
69
91
97
69
93
84
74
91
81
82
86
65
91
77
77
92
70
81
80
68
87
90
72
93
71
82
90
75
96
75
76
85
68
79
91
69
87
77
67
88
75
83
86
70
85
75
81
92
73
85
84
69
89
82
71
91
74
85
86
81
83
83
95
80
90
72
-6
-446
-452
-454
-441
-448
-431
-420
-422
-415
-417
-414
-415
-416
-415
-414
-416
-414
-415
-415
-414
-414
-415
-415
-415
-415
-415
-415
-415
-415
-416
-415
-415
-415
-416
-416
-416
-416
-416
-416
-417
-414
-419
-414
-417
-415
-419
-416
-422
-421
-425
-430
-440
-452
-457
-457
-459
-459
-459
-460
-460
-461
-462
-464
-465
-466
-464
-463
-462
-460
-458
-457
-426
-379
-339
-298
-261
-224
-201
-181
-147
-130
-113
-86
-66
-51
-38
-17
-14
0
22
32
31
39
42
43
60
55
61
62
66
72
78
84
77
87
87
90
93
105
98
93
98
93
90
94
93
88
90
90
86
91
91
83
78
75
66
72
77
72
66
57
53
48
49
48
38
38
25
28
23
30
16
16
6
6
-5
-5
-10
-16
-17
-22
-26
-26
-37
-41
-46
-48
-63
-61
-57
-63
-68
-74
-73
-76
-70
-80
-85
-82
-87
-89
-87
-86
-98
-94
-101
-89
-100
-85
-101
-97
-96
-96
-97
-87
-93
-98
-90
-94
-99
-86
-82
-82
-89
-83
-83
-83
-71
-71
-75
-74
-75
-75
-67
-64
-60
-59
-55
-53
-56
-44
-53
-47
-50
-43
-46
-36
-35
-37
-24
-25
-25
-16
-13
-11
-13
-9
-4
-4
0
5
1
1
4
11
26
24
26
31
30
35
36
42
34
39
34
47
45
62
50
52
52
51
51
58
65
70
64
70
72
79
81
84
84
90
84
83
95
90
87
87
87
86
86
91
93
97
91
106
102
119
110
113
114
114
113
119
117
116
117
115
115
120
122
119
119
124
116
123
132
132
124
125
125
123
133
134
133
132
130
134
125
135
127
127
126
129
125
133
136
133
132
132
135
137
139
134
132
131
124
121
125
127
121
126
128
134
138
131
132
129
131
127
126
128
127
121
119
128
124
135
127
129
127
122
125
136
143
132
142
133
127
133
133
137
137
127
137
139
135
150
129
138
137
120
144
140
130
148
134
137
138
130
134
136
121
144
125
135
145
122
137
143
131
147
135
134
141
125
141
136
132
144
121
131
134
120
140
140
125
138
126
126
140
135
148
141
124
143
132
146
146
129
141
137
129
157
137
139
150
126
140
140
130
145
128
137
136
121
133
133
112
129
110
110
120
99
114
109
96
119
102
118
121
105
119
120
107
134
115
108
114
95
124
120
116
126
110
117
123
105
132
131
116
139
122
130
145
123
138
132
118
130
123
131
138
124
130
133
115
143
117
122
133
117
137
139
124
134
127
127
135
112
132
127
110
132
116
123
137
123
130
129
118
134
135
139
140
116
129
127
109
142
121
121
124
114
129
132
121
130
117
120
127
104
130
127
120
132
120
121
134
124
135
138
121
142
129
140
140
125
140
142
133
156
137
145
147
135
147
152
136
159
142
148
160
141
166
147
143
159
146
161
167
139
152
146
128
143
134
143
144
130
145
138
129
150
127
123
120
97
111
112
89
108
75
86
81
60
70
55
49
59
39
40
51
29
57
40
28
42
29
37
33
18
37
23
15
31
9
15
19
8
35
33
18
46
26
41
37
28
45
33
21
42
21
35
44
21
45
29
31
52
35
42
44
32
53
51
44
61
43
55
56
41
62
56
43
58
40
47
48
36
48
38
32
53
34
46
57
31
55
41
37
53
39
39
45
28
52
43
43
64
46
56
52
36
62
58
43
65
46
49
52
41
57
45
29
53
25
46
39
20
43
37
18
38
19
30
38
14
33
21
25
44
20
39
37
18
47
43
30
55
37
45
57
46
59
50
40
66
52
60
58
39
57
49
35
58
50
52
65
52
66
66
66
81
67
66
67
49
68
71
57
77
59
67
81
66
84
73
62
79
66
83
82
67
78
72
60
80
66
69
79
67
83
78
72
83
74
80
91
71
99
81
74
94
80
87
96
80
95
86
80
88
79
100
96
87
110
100
96
120
101
103
106
89
106
98
93
102
83
96
95
80
102
86
90
101
78
90
97
82
100
87
82
99
77
101
90
79
99
90
88
108
84
101
91
89
105
99
94
113
93
112
106
91
121
99
92
110
89
102
106
93
115
103
97
115
101
121
120
109
129
116
107
134
112
118
121
112
134
131
124
137
123
137
134
121
140
127
125
141
127
138
153
129
154
143
140
155
132
148
148
132
153
140
140
166
130
142
144
128
151
147
137
152
132
148
147
132
157
139
139
155
135
150
160
133
158
145
143
150
132
145
146
127
150
140
138
166
134
152
154
135
158
154
144
159
143
162
160
143
164
147
145
174
146
164
168
144
175
153
153
169
153
170
165
147
168
156
159
174
145
159
158
140
161
157
146
165
149
164
160
150
175
164
155
175
149
169
165
142
163
152
146
164
149
156
164
145
168
155
158
158
165
151
169
170
152
169
169
156
177
153
169
170
163
175
161
157
177
155
172
173
152
178
166
162
179
167
169
168
149
172
156
166
175
156
171
171
159
178
177
170
186
167
180
182
174
187
174
171
181
164
179
183
166
184
177
174
186
175
184
178
170
190
179
183
193
178
188
188
175
193
187
179
191
170
182
183
177
189
179
175
183
171
196
193
175
191
178
179
191
176
188
186
175
191
186
189
198
184
197
195
184
205
190
187
199
185
194
196
198
207
198
197
211
186
208
204
189
205
196
196
213
188
195
193
181
198
195
201
202
182
197
197
184
209
191
188
200
182
194
198
188
202
190
185
193
173
201
196
185
200
194
200
218
197
210
210
193
214
200
210
213
193
210
210
193
218
199
199
215
196
211
213
198
223
207
204
222
194
218
214
201
223
207
205
229
198
216
210
188
213
208
212
219
200
216
217
197
226
201
206
221
197
209
217
193
216
201
200
215
197
220
217
202
225
208
213
239
202
221
222
203
223
212
213
222
200
218
220
200
229
202
207
226
199
217
224
201
225
212
218
228
210
228
223
205
227
207
212
238
207
225
218
207
229
221
223
235
204
229
223
205
231
208
213
220
200
218
225
206
229
215
220
228
209
227
219
208
228
207
214
235
206
226
222
210
228
221
217
232
204
227
225
210
231
209
216
224
201
224
224
201
226
206
210
222
210
222
218
206
223
206
210
224
194
215
211
194
213
202
202
211
190
206
205
201
217
202
214
220
199
218
224
198
217
202
202
211
198
212
207
198
220
204
215
222
199
216
218
203
224
212
213
222
202
215
211
208
226
202
207
218
196
220
221
202
223
206
216
221
210
223
218
199
223
205
210
219
195
214
206
192
213
202
203
218
196
219
214
213
226
209
214
219
193
220
209
196
218
201
208
218
204
216
211
198
221
205
218
219
198
219
213
200
223
210
202
215
195
213
202
201
215
198
196
204
179
205
204
192
212
195
195
210
190
198
193
179
196
180
190
198
175
200
196
182
202
191
189
200
185
201
195
189
199
182
191
198
178
200
196
183
202
183
184
196
187
195
195
178
195
182
194
199
175
197
197
185
208
190
186
193
177
194
194
186
202
189
193
203
176
204
190
178
196
181
181
197
176
194
195
185
202
190
198
204
179
195
191
177
200
179
180
188
169
193
189
179
198
181
188
193
180
207
190
178
198
183
185
203
183
195
191
174
192
179
189
193
174
194
191
179
207
182
185
190
170
188
185
175
185
163
175
182
161
192
181
168
198
183
184
206
180
202
193
189
199
182
187
187
163
184
177
166
196
177
178
185
160
188
189
174
192
179
187
196
175
204
194
177
198
181
185
198
182
197
196
181
194
186
186
195
182
193
189
177
204
182
189
193
174
189
187
165
193
178
183
193
179
196
186
166
198
177
183
195
174
187
180
167
188
179
178
182
163
183
177
172
193
173
173
175
160
178
182
168
186
171
166
180
168
185
176
168
187
171
172
188
163
180
175
166
180
173
173
183
163
183
170
163
183
164
176
182
163
181
184
173
190
170
186
190
178
183
174
167
180
167
175
188
165
180
180
171
192
181
183
184
165
188
175
177
192
177
180
185
161
179
175
169
182
163
175
183
173
185
180
170
176
166
177
182
155
187
163
160
172
159
167
161
152
177
167
167
177
162
173
182
155
188
169
157
184
153
166
166
161
179
162
152
178
152
184
172
153
182
168
170
186
172
176
168
161
182
173
170
189
163
178
183
155
189
170
167
188
167
178
181
168
186
177
166
186
158
186
175
157
179
165
164
186
168
173
182
158
191
167
171
185
158
179
174
156
189
167
164
180
164
171
182
161
184
177
162
181
157
183
181
163
181
171
165
193
174
175
184
156
190
171
171
183
160
179
182
159
192
176
158
187
160
166
178
152
185
163
164
174
158
183
175
153
184
173
167
196
175
176
178
152
183
173
173
184
167
176
183
152
192
176
161
183
161
171
177
157
182
163
158
171
149
168
167
150
167
151
150
172
144
161
156
144
159
158
148
160
133
144
156
125
146
132
119
134
123
135
147
126
142
139
136
151
135
151
148
126
144
130
127
148
127
139
138
127
140
148
139
156
135
144
152
137
167
144
148
161
140
161
162
137
164
153
152
166
147
165
156
147
168
145
155
176
151
172
164
146
165
159
150
160
136
156
153
146
173
148
149
160
141
154
169
138
162
147
146
159
144
162
152
143
166
144
146
167
138
155
156
133
155
146
148
157
138
155
154
146
165
145
145
157
135
155
164
133
163
139
148
163
137
150
149
134
162
142
145
164
127
148
148
128
158
148
151
166
138
160
154
150
165
147
146
159
128
156
155
133
159
141
140
158
146
154
153
135
165
141
153
166
135
160
159
135
161
145
141
158
134
146
148
143
159
141
140
159
135
154
153
132
151
136
140
153
143
145
143
122
144
137
138
153
133
151
152
139
164
153
146
163
134
148
150
136
156
140
137
151
128
152
152
143
156
150
147
168
150
158
159
139
160
143
153
156
144
154
155
138
157
145
140
157
137
151
154
146
163
146
154
164
143
164
159
144
155
146
142
164
140
152
151
147
154
146
158
162
145
159
158
141
169
147
147
159
140
156
154
148
160
147
154
156
137
160
150
142
162
146
151
171
146
160
150
145
159
146
149
159
139
157
158
142
168
139
150
152
136
157
154
152
158
149
145
153
129
158
146
141
156
143
147
166
139
158
151
139
157
143
149
156
136
157
149
135
165
140
152
159
137
149
157
143
155
141
138
153
127
146
143
136
161
138
144
165
136
152
151
137
158
147
149
157
134
152
144
133
154
131
135
143
121
134
142
123
140
126
130
146
124
151
148
138
156
138
135
157
129
141
142
122
140
133
135
145
126
141
141
131
161
135
140
152
127
144
151
130
153
134
142
145
132
147
141
126
144
133
135
153
132
146
143
132
151
141
142
149
129
141
141
135
154
134
135
149
128
144
146
140
163
143
149
159
143
151
148
131
147
135
137
158
132
153
153
131
147
145
139
147
130
147
150
142
157
136
141
153
128
147
149
129
147
132
138
148
136
142
144
128
144
130
139
152
131
146
142
127
138
137
132
143
120
134
137
135
152
135
137
149
126
142
142
131
144
132
133
138
133
145
140
127
146
128
142
147
130
140
142
129
147
138
134
148
127
141
137
135
153
134
137
144
128
151
144
133
148
133
137
147
132
145
137
126
139
125
140
144
127
139
142
131
146
138
146
152
127
143
143
140
149
135
132
136
119
137
139
125
149
134
140
150
133
147
139
138
154
138
161
152
135
153
152
135
160
138
147
153
133
153
149
152
161
142
152
154
134
166
155
140
159
137
148
152
133
149
139
131
149
140
150
155
135
153
153
138
164
143
153
155
135
154
145
140
153
141
141
151
129
157
143
132
152
136
146
152
134
149
146
134
147
140
146
149
121
140
133
125
155
129
133
139
121
129
137
121
133
123
128
138
116
142
130
121
134
114
117
140
125
134
136
125
142
128
140
136
118
135
129
119
140
124
127
133
127
135
143
131
151
130
141
146
128
153
137
124
135
128
130
145
119
138
137
126
146
135
148
148
129
150
139
136
161
139
148
153
130
148
156
134
151
133
142
142
132
157
148
141
157
139
145
159
134
157
150
137
154
141
145
142
128
146
143
134
156
133
144
153
134
152
149
136
154
133
144
152
139
160
145
136
156
133
144
158
129
159
146
142
156
149
151
153
131
149
139
135
155
131
136
140
115
139
140
129
146
138
145
154
149
159
149
141
158
133
142
151
129
147
141
132
145
139
136
141
121
138
136
137
154
133
143
142
130
144
148
128
144
127
135
144
130
148
138
119
140
122
131
142
126
138
135
126
140
132
136
138
114
130
125
123
137
124
130
136
123
137
138
124
144
125
125
131
123
129
127
119
137
123
135
136
118
134
132
120
138
126
128
133
122
132
129
134
140
126
134
142
125
144
143
131
146
128
140
142
131
146
131
129
141
122
133
136
118
130
130
121
139
132
136
143
128
149
130
137
145
129
138
141
120
144
130
119
126
117
131
138
130
146
139
131
140
129
145
140
121
138
131
128
154
130
136
136
116
131
123
130
147
126
133
135
120
146
136
133
144
127
135
141
126
140
133
121
135
115
134
134
118
140
129
129
155
132
147
146
134
154
139
136
144
121
131
134
120
147
129
125
137
120
130
142
122
139
133
132
146
125
143
138
119
138
130
124
149
126
132
140
119
134
134
131
146
126
136
139
122
148
136
129
147
119
125
136
117
132
127
121
141
123
138
140
119
143
139
131
154
129
140
137
117
139
134
131
144
124
135
141
124
145
135
126
137
126
134
154
130
151
137
130
148
134
147
148
124
142
134
128
152
125
135
142
123
139
140
129
142
126
132
134
122
141
127
121
138
121
132
147
126
142
136
130
143
129
137
134
116
132
124
124
142
121
134
140
126
143
142
130
144
126
136
137
129
150
133
131
143
120
126
139
126
139
138
135
148
139
146
146
135
150
141
140
156
134
144
145
129
141
138
130
139
