64
82
90
72
89
75
70
79
73
85
78
68
88
74
76
91
69
83
81
65
83
84
76
89
70
83
77
66
80
65
67
84
73
86
95
79
100
85
92
102
82
92
88
73
90
76
82
95
71
86
82
70
92
88
85
93
75
90
85
81
94
80
84
92
74
92
91
69
88
71
71
84
72
87
88
75
94
80
87
96
74
98
89
73
96
84
81
88
69
91
89
83
96
78
83
98
71
100
90
76
100
79
89
98
80
93
92
80
99
81
94
101
71
94
89
73
101
83
86
94
77
91
89
85
99
79
86
99
69
98
88
76
98
77
82
91
75
89
88
76
96
72
90
95
74
91
88
71
91
83
87
101
78
99
93
83
93
77
74
90
69
98
87
73
93
80
82
97
68
86
86
70
91
75
84
89
69
85
82
68
90
75
80
92
69
88
89
78
92
80
84
91
71
99
84
75
90
74
74
89
63
75
79
67
88
74
81
89
69
88
88
76
99
74
72
79
59
72
79
69
84
67
71
81
67
92
85
67
89
73
80
97
70
86
80
67
85
72
82
87
69
88
82
64
91
68
77
86
68
85
88
73
89
75
76
81
60
73
68
58
74
68
72
90
63
75
77
67
91
85
85
91
67
85
80
71
96
66
79
87
67
84
89
71
88
73
71
79
61
85
83
72
90
70
78
91
60
82
82
66
82
75
73
80
62
79
75
65
88
65
70
81
63
72
79
59
72
64
71
83
66
89
80
70
88
76
78
94
67
83
74
58
77
74
73
82
59
80
76
73
94
77
78
86
64
81
86
68
90
71
72
76
62
77
74
62
77
69
75
91
62
76
75
59
75
66
64
74
55
72
65
65
78
54
52
65
53
72
81
65
85
69
79
82
71
77
75
64
78
60
67
79
55
72
64
52
71
70
70
76
57
73
73
64
84
65
73
77
56
80
75
60
76
64
69
71
61
69
66
58
77
62
73
79
58
76
75
63
78
69
67
73
54
72
68
70
86
67
77
79
61
84
76
61
77
64
70
76
63
77
72
61
80
64
79
84
62
81
71
63
80
68
70
84
62
82
78
78
86
71
82
81
60
86
75
66
84
64
73
82
63
73
66
60
79
62
77
78
54
75
69
66
89
69
73
83
63
85
78
79
89
66
71
76
49
79
72
61
81
67
78
86
65
81
72
62
79
65
81
77
57
74
74
58
86
58
63
74
57
76
73
68
85
66
76
82
56
86
74
66
84
64
69
83
56
70
62
50
73
63
78
82
61
83
81
73
100
71
78
83
58
73
71
64
82
69
71
78
55
80
74
67
88
64
75
88
66
81
76
63
82
68
76
82
59
79
71
61
88
63
64
78
63
82
81
67
86
70
79
85
61
86
67
59
76
59
69
92
65
81
74
69
80
76
84
86
64
86
76
72
92
67
74
80
62
79
79
67
84
65
73
76
60
77
71
65
80
61
59
74
54
75
69
61
72
69
73
76
56
72
65
58
78
58
64
70
56
76
72
60
71
55
67
72
62
79
70
64
82
66
73
87
67
80
70
63
72
64
75
76
63
82
72
71
95
66
81
78
59
79
77
66
79
64
77
74
64
81
61
55
71
55
67
78
57
77
70
66
73
68
73
75
57
76
63
63
73
47
58
58
40
77
78
64
83
67
84
85
75
93
70
66
83
59
74
72
58
78
68
63
74
67
73
77
56
76
64
67
84
58
70
79
53
79
75
61
75
55
63
69
56
72
55
52
75
56
71
74
51
75
58
54
75
56
56
64
46
68
52
62
76
63
69
77
54
84
68
63
82
58
67
78
68
90
76
72
86
73
89
80
62
82
78
68
86
54
64
78
60
78
74
76
86
68
83
83
61
84
75
66
89
67
80
87
74
83
70
63
75
61
76
74
48
74
65
57
86
68
74
76
74
86
73
77
85
67
77
76
47
76
68
67
85
64
75
79
63
79
70
72
83
65
82
83
65
86
75
77
91
65
75
75
65
86
79
65
85
73
78
85
66
94
71
72
86
60
71
78
62
75
64
62
71
59
85
80
65
91
69
80
101
69
82
80
65
83
76
71
82
60
76
73
55
81
59
66
82
64
64
84
62
81
70
69
84
57
75
72
59
73
61
62
83
58
66
70
51
77
73
68
80
55
76
75
65
74
61
61
73
59
66
85
63
84
71
74
89
63
84
81
68
92
71
71
93
61
77
81
61
84
74
71
76
61
75
78
63
79
68
66
85
66
86
89
66
97
73
80
88
74
87
86
66
87
74
68
61
84
73
58
155
-455
-462
-454
-443
-449
-428
-422
-421
-413
-418
-411
-414
-415
-414
-415
-415
-415
-415
-414
-414
-414
-414
-414
-415
-415
-414
-414
-414
-415
-415
-415
-415
-415
-415
-415
-414
-416
-415
-415
-416
-416
-417
-413
-417
-414
-419
-417
-419
-422
-426
-433
-448
-453
-457
-458
-459
-459
-460
-461
-461
-461
-463
-465
-467
-466
-463
-461
-459
-458
-456
-437
-388
-350
-314
-275
-237
-204
-178
-150
-133
-102
-82
-69
-54
-35
-20
-5
3
16
34
33
46
48
58
65
67
82
76
81
86
86
90
108
91
99
95
98
98
104
110
97
101
105
101
105
103
97
95
94
90
96
100
91
93
94
94
88
85
81
79
71
63
52
50
60
44
44
42
35
29
40
31
23
18
17
21
19
8
0
-7
-9
-14
-18
-10
-28
-30
-36
-34
-38
-39
-50
-51
-58
-59
-65
-69
-61
-71
-75
-79
-91
-97
-82
-88
-96
-95
-97
-85
-87
-85
-88
-85
-85
-86
-81
-79
-89
-89
-93
-85
-91
-83
-87
-83
-81
-75
-72
-72
-71
-70
-71
-72
-67
-73
-59
-59
-54
-58
-60
-50
-47
-49
-48
-44
-49
-49
-35
-27
-41
-35
-23
-28
-21
-7
-18
-18
-15
-17
-17
-5
-8
-4
-3
1
6
1
18
19
24
27
30
29
42
31
34
34
29
34
33
41
42
37
45
48
52
54
51
49
60
60
60
70
73
74
75
82
78
82
84
82
81
84
89
87
101
91
97
95
90
92
100
102
97
96
96
102
104
106
100
101
102
106
112
125
118
120
125
126
119
126
120
123
121
120
125
116
129
124
124
125
121
119
133
130
125
124
121
126
123
126
113
122
120
120
126
132
127
121
130
126
121
132
127
123
118
120
118
121
124
125
123
122
117
106
121
117
117
117
119
120
130
139
128
141
136
134
136
136
126
128
124
125
130
117
134
122
119
134
120
130
141
123
140
136
130
140
136
136
142
120
136
133
138
147
122
127
128
114
134
141
116
136
127
134
146
132
146
135
132
142
128
140
134
117
132
132
123
134
121
127
136
121
136
130
137
146
130
133
134
120
139
141
124
139
127
136
142
134
141
134
125
141
129
142
141
122
137
136
125
141
129
124
132
118
129
123
127
141
127
126
132
116
135
139
122
138
119
125
132
125
127
124
116
133
122
137
141
120
145
139
130
144
125
126
130
117
134
122
119
137
120
123
126
107
132
124
109
116
101
110
120
110
117
106
90
111
95
116
113
92
119
108
101
122
102
106
111
95
113
106
101
115
99
107
104
81
118
93
99
109
94
107
114
99
115
109
98
116
98
114
98
84
110
92
90
109
84
93
103
85
108
100
97
110
92
109
104
86
118
101
92
109
90
96
108
87
108
86
81
101
80
107
97
79
101
89
89
117
88
101
104
86
106
92
85
99
78
98
96
78
110
90
91
113
90
100
112
87
110
95
93
110
88
108
104
90
110
108
97
129
104
110
113
97
126
122
117
132
122
134
140
126
144
140
126
145
133
138
147
128
149
132
121
126
116
119
124
99
117
109
98
121
90
105
105
80
109
103
94
112
98
104
111
95
117
106
101
123
99
113
127
106
127
120
115
133
131
132
134
115
133
124
118
147
123
125
125
110
121
124
104
118
101
104
107
91
112
94
91
106
84
93
105
84
99
94
89
96
88
92
103
81
111
98
97
117
104
114
120
106
120
125
106
125
101
110
117
108
122
111
105
113
102
117
120
99
118
112
100
115
103
104
103
90
106
91
95
110
87
101
96
73
92
98
83
99
72
87
82
78
90
73
69
72
53
62
63
44
60
51
48
63
51
56
60
56
78
65
68
81
62
70
71
51
76
72
65
73
60
71
76
73
87
67
66
78
65
90
90
69
94
80
81
96
79
93
94
81
99
80
92
106
85
101
93
81
108
89
94
107
84
102
93
93
108
91
94
113
88
115
107
90
117
104
107
123
101
109
109
89
115
97
102
117
93
122
116
94
129
114
101
116
93
114
117
105
122
106
103
119
92
122
113
100
122
102
104
123
105
113
117
100
120
110
114
121
100
116
113
91
124
106
93
120
95
115
123
109
132
119
115
133
111
134
131
110
127
118
112
136
121
123
123
109
133
126
129
140
120
130
139
121
149
138
131
150
128
138
144
123
145
136
134
145
130
149
149
132
151
143
140
162
136
149
149
130
150
143
137
147
129
142
148
135
159
145
141
156
141
157
169
145
165
153
150
165
145
163
156
148
169
148
148
176
151
166
158
146
160
159
164
170
151
169
166
152
178
149
159
164
137
151
159
140
156
148
147
150
136
150
142
135
154
137
139
153
133
141
139
130
145
143
145
156
136
158
159
153
174
157
155
148
166
166
148
171
154
162
170
156
176
164
153
175
157
163
176
153
173
166
153
174
162
162
174
150
174
163
157
183
159
165
170
148
172
174
151
178
156
164
169
155
168
154
147
170
148
159
175
149
173
169
153
182
171
166
177
155
173
164
155
174
149
157
169
139
165
168
145
177
157
162
169
156
174
169
151
176
153
167
176
148
174
168
150
177
163
158
178
159
180
171
165
185
166
171
182
158
181
176
154
180
160
162
168
162
174
173
151
180
167
175
185
164
182
178
158
180
167
163
176
153
175
169
163
177
160
158
174
144
168
171
153
178
160
162
177
162
176
175
160
174
162
175
178
156
180
172
160
178
167
161
173
156
178
172
170
177
165
168
175
154
181
171
158
182
167
170
187
172
181
181
161
173
162
175
177
159
184
177
165
191
177
176
184
168
182
182
175
189
178
177
182
163
189
178
165
186
172
173
189
173
186
180
170
190
170
185
188
169
185
182
171
195
176
172
172
159
183
180
174
194
181
184
191
173
197
188
178
192
181
180
191
171
186
179
165
185
168
189
194
178
187
183
174
196
180
187
193
174
187
185
176
192
181
183
190
170
192
181
170
193
179
182
198
176
189
184
174
193
183
187
184
164
178
170
160
190
171
182
187
163
188
191
180
200
188
192
199
180
202
194
179
193
180
180
199
176
196
193
181
195
186
188
197
182
203
198
189
215
192
198
206
184
199
202
190
206
191
193
206
184
201
193
179
201
186
192
209
184
199
195
183
201
193
194
202
185
204
198
190
215
196
199
201
182
193
202
185
199
183
190
199
183
198
199
187
200
187
188
206
179
200
197
182
197
189
183
194
177
190
184
180
202
180
187
195
175
191
195
180
196
181
186
192
185
196
188
172
191
175
184
193
170
193
194
185
200
199
200
205
182
197
192
189
198
183
186
188
167
192
191
178
198
186
192
202
190
205
198
190
201
186
190
198
181
197
192
183
196
189
186
189
172
193
190
180
194
180
184
191
171
193
187
174
187
169
173
175
168
180
173
161
185
166
189
190
173
196
188
180
195
183
180
186
165
183
179
178
189
170
181
178
163
188
177
164
188
171
177
184
174
185
178
168
189
168
187
184
167
186
176
168
192
176
176
178
160
182
170
171
180
160
174
177
157
190
171
159
184
161
170
175
169
186
176
167
184
161
179
181
160
178
168
159
186
166
177
179
158
188
171
172
182
163
172
176
154
185
167
159
184
160
173
179
163
180
172
162
179
162
176
175
156
181
171
161
191
161
167
171
146
172
165
159
180
159
179
181
157
193
174
170
187
163
173
182
159
180
168
160
170
154
177
174
155
187
170
162
192
167
174
180
159
184
174
168
182
161
172
174
156
189
165
157
179
160
170
182
157
182
175
164
183
167
180
177
156
181
164
153
189
159
170
172
153
180
170
166
186
164
179
181
164
190
174
163
178
158
171
181
157
185
174
158
183
162
175
169
159
183
171
167
190
165
179
182
161
181
184
166
182
159
175
173
160
181
165
154
176
154
171
182
156
184
166
160
173
161
163
167
149
170
161
154
186
162
170
176
156
180
172
163
176
158
168
165
154
179
166
159
187
161
175
183
155
178
167
163
173
161
169
167
152
176
166
162
180
156
175
174
158
181
175
160
175
154
173
175
171
181
169
158
181
150
170
170
152
169
160
158
174
165
170
175
156
181
164
164
180
154
170
168
151
173
167
159
179
153
174
172
159
182
163
159
181
156
177
168
154
176
163
164
174
161
160
161
143
161
152
163
168
147
169
163
146
176
163
149
168
145
160
160
150
169
153
159
169
150
190
174
157
182
171
165
181
164
174
171
153
175
153
163
169
148
169
164
146
171
157
152
168
145
165
158
154
180
153
157
171
143
168
155
140
168
144
146
164
141
159
155
140
165
146
157
165
142
159
160
134
170
150
152
165
133
158
159
149
164
154
160
158
148
169
156
144
165
141
148
169
141
159
158
145
166
146
155
167
140
163
156
141
172
141
143
160
127
149
155
143
158
147
141
154
130
155
148
124
142
130
126
144
118
129
134
110
127
113
115
129
105
126
122
111
147
131
132
150
126
146
153
135
152
142
135
149
126
153
148
132
154
141
143
166
133
159
156
141
167
159
154
166
139
163
151
141
173
151
151
162
138
158
165
142
169
151
151
169
144
170
160
145
162
148
149
164
140
151
153
138
165
154
152
169
146
164
162
146
174
158
155
170
142
158
166
140
172
151
156
168
151
165
154
142
156
147
152
175
141
164
161
149
166
159
154
166
140
157
157
151
164
145
146
158
131
147
155
139
155
140
143
149
135
146
142
126
139
133
135
154
123
143
147
136
147
146
140
143
124
139
143
128
148
131
134
149
129
147
145
131
148
135
138
145
132
145
143
125
141
134
143
154
127
149
142
132
153
148
143
149
125
143
138
132
148
133
139
139
122
137
130
119
128
121
120
135
128
146
141
130
147
124
138
146
122
139
131
119
133
129
126
132
112
134
134
136
148
128
134
146
123
142
142
123
148
128
132
143
126
141
135
128
142
118
138
142
120
136
141
127
149
136
137
153
121
139
138
132
143
126
126
138
116
139
139
127
149
138
143
159
136
154
145
134
153
132
143
150
125
142
145
124
152
132
140
145
121
142
138
140
150
134
134
151
122
151
138
120
142
126
132
145
127
138
148
124
140
128
138
149
126
149
140
127
155
135
134
143
118
129
136
126
141
134
135
150
126
152
139
128
148
141
138
150
129
144
142
127
147
127
138
146
123
143
137
127
149
132
132
142
126
134
144
138
154
138
141
150
131
157
145
133
147
139
138
155
124
142
143
132
149
132
142
138
127
137
133
124
144
132
140
153
136
152
154
144
154
138
139
144
129
150
140
126
140
136
142
158
130
152
145
142
155
150
153
151
136
148
145
134
159
139
149
152
129
149
143
131
152
137
140
142
140
155
149
138
153
135
142
156
127
143
139
131
144
137
127
127
117
140
139
133
158
137
148
149
134
147
140
130
141
134
144
146
135
160
139
130
148
126
139
158
134
148
145
145
158
150
151
152
129
150
146
138
158
137
150
147
132
151
148
134
155
139
141
146
134
151
141
134
146
128
143
151
129
146
139
134
151
144
144
148
124
147
138
137
150
129
140
143
131
150
148
127
148
131
136
140
130
149
139
130
146
126
130
144
123
137
133
119
145
133
134
142
116
131
123
123
133
119
125
126
111
132
128
109
131
114
123
126
117
134
128
128
146
127
132
143
122
140
135
122
144
135
132
132
115
128
124
129
142
122
125
139
116
139
138
118
133
122
130
137
127
135
139
123
135
118
126
134
119
140
134
124
140
127
130
138
120
134
136
131
143
129
126
129
112
137
125
111
124
114
130
141
125
137
134
122
141
124
134
130
113
133
125
115
135
126
123
131
118
130
128
127
140
123
130
138
120
147
137
131
142
128
130
141
127
130
128
123
139
120
136
134
123
138
133
125
143
128
133
138
120
138
128
129
144
122
132
137
129
154
138
134
144
123
132
143
123
134
124
122
138
125
140
138
121
132
129
117
142
122
125
129
114
131
122
118
133
118
127
124
112
139
129
121
137
119
127
136
112
131
120
115
128
118
130
122
100
120
114
105
133
111
128
129
115
136
132
127
139
125
131
134
115
138
123
111
128
109
121
133
113
134
118
114
129
123
130
132
113
133
122
117
140
118
125
128
114
125
123
113
128
122
129
137
118
146
131
129
149
124
127
138
120
131
122
116
134
126
126
130
113
134
127
123
152
128
137
141
122
132
134
118
130
109
123
125
112
138
125
120
127
107
118
126
114
137
126
116
137
127
130
145
117
133
125
123
138
120
128
130
115
130
129
114
130
116
131
134
122
136
124
120
128
116
123
133
117
138
131
126
141
134
141
139
123
138
127
134
145
122
127
134
115
137
142
127
134
121
131
130
124
133
124
122
133
116
127
134
119
138
131
126
134
128
136
138
126
140
130
133
140
126
125
132
117
139
126
114
126
105
123
123
113
127
117
118
137
124
138
138
119
133
122
118
125
114
119
119
100
117
105
115
126
104
117
117
98
131
122
116
124
105
118
120
122
126
118
115
129
109
125
120
105
127
118
118
129
126
132
135
118
132
123
122
125
104
120
114
102
130
123
121
119
109
124
130
126
135
124
125
132
113
132
128
110
126
113
110
127
114
118
123
104
125
106
115
124
107
125
121
108
133
121
112
126
110
125
126
113
129
116
116
129
112
126
119
105
123
116
112
128
111
119
118
100
120
106
116
121
107
120
124
108
140
122
119
128
112
119
126
107
130
114
109
122
107
128
129
110
134
114
114
133
109
122
122
109
126
117
120
121
110
121
122
105
142
126
119
134
113
126
130
115
131
122
121
133
115
129
121
102
120
103
111
132
113
124
127
115
134
133
136
142
123
135
135
113
138
121
118
129
113
125
132
118
136
125
120
131
118
136
136
118
136
120
117
133
111
126
131
119
134
125
117
125
101
127
122
111
139
122
119
127
110
122
129
112
128
113
108
119
104
121
122
105
125
