101
93
86
106
82
98
94
77
98
86
84
113
87
98
95
84
102
92
98
106
86
100
99
77
109
90
83
104
77
90
98
77
106
95
85
108
86
106
104
83
107
90
83
112
80
95
97
72
100
93
86
102
77
91
96
73
109
89
86
108
81
95
105
73
97
87
78
99
78
97
93
75
95
85
73
108
76
92
96
71
100
89
81
100
72
83
88
71
102
82
75
98
74
84
97
60
84
85
70
92
75
86
90
71
95
87
72
106
73
85
93
74
92
93
72
92
73
79
90
77
101
84
75
97
72
84
100
67
90
84
74
93
78
88
95
75
94
84
67
95
74
80
86
72
90
90
77
102
77
91
96
79
99
82
74
94
75
81
94
67
88
84
75
94
81
82
89
71
89
82
73
93
69
80
85
65
87
90
74
89
70
77
81
72
91
80
75
94
78
89
97
68
88
81
73
87
74
75
81
64
83
75
73
93
74
91
92
77
94
92
77
94
75
85
82
79
90
83
76
97
71
88
87
68
85
76
71
90
81
86
88
75
93
84
87
100
70
89
90
73
94
89
79
96
71
88
90
81
97
80
77
95
74
91
89
70
92
79
78
94
81
95
94
78
102
86
92
100
76
92
91
74
99
86
81
100
75
91
93
86
102
85
80
98
75
100
91
69
98
79
71
97
76
90
89
74
93
85
86
102
74
92
90
71
110
84
81
101
74
89
86
75
86
77
76
96
75
100
91
75
101
88
81
107
81
98
90
75
93
82
82
106
68
84
92
76
108
87
83
96
77
97
95
87
99
86
88
99
77
105
97
79
99
85
79
106
78
98
99
75
100
88
90
107
78
95
95
74
102
81
75
91
69
82
103
71
94
85
82
98
75
104
87
79
96
86
78
104
71
88
92
71
96
86
83
96
74
93
88
75
102
92
82
99
77
92
106
78
100
71
77
95
80
98
88
78
97
79
79
103
72
86
95
78
97
87
85
96
78
88
83
72
98
83
82
101
75
91
98
70
94
73
73
91
83
87
87
69
88
80
74
102
66
87
87
74
91
86
81
92
72
86
83
75
99
78
78
95
69
84
92
86
94
81
77
90
78
84
87
63
85
74
73
94
59
76
76
60
81
86
81
91
81
96
94
85
103
82
88
93
67
89
93
71
89
77
68
92
80
88
90
71
95
81
95
103
72
94
88
67
91
89
78
95
76
94
90
75
96
74
83
95
74
91
95
76
97
80
79
89
77
93
86
69
90
78
81
95
70
74
92
76
102
92
87
99
71
91
90
79
100
76
84
95
72
90
93
71
98
75
77
93
77
95
91
75
89
79
87
99
75
90
93
75
110
88
86
100
72
96
84
82
93
84
88
100
73
94
91
71
94
80
81
87
76
94
93
76
97
83
97
102
70
87
83
67
96
77
79
86
74
90
92
88
89
76
75
90
66
95
92
70
95
77
77
90
75
87
91
72
93
76
86
97
66
88
76
66
97
73
80
90
72
87
86
66
82
61
63
79
59
89
81
72
94
84
82
99
74
89
90
70
90
67
79
89
62
77
74
60
85
77
72
84
64
81
85
74
91
67
74
86
63
85
80
65
84
66
70
90
61
76
84
63
82
70
77
84
69
83
82
64
91
70
65
83
52
79
87
63
84
71
75
87
75
94
79
68
84
73
71
93
65
80
77
68
84
73
78
85
68
82
81
62
91
78
77
93
69
87
90
74
87
72
69
82
65
86
81
62
86
74
75
91
60
71
79
66
85
73
76
83
60
75
77
60
88
71
80
92
71
91
94
78
88
72
64
81
68
86
77
64
85
68
78
96
66
84
81
72
90
84
84
87
69
87
81
69
88
70
83
87
68
82
93
74
93
82
81
90
74
85
84
71
90
72
85
89
63
76
73
61
80
79
83
92
71
97
88
89
97
70
79
86
62
77
82
67
81
72
74
79
69
89
76
71
95
73
81
97
68
89
84
67
89
84
85
90
71
98
79
82
96
68
79
92
74
94
95
78
100
80
89
93
78
93
84
71
88
72
81
92
73
91
88
76
103
86
93
99
68
94
85
83
98
72
81
91
68
90
86
71
95
72
84
86
72
87
79
74
90
75
86
97
68
95
91
69
92
78
80
85
67
85
86
75
94
76
74
89
65
91
81
65
86
68
82
86
74
82
84
75
92
84
91
96
64
90
77
64
86
83
77
87
67
81
82
78
80
79
84
56
90
93
-431
-353
-449
-452
-448
-431
-437
-418
-418
-416
-416
-417
-412
-415
-416
-415
-415
-415
-414
-415
-414
-415
-415
-415
-415
-415
-416
-416
-416
-414
-416
-415
-415
-416
-414
-415
-414
-415
-415
-415
-417
-413
-417
-413
-418
-415
-421
-419
-422
-427
-433
-447
-453
-458
-458
-459
-459
-459
-460
-460
-461
-462
-465
-467
-466
-464
-462
-460
-458
-458
-450
-405
-356
-315
-271
-234
-213
-183
-155
-129
-112
-83
-73
-50
-42
-28
-20
1
19
19
35
28
40
51
69
72
71
76
78
80
91
90
88
83
92
86
98
94
94
96
100
93
91
98
84
92
94
93
84
96
91
83
88
81
76
74
83
69
68
64
61
59
55
49
46
38
37
37
39
33
20
20
19
11
10
10
0
4
-4
-5
-11
-7
-18
-16
-26
-33
-38
-44
-38
-48
-48
-63
-58
-55
-57
-64
-65
-70
-76
-80
-71
-79
-83
-87
-83
-82
-85
-84
-91
-90
-84
-86
-86
-80
-93
-87
-88
-82
-93
-84
-82
-87
-83
-86
-86
-81
-70
-82
-83
-82
-88
-77
-70
-72
-67
-71
-62
-52
-46
-40
-42
-46
-41
-44
-42
-38
-40
-34
-31
-31
-37
-20
-26
-13
-13
-11
-8
-6
6
3
8
10
7
11
24
20
18
21
22
25
30
30
29
25
41
36
45
49
45
47
54
54
52
59
49
61
50
52
47
58
68
70
72
70
80
75
97
85
90
88
87
100
95
96
92
92
91
92
97
92
93
92
104
95
105
106
101
109
110
113
112
120
113
117
118
121
120
115
130
123
121
119
117
124
133
123
119
117
111
113
121
121
109
107
111
106
110
117
112
111
114
115
118
127
122
132
130
132
120
121
126
121
122
122
122
120
135
127
122
127
117
119
131
129
130
131
123
132
132
126
136
114
126
135
125
137
137
130
147
135
136
156
134
144
142
130
149
141
148
150
130
128
135
117
148
132
130
152
127
143
152
140
158
143
145
155
135
149
141
124
145
132
127
147
121
138
142
125
132
135
136
144
131
141
142
121
149
130
130
146
123
133
142
124
145
132
126
145
132
148
140
121
144
135
135
153
125
135
140
124
134
129
124
141
117
130
135
117
146
132
133
140
123
134
145
122
133
124
115
129
112
127
125
107
129
119
109
129
104
113
119
104
123
117
112
127
104
116
113
106
129
114
111
126
108
120
127
107
122
108
107
118
111
126
123
106
121
118
114
133
111
122
127
112
138
129
125
141
127
136
137
123
141
128
132
145
122
132
147
121
141
126
126
141
133
141
139
122
137
127
126
142
123
133
134
120
138
139
133
143
129
140
140
134
153
134
132
152
124
138
145
122
140
122
115
114
97
108
103
88
110
98
104
117
95
104
100
90
104
94
86
98
79
96
93
82
103
86
94
112
91
116
117
94
125
107
111
126
112
120
117
103
128
117
118
129
104
112
108
94
117
107
96
109
83
101
96
87
99
77
78
88
67
85
80
66
86
75
75
87
78
90
93
82
98
75
88
96
64
83
82
62
84
79
73
85
68
84
85
75
87
70
68
79
54
69
69
49
64
48
39
52
35
38
39
29
48
35
50
57
35
50
47
32
58
45
46
57
31
50
46
40
53
38
43
56
38
64
65
52
72
68
69
78
57
65
69
62
73
58
69
77
61
69
70
55
73
59
55
64
42
56
58
49
58
42
41
57
37
62
51
37
57
42
47
61
36
49
49
37
57
42
50
54
33
47
43
35
56
37
41
54
37
56
56
44
63
54
59
65
49
71
64
47
64
51
51
70
48
60
55
43
64
54
59
60
48
60
59
49
77
56
57
65
46
56
66
56
63
44
49
58
40
65
63
46
66
58
56
73
50
56
58
42
58
45
52
56
34
54
54
37
68
46
52
66
53
69
74
55
69
54
59
68
52
69
66
52
68
59
62
77
52
65
65
54
75
72
72
81
64
81
75
64
89
70
76
88
66
85
94
76
96
72
78
90
75
94
90
78
95
77
81
104
73
99
91
83
100
96
94
108
91
113
104
92
117
94
100
108
91
110
112
94
122
104
106
119
107
119
114
103
123
105
115
129
109
119
116
103
122
118
116
123
110
126
124
123
137
123
122
134
119
135
140
121
135
127
126
129
120
123
123
113
136
132
140
149
126
143
144
134
150
144
143
147
125
142
145
138
149
129
136
142
129
150
148
138
153
138
146
152
142
153
146
140
154
138
155
159
139
161
145
143
159
152
160
161
136
161
152
156
169
150
160
158
142
165
152
142
162
141
158
165
150
170
157
158
173
150
168
164
150
170
159
151
174
150
152
165
140
162
153
157
171
150
161
161
142
176
166
151
178
156
170
172
159
177
163
155
179
159
183
176
153
184
170
158
184
157
166
183
158
175
169
169
185
161
170
180
160
189
180
167
191
170
181
189
165
177
169
156
183
159
179
180
159
187
173
163
191
164
172
178
159
184
174
166
183
163
167
175
153
196
183
166
186
163
172
184
163
181
175
163
184
163
182
180
158
189
172
159
193
165
169
178
162
182
182
173
194
180
184
192
174
201
187
168
186
167
172
191
169
186
180
167
190
176
189
186
170
197
192
184
211
189
187
195
178
195
194
183
201
184
185
190
170
194
191
176
198
182
188
204
180
197
190
177
193
180
188
187
170
191
191
178
206
185
187
195
185
201
199
188
201
185
192
199
184
199
194
183
201
186
190
203
182
196
189
178
193
190
197
203
187
206
196
190
209
188
194
200
185
201
203
189
205
191
196
199
187
208
198
195
208
187
195
213
186
204
194
188
205
200
207
208
191
209
201
204
225
190
200
202
186
201
206
194
207
194
203
207
196
215
198
196
213
192
206
214
193
213
200
192
208
194
203
208
187
210
199
203
222
195
210
211
191
208
207
197
212
191
198
202
184
196
182
170
197
179
193
207
184
203
197
192
211
193
200
197
176
192
184
184
197
173
184
184
162
194
191
175
199
179
187
192
186
198
189
181
198
181
198
202
181
205
195
182
201
190
192
206
185
202
193
197
214
189
201
211
184
206
199
185
197
182
190
199
190
202
188
186
205
192
212
213
188
207
200
190
205
193
198
202
185
201
191
197
210
188
194
203
182
205
202
194
207
187
195
209
197
209
202
192
208
188
199
202
177
198
191
179
194
177
181
183
170
189
180
180
193
181
187
190
172
198
192
188
200
190
197
205
189
201
191
176
192
177
196
197
174
200
192
190
203
190
197
198
190
199
192
196
206
184
196
194
182
202
188
187
198
183
191
197
190
200
191
182
198
187
202
195
182
195
187
182
197
174
181
177
166
188
179
170
194
178
195
198
182
207
190
188
195
177
183
190
173
196
182
177
190
168
193
194
178
196
189
187
209
184
191
196
180
202
187
191
202
186
200
202
181
196
184
180
197
181
194
205
183
204
189
188
195
177
198
189
170
187
176
181
205
174
196
198
179
199
201
195
205
184
191
188
177
196
187
181
198
177
191
198
178
200
184
172
186
172
188
187
171
194
180
178
198
168
186
185
165
184
179
171
179
162
179
180
162
190
171
169
189
161
173
181
159
179
166
164
182
169
182
179
161
185
170
175
197
171
179
173
156
175
175
165
184
157
182
175
166
192
180
174
186
166
178
179
166
190
176
169
184
165
178
184
164
187
169
175
186
162
178
176
161
183
176
168
185
162
179
178
169
180
159
166
169
161
177
187
165
191
182
175
189
177
187
182
167
183
171
177
186
162
180
180
158
188
179
172
187
166
183
179
176
186
176
176
188
169
184
187
164
189
170
174
183
161
181
175
164
184
172
179
192
170
183
183
164
190
175
174
177
156
176
175
172
188
173
172
190
162
193
192
171
192
178
181
187
175
186
185
170
185
175
182
192
172
191
186
171
195
181
176
189
171
187
189
182
191
180
178
189
163
195
183
170
190
179
183
193
173
182
184
161
186
170
174
183
163
188
181
166
195
186
183
193
179
193
198
189
197
181
176
181
161
185
182
171
190
177
177
190
170
181
184
162
188
169
179
183
165
185
178
161
189
167
167
182
161
186
183
171
185
168
177
189
167
194
186
167
184
172
168
193
162
177
171
159
183
162
175
178
162
184
181
165
194
177
173
182
157
181
177
167
182
164
168
175
158
182
172
157
182
159
168
182
157
183
175
165
178
171
171
173
158
180
174
161
188
161
168
174
151
176
178
161
181
167
167
177
156
182
164
150
176
155
166
175
148
174
163
152
173
160
163
174
145
171
163
144
176
150
166
164
146
163
166
149
174
156
161
167
149
179
160
155
178
157
170
177
152
171
170
156
179
165
162
170
149
174
160
155
179
159
165
168
147
167
170
149
171
149
165
168
156
182
167
157
181
164
164
181
156
174
165
151
171
153
159
167
146
169
158
160
170
157
162
167
146
167
162
147
174
150
161
161
153
162
151
145
162
150
160
170
145
168
156
153
170
155
156
162
144
162
154
156
164
144
150
157
132
158
163
152
170
151
163
165
162
169
168
146
173
149
163
165
138
162
151
142
165
154
155
158
144
163
153
155
169
147
165
164
147
169
161
149
169
151
152
163
152
163
154
146
163
141
170
157
142
158
150
142
160
148
150
147
127
145
136
134
150
131
141
143
125
140
138
132
143
128
127
127
118
139
131
124
138
123
137
140
127
135
137
130
152
135
139
143
128
151
145
145
158
143
153
152
138
162
145
139
163
138
145
155
138
160
142
137
148
135
156
151
136
153
144
138
164
146
162
157
145
168
156
161
168
147
159
164
142
167
146
140
168
142
153
159
142
163
152
151
164
139
158
155
138
157
148
140
172
139
152
153
132
157
152
147
161
140
154
157
142
173
149
142
164
137
148
157
137
156
141
136
151
130
151
156
132
161
144
142
174
148
164
157
137
153
148
139
157
137
148
156
134
163
145
133
152
138
144
154
133
157
150
137
154
138
144
150
130
151
142
135
161
133
147
152
129
149
155
144
163
139
150
150
138
161
142
136
151
134
141
158
131
153
150
143
160
144
154
156
137
158
146
139
162
139
150
160
141
157
160
140
161
134
150
149
142
156
144
135
151
145
147
161
135
155
149
144
161
147
155
155
144
157
152
143
164
141
151
158
136
150
151
136
156
136
147
149
141
154
153
145
152
139
151
163
138
160
145
142
151
141
141
141
135
151
148
144
161
142
149
155
141
157
151
149
159
146
161
153
152
162
146
139
151
136
156
158
138
158
146
144
158
152
156
157
138
155
145
148
160
133
150
142
126
142
140
140
155
139
148
149
146
155
150
145
156
130
147
143
127
145
134
132
151
140
142
143
124
145
135
140
150
131
150
147
135
158
143
136
143
132
141
144
139
159
142
141
158
130
154
152
135
152
145
139
156
139
145
139
117
137
127
130
149
128
145
140
126
148
142
130
154
130
142
137
130
153
139
137
150
129
151
141
127
143
134
131
152
130
142
138
120
140
133
139
144
124
133
134
119
149
134
125
142
121
132
137
129
141
131
130
140
122
135
141
121
137
133
124
146
131
144
148
132
147
143
146
153
128
141
142
121
151
136
127
138
124
135
144
131
144
140
137
152
133
151
146
126
144
135
130
151
132
146
145
128
142
142
142
154
133
146
147
131
159
143
139
149
133
142
154
135
148
142
134
147
129
145
137
126
150
143
143
164
141
152
152
137
148
143
139
152
132
144
145
136
161
139
139
149
135
151
162
139
159
148
144
159
142
162
147
144
158
148
144
165
137
156
155
139
155
148
149
157
139
156
150
145
166
141
148
154
130
145
154
139
156
148
150
159
147
158
152
142
161
145
143
161
129
148
154
141
163
152
155
161
135
160
147
140
162
143
142
155
130
152
156
137
149
139
146
155
146
158
150
133
150
139
142
160
128
155
152
137
157
148
139
154
131
149
142
137
165
143
151
161
132
159
163
140
163
140
146
154
140
150
143
128
153
142
149
160
129
154
151
140
159
156
143
160
135
155
151
144
159
141
141
158
129
153
155
140
160
144
145
164
145
157
156
140
158
146
153
159
136
150
149
132
152
145
137
158
136
158
156
149
165
145
155
165
139
161
155
140
157
143
146
159
149
159
156
142
155
148
157
163
137
154
157
141
164
152
155
162
138
158
152
146
158
150
151
157
134
159
155
144
159
149
147
161
140
151
144
132
142
129
137
139
125
135
137
123
143
125
120
126
108
126
115
109
118
109
108
119
101
124
109
104
120
105
106
121
104
116
110
99
113
99
114
119
98
113
110
101
125
106
108
117
101
117
114
104
116
104
104
114
90
124
109
93
119
103
103
117
100
116
114
107
127
112
123
127
106
126
119
104
130
109
110
115
96
121
123
113
126
111
121
127
107
137
126
111
128
116
120
133
117
130
131
117
130
119
124
130
117
131
128
123
146
128
130
135
115
134
138
123
137
120
120
126
109
130
120
106
128
121
128
150
125
142
139
125
139
131
131
135
116
133
129
121
143
121
120
127
105
126
130
118
134
123
128
137
121
142
134
125
136
124
124
140
116
135
131
124
132
128
126
130
117
135
131
124
144
127
128
136
115
126
130
115
133
121
128
139
124
140
134
122
133
122
123
137
114
129
126
115
133
130
130
132
115
135
131
124
143
124
126
130
112
127
128
118
131
120
125
131
121
136
132
124
133
121
126
134
115
132
128
121
136
128
122
124
105
126
120
117
134
120
126
135
121
140
144
131
151
137
135
144
131
145
132
120
135
121
133
144
122
142
138
130
149
139
138
143
125
143
138
134
148
130
137
143
117
138
138
127
145
133
138
140
130
146
138
132
150
126
139
147
125
138
133
122
138
131
127
129
117
137
133
133
144
128
138
144
126
149
141
127
144
128
131
140
130
149
142
130
147
132
144
149
128
147
141
132
153
138
142
149
126
143
135
136
145
130
137
143
124
146
133
123
143
127
134
141
132
140
137
123
139
126
136
139
121
141
136
126
152
