89
74
81
88
64
80
75
67
86
73
79
82
64
88
68
70
86
64
71
79
58
70
79
61
73
55
57
65
71
87
76
74
85
69
82
97
69
86
77
67
83
72
78
78
65
79
66
72
80
69
76
81
59
74
83
70
86
69
80
74
74
82
69
70
76
60
68
81
56
73
65
71
81
69
78
78
63
75
69
76
78
59
66
71
55
74
71
71
81
63
78
73
73
84
70
66
75
61
76
81
67
85
64
68
79
69
74
76
64
81
66
73
78
60
77
79
66
89
73
75
87
68
82
78
77
88
77
74
88
66
91
82
65
88
63
66
87
69
74
75
62
86
70
84
92
65
90
87
75
98
79
85
89
69
77
76
70
91
79
79
97
61
93
89
73
97
75
78
101
75
90
87
68
91
71
79
87
63
79
81
70
96
74
76
89
71
87
92
69
90
73
73
82
59
85
86
68
84
68
69
97
70
89
90
73
100
79
86
95
73
82
85
63
92
75
75
94
70
86
88
79
90
80
79
89
74
95
95
81
104
84
81
102
70
84
85
69
86
87
86
93
69
81
84
67
102
70
79
92
75
83
88
73
89
72
80
96
75
99
96
85
101
82
83
102
81
91
90
71
88
84
85
94
75
88
88
75
104
78
86
94
75
86
93
75
84
78
83
95
79
97
87
82
95
84
87
98
76
91
91
76
88
86
82
89
71
84
77
73
93
76
78
86
76
93
103
80
102
85
89
97
73
90
83
70
88
72
77
92
68
89
88
76
90
86
87
96
70
89
81
80
95
78
77
87
69
83
90
69
82
66
76
81
75
89
82
75
86
75
81
96
62
81
83
68
84
76
79
84
62
80
74
68
96
75
86
94
75
93
94
74
88
66
76
83
77
89
86
72
92
73
80
88
66
84
81
74
92
83
85
89
71
89
83
76
94
72
79
86
64
90
87
65
85
70
72
86
73
84
80
69
89
71
84
89
64
79
80
68
84
77
80
92
70
85
78
75
89
71
75
83
58
81
81
65
89
73
72
82
68
80
74
66
87
69
80
85
63
74
77
66
86
75
75
89
66
80
77
74
81
66
71
82
62
82
80
61
76
64
62
69
58
71
71
62
80
68
87
93
72
86
84
69
90
72
70
78
59
70
72
66
75
68
75
83
59
82
78
65
86
68
74
84
68
79
79
66
83
68
83
80
63
77
74
64
93
70
71
82
64
77
79
75
87
70
71
74
57
81
75
64
84
68
74
88
76
91
85
76
91
78
90
90
69
86
78
69
94
76
81
88
72
87
86
75
89
70
83
91
70
96
81
76
92
78
85
96
67
84
77
70
87
73
88
87
70
83
75
68
94
74
78
83
65
84
81
66
82
68
78
87
70
95
84
77
95
75
81
91
61
82
81
70
90
80
90
88
70
93
82
76
98
73
80
84
64
85
87
71
87
72
79
86
73
95
82
73
96
72
89
108
75
100
87
80
97
81
90
94
73
93
75
67
96
67
82
88
68
90
94
84
105
83
90
95
79
96
78
69
98
74
82
92
68
89
85
78
95
84
94
101
75
97
86
81
100
71
86
88
70
91
92
77
91
73
81
86
76
95
85
78
97
75
91
99
71
89
79
69
86
75
75
86
67
88
82
74
97
75
92
94
73
96
92
77
95
78
86
90
79
95
85
77
101
74
90
95
67
92
83
78
96
82
86
90
69
92
82
80
95
77
83
89
70
91
83
75
93
75
80
82
79
96
79
71
87
68
85
88
71
90
85
74
94
84
86
94
71
98
76
81
90
69
80
83
66
93
86
77
95
74
87
93
74
92
82
74
90
74
91
93
67
88
79
71
96
76
84
87
71
94
86
87
98
72
88
87
69
97
80
73
94
68
79
82
67
87
82
76
92
77
99
94
77
102
83
75
99
73
81
84
66
88
78
77
89
67
84
90
71
98
79
72
91
72
82
91
77
92
80
74
90
72
91
90
71
87
78
71
98
72
90
90
70
93
89
85
95
75
84
83
63
89
79
77
95
75
84
93
75
92
87
81
94
72
91
90
71
91
82
74
103
72
84
89
69
90
86
82
93
71
79
81
68
97
76
77
94
74
88
99
70
92
79
75
90
74
90
88
73
89
74
69
93
70
81
81
64
77
82
74
84
70
88
86
72
102
79
80
94
75
84
89
68
80
69
71
83
70
83
80
64
88
80
72
96
68
85
84
66
89
81
74
84
66
80
77
66
96
76
76
89
75
90
96
73
77
79
95
81
96
109
-453
-349
-452
-452
-452
-431
-433
-417
-416
-418
-411
-416
-414
-414
-415
-414
-414
-415
-415
-415
-414
-414
-414
-414
-414
-414
-414
-415
-415
-415
-415
-416
-415
-415
-414
-414
-415
-415
-416
-416
-416
-417
-413
-417
-414
-418
-416
-421
-420
-424
-431
-440
-452
-457
-457
-458
-458
-460
-460
-461
-462
-462
-465
-466
-466
-464
-462
-460
-459
-457
-456
-417
-368
-327
-283
-256
-226
-200
-171
-140
-118
-93
-77
-60
-41
-31
-11
2
10
15
28
33
42
59
57
64
69
76
83
90
90
96
93
100
91
98
106
100
106
108
103
101
102
100
104
100
97
98
97
95
90
96
93
89
95
101
88
88
85
82
84
85
65
62
50
54
51
45
48
35
34
31
34
24
36
13
18
1
1
-2
0
2
-8
-20
-24
-41
-34
-30
-46
-49
-46
-53
-47
-45
-58
-59
-66
-72
-78
-75
-78
-85
-88
-86
-96
-99
-88
-104
-89
-96
-91
-89
-87
-80
-78
-78
-78
-76
-80
-75
-89
-82
-80
-80
-69
-64
-71
-73
-77
-76
-69
-60
-60
-57
-57
-51
-47
-48
-44
-44
-44
-42
-39
-41
-21
-35
-28
-39
-29
-25
-23
-16
-14
-13
-12
-18
-3
8
4
8
16
12
17
20
15
18
19
22
27
41
37
32
35
43
38
42
54
47
48
47
53
51
63
58
59
62
57
64
69
83
67
74
77
79
82
92
90
89
90
91
102
105
99
104
98
101
106
100
106
102
105
106
109
105
116
104
110
106
111
111
121
122
116
121
124
120
122
132
138
136
139
138
140
149
134
130
130
125
125
131
136
133
135
139
135
134
144
132
135
135
132
129
141
134
128
132
125
127
122
126
125
123
124
118
122
129
126
117
121
122
123
125
123
122
118
127
121
120
122
108
119
117
117
124
128
136
142
121
142
142
130
147
125
125
129
108
128
140
119
132
123
124
135
129
142
138
119
141
130
138
147
125
138
138
116
134
132
128
139
117
133
128
119
135
122
125
133
122
134
141
123
138
124
122
124
113
123
121
108
130
123
125
131
115
129
129
120
139
131
131
138
119
132
127
126
137
124
121
135
118
138
146
121
140
123
120
130
122
133
129
122
137
121
131
136
110
132
128
116
133
122
120
129
113
125
113
120
130
118
120
131
111
134
132
119
134
122
132
137
127
140
132
122
137
122
129
136
110
124
111
100
124
105
113
120
100
124
114
110
125
104
111
113
92
129
116
104
119
101
108
116
97
113
112
100
120
104
121
120
99
126
113
103
131
109
115
120
100
123
116
102
117
98
107
120
99
134
122
112
137
121
122
128
111
118
111
97
118
98
118
121
94
114
103
90
126
101
105
117
92
113
106
98
116
93
104
107
89
119
99
93
115
100
98
112
90
110
112
95
119
97
115
115
96
112
110
92
122
95
101
103
90
120
112
105
118
105
112
116
103
121
110
96
115
106
104
126
105
121
115
105
125
117
125
128
113
130
131
119
146
127
132
144
123
144
144
134
145
132
137
143
126
136
128
116
134
117
114
121
98
110
97
93
107
97
101
99
83
103
97
92
123
92
105
107
97
106
105
92
105
90
98
101
92
124
111
109
130
112
120
134
118
131
127
116
133
131
133
134
114
133
123
116
134
110
118
121
105
116
113
90
112
86
103
96
79
101
80
74
90
71
79
80
58
70
69
62
72
68
74
78
58
74
67
68
80
56
52
58
40
59
66
49
67
51
64
66
53
68
62
56
70
59
71
82
63
85
77
63
76
71
79
75
63
76
72
71
83
60
64
78
59
77
76
62
78
61
69
70
61
60
53
50
71
62
74
87
67
84
79
68
88
79
89
87
69
88
84
83
100
78
86
97
69
100
85
76
90
78
86
88
78
93
88
81
100
77
102
104
80
111
99
96
117
101
106
115
99
115
105
103
119
100
108
110
94
126
106
100
117
100
113
118
115
126
116
110
135
120
136
126
106
124
114
103
120
112
113
115
98
118
108
111
121
99
107
106
89
121
98
94
116
97
107
111
93
114
101
94
117
92
119
111
98
113
109
100
122
101
109
111
93
120
106
105
111
95
113
107
100
124
123
115
135
120
123
135
121
135
122
114
133
116
135
135
123
142
132
124
147
127
136
144
128
151
142
148
153
131
145
148
129
153
139
133
153
129
141
146
123
144
136
133
146
136
153
148
137
150
140
139
162
125
140
148
135
149
146
144
157
143
151
157
137
165
141
141
158
135
148
155
144
162
146
142
159
145
160
152
138
162
146
142
171
135
152
158
147
160
157
157
168
146
163
165
142
176
152
152
166
147
163
167
149
168
156
150
166
145
162
162
147
171
159
165
183
167
157
172
163
179
176
163
178
158
172
166
153
175
161
163
173
157
174
178
154
183
164
156
176
158
178
167
155
180
161
164
175
150
166
170
155
180
172
160
176
155
174
168
162
176
162
159
179
155
174
180
157
184
171
170
182
174
188
185
173
191
180
178
186
164
175
171
155
182
170
164
177
161
176
172
168
179
167
170
187
167
180
180
161
187
173
177
185
170
180
180
162
184
172
174
186
160
175
168
159
187
174
172
182
158
177
169
165
181
164
165
183
161
184
184
166
188
172
172
184
168
178
177
162
181
168
179
188
166
189
177
168
187
175
172
184
165
180
183
172
185
177
173
189
169
192
187
167
185
176
170
190
169
180
179
164
186
174
181
191
161
181
175
155
183
169
164
177
156
181
179
173
191
178
177
189
159
192
183
164
182
173
167
187
165
178
182
169
189
175
184
188
172
187
183
161
188
173
171
185
162
183
183
163
187
174
167
185
168
191
184
177
188
178
173
199
172
180
178
171
182
172
176
181
161
177
170
162
186
171
173
188
167
186
184
173
183
173
173
177
162
183
176
163
182
171
166
185
160
170
174
164
179
169
179
178
160
178
175
158
189
167
167
179
156
180
180
166
179
165
163
174
159
182
175
161
179
167
171
184
160
180
168
156
181
167
171
178
155
183
172
163
183
164
171
178
157
178
176
162
176
169
172
180
161
183
169
159
182
163
168
184
156
175
165
158
183
172
169
178
163
181
175
166
192
170
174
180
159
184
183
162
181
164
171
172
151
177
161
152
177
163
169
185
160
181
173
161
180
173
171
184
158
181
165
160
180
158
172
185
158
183
180
162
182
167
176
181
166
184
174
161
179
167
174
188
159
179
170
157
183
176
171
182
161
181
176
165
187
165
171
180
157
177
172
152
177
158
171
176
163
181
177
164
186
171
179
189
167
184
176
157
184
173
172
175
156
177
172
162
179
159
166
177
154
178
174
156
190
170
173
183
169
175
174
162
178
162
172
181
158
176
169
154
177
173
172
181
161
177
169
168
179
160
163
172
151
181
176
162
186
174
173
179
166
172
168
163
179
161
174
177
157
176
171
161
175
171
170
176
159
181
170
168
174
160
161
168
154
182
173
158
180
164
167
175
167
176
168
161
174
158
173
169
152
172
161
155
174
162
161
171
150
175
169
171
177
167
173
178
159
189
170
156
174
154
163
166
152
172
159
157
174
155
173
169
159
178
165
155
179
155
161
165
149
168
162
161
172
153
166
161
145
178
163
151
174
151
164
170
149
171
153
149
163
142
158
157
138
158
150
144
170
141
157
165
143
168
160
157
170
147
155
162
135
171
155
149
168
147
158
172
144
164
151
144
165
144
166
164
147
169
153
147
174
145
162
161
141
162
156
149
170
146
154
155
134
168
152
149
168
143
149
161
134
166
150
142
166
147
166
164
148
177
163
153
182
147
155
167
140
164
159
151
175
156
170
170
150
177
157
150
171
145
158
174
143
165
151
143
165
151
162
156
143
166
152
149
174
145
150
159
139
159
158
144
162
140
148
150
132
150
141
134
158
141
151
170
138
164
150
143
163
146
155
159
140
163
150
141
164
136
148
149
138
162
156
145
160
140
153
155
140
155
150
138
158
138
148
160
130
150
142
132
149
144
149
150
135
154
141
138
160
132
147
147
126
139
142
122
136
125
130
138
128
144
136
137
155
131
146
153
128
146
136
129
143
135
139
140
122
142
133
136
149
126
133
140
122
140
145
131
146
132
143
146
140
152
136
132
147
129
144
150
129
150
137
129
147
132
143
145
126
144
132
141
152
128
142
143
129
154
144
135
155
135
149
149
137
153
132
130
148
132
153
150
128
151
140
137
156
137
151
153
132
153
144
151
159
138
148
150
128
163
145
142
159
138
148
151
142
159
148
140
156
132
153
151
127
151
138
130
152
127
132
142
130
154
141
143
164
137
158
161
131
171
146
142
153
131
142
148
135
152
136
131
157
133
157
152
130
153
144
140
164
137
148
153
130
154
142
144
163
136
146
150
126
153
142
140
156
133
146
159
136
156
144
141
150
130
151
145
128
153
143
140
162
133
148
157
135
159
146
148
158
137
149
149
127
155
140
134
155
134
146
156
135
152
140
132
140
127
148
145
130
151
141
135
156
135
146
147
130
151
143
141
153
135
147
145
122
149
135
136
151
132
141
150
127
141
132
135
145
133
149
146
129
149
137
134
158
133
138
134
120
139
136
132
145
126
137
141
127
148
133
131
142
125
134
148
130
151
134
129
142
130
145
143
129
143
134
137
154
126
143
145
128
143
138
129
142
127
132
138
118
137
120
120
140
121
138
149
132
157
144
147
153
138
149
144
127
144
129
134
153
124
137
139
121
144
146
146
150
133
146
145
133
156
135
139
147
127
140
145
124
143
134
131
139
126
136
141
125
144
126
131
148
124
140
137
115
135
128
122
130
113
128
137
121
139
124
128
146
130
151
146
123
142
130
132
144
132
140
137
122
143
125
133
149
130
141
139
118
140
138
134
146
125
140
142
135
161
128
131
141
117
137
140
117
141
127
126
136
122
129
134
120
140
118
124
133
119
134
141
121
137
136
136
155
124
139
143
133
145
125
123
124
113
138
141
119
142
131
139
150
133
143
138
125
145
129
138
145
125
140
141
119
143
129
133
145
122
132
137
127
139
131
128
139
118
138
145
115
135
121
121
129
110
120
120
109
137
128
134
144
124
139
143
124
149
123
124
134
114
124
130
121
136
125
117
131
112
141
134
116
137
120
125
141
124
135
137
120
138
126
130
135
116
134
135
115
144
120
121
135
119
128
138
123
140
125
132
138
103
133
127
106
129
119
123
146
129
134
134
118
143
126
134
138
112
134
132
112
141
121
121
134
118
128
135
115
137
117
121
125
103
131
127
115
129
118
119
140
113
131
130
110
131
125
127
127
111
126
128
111
131
117
113
127
104
120
125
103
126
108
117
126
111
131
132
117
138
120
118
144
114
128
123
104
124
121
133
134
116
132
131
118
146
121
124
132
112
123
128
113
125
118
118
120
107
119
120
105
127
104
112
128
107
126
116
105
116
110
107
112
89
113
107
92
121
87
98
99
87
111
111
96
120
113
121
122
108
124
119
103
131
107
116
130
112
125
121
106
121
118
127
131
115
131
131
127
149
120
122
122
112
129
137
118
142
122
130
132
120
135
126
118
141
121
129
137
122
136
135
110
139
125
125
134
115
131
130
134
148
127
133
139
121
145
146
124
143
124
130
135
128
146
135
129
145
127
133
146
120
142
131
116
140
125
135
141
120
131
127
126
142
126
130
142
116
139
139
116
135
124
131
137
126
132
130
113
135
112
124
133
113
142
133
121
143
124
130
138
120
136
138
132
148
128
126
127
106
137
131
123
140
124
128
138
127
140
143
122
146
123
137
140
117
142
134
121
139
125
123
135
114
124
124
123
141
117
124
128
119
136
131
118
132
119
118
127
111
119
118
104
128
116
130
133
116
125
123
112
139
123
118
126
105
119
113
111
127
107
118
118
103
129
127
110
128
115
116
129
113
126
119
117
126
108
124
116
105
117
115
106
132
113
122
120
104
121
113
111
124
111
121
117
104
126
118
103
121
108
125
132
118
131
129
118
127
118
121
124
109
132
128
118
142
122
124
125
111
129
128
123
131
122
128
126
107
134
116
109
129
113
124
131
118
120
120
113
127
113
124
124
107
133
122
110
137
109
118
117
108
127
122
110
130
113
117
125
107
137
124
119
133
118
124
129
113
123
115
108
129
116
128
130
114
130
124
112
136
113
126
126
109
130
129
114
126
105
123
120
105
128
116
107
126
108
117
126
109
128
123
110
133
120
127
120
104
116
109
107
127
106
119
123
103
131
136
120
142
122
131
141
126
139
132
121
134
116
123
141
117
138
126
115
132
127
129
134
117
133
122
121
142
120
125
129
113
132
135
119
136
121
125
127
120
133
123
114
137
118
126
135
112
129
120
109
123
115
124
126
110
128
129
124
141
123
126
128
112
127
125
109
126
112
118
127
117
132
131
121
137
121
129
134
116
130
126
119
130
128
125
127
115
130
124
122
138
118
130
135
121
137
131
121
130
116
119
126
119
127
117
110
121
103
126
120
107
125
119
115
132
129
132
133
114
126
116
114
127
107
121
117
105
126
120
117
132
115
122
128
127
135
122
123
128
115
130
126
111
125
122
115
131
115
115
114
104
126
112
122
129
116
132
129
117
140
126
114
130
111
121
121
116
131
120
118
130
116
138
137
119
138
131
126
141
119
132
130
115
126
117
122
129
116
126
127
106
132
120
111
130
109
124
126
113
139
123
121
130
116
135
129
113
135
123
121
145
117
128
126
108
132
126
120
123
107
123
121
100
136
117
109
131
107
122
129
122
136
126
118
125
104
123
119
99
127
114
117
141
117
126
126
109
128
123
115
126
105
121
124
102
134
115
107
125
109
120
129
113
126
115
111
132
115
131
132
109
127
113
114
134
111
115
116
95
118
118
108
124
104
122
127
113
134
123
123
132
117
118
130
105
124
116
108
125
114
126
124
