87
86
70
89
79
75
96
78
85
87
70
87
79
81
90
74
85
84
66
97
73
75
93
73
77
86
72
85
75
72
88
68
87
85
66
92
80
75
99
72
77
81
58
79
71
76
87
70
87
87
68
97
76
73
91
75
85
90
75
92
78
72
87
66
86
90
72
90
80
71
100
72
86
90
70
93
83
82
95
76
86
88
68
96
70
65
88
70
81
95
77
98
81
78
96
72
94
92
69
88
74
66
96
67
81
86
65
84
82
77
90
69
80
85
70
101
81
72
92
71
81
91
68
90
84
69
88
70
81
84
65
85
75
66
97
73
84
88
66
79
73
66
82
64
77
85
65
94
80
71
88
77
82
97
68
86
81
72
90
80
82
87
65
90
81
74
97
68
81
80
58
71
77
71
84
66
77
79
63
86
74
68
77
65
74
89
63
81
75
71
80
70
74
79
64
86
71
69
87
68
78
82
65
84
82
74
89
70
85
86
75
92
74
64
77
57
70
89
65
84
72
67
87
74
84
82
68
84
72
70
91
67
81
79
61
78
73
68
85
67
77
75
72
90
76
76
90
61
72
82
59
74
67
63
70
58
58
57
43
67
61
64
82
58
78
80
61
81
74
65
77
53
64
67
59
75
63
57
71
48
65
76
56
74
65
65
80
69
74
76
52
73
62
66
79
58
71
76
55
75
66
60
77
59
71
77
64
88
72
69
86
63
79
76
55
74
61
59
79
71
76
79
60
84
73
80
89
64
77
75
59
85
78
68
88
66
77
76
70
85
73
68
82
60
75
78
60
81
69
67
90
68
75
79
61
80
66
73
81
56
72
79
61
83
72
66
82
59
69
71
63
72
65
67
77
56
78
81
62
82
74
74
95
72
80
77
56
72
61
66
84
61
75
78
61
86
74
69
80
58
71
77
63
78
72
70
85
61
76
75
63
82
72
71
87
71
80
84
65
86
73
78
86
62
78
78
63
88
66
66
83
64
82
90
74
93
81
80
96
72
99
85
68
88
73
71
93
68
83
86
70
83
73
80
91
69
84
83
68
100
75
81
94
70
80
87
69
84
68
70
85
57
78
72
60
79
69
70
91
66
84
81
63
82
68
70
81
57
77
79
66
97
70
75
86
63
79
90
70
86
71
71
85
66
89
80
64
84
72
78
96
61
81
79
61
81
73
69
86
67
81
78
68
93
74
75
90
63
73
87
68
86
69
72
85
68
87
77
60
79
69
70
86
59
74
76
62
85
79
79
92
72
92
85
73
96
70
75
85
59
72
91
71
85
73
77
89
76
89
86
72
85
72
75
93
64
80
83
69
89
73
70
79
59
75
73
63
87
69
76
92
62
76
85
65
83
67
66
69
65
72
70
52
68
61
69
91
60
80
81
68
87
79
76
79
56
71
71
65
83
69
74
79
55
72
70
61
81
68
69
85
70
82
78
61
76
70
80
84
63
73
66
60
78
67
61
75
55
74
80
68
79
60
62
74
54
75
69
53
73
61
59
74
67
80
76
65
82
55
80
88
63
75
76
63
87
69
74
87
60
77
75
71
85
68
77
87
63
80
81
64
88
74
76
86
69
88
86
70
88
70
83
86
62
76
83
66
93
71
73
78
41
73
72
65
83
69
72
83
64
91
83
67
89
71
77
89
66
88
80
58
76
62
67
81
63
77
75
58
90
68
77
84
62
80
79
66
86
71
73
86
57
82
74
59
78
68
74
83
65
81
79
68
85
72
76
86
62
80
74
65
88
69
62
70
61
76
85
75
91
70
72
92
65
94
80
67
81
66
67
80
58
76
72
62
81
61
70
81
61
72
73
63
86
69
75
84
63
71
82
66
85
59
67
78
62
83
74
65
76
67
73
84
64
83
75
66
82
66
74
75
54
72
68
59
89
71
76
83
56
77
78
68
83
62
66
71
62
78
73
63
70
63
69
91
60
81
76
70
89
71
80
78
65
89
79
65
96
65
78
82
64
85
84
70
87
71
80
75
70
89
73
62
83
59
70
81
55
73
67
69
78
77
83
86
69
92
81
70
95
65
76
85
56
74
75
65
85
70
74
83
65
89
74
68
91
66
83
89
67
84
69
68
90
77
76
83
58
82
82
76
92
74
86
87
69
89
86
68
92
66
70
80
67
86
72
62
75
62
80
92
71
92
91
78
105
85
90
96
67
88
79
80
95
78
88
91
67
89
86
62
88
76
81
84
81
94
85
75
92
76
86
92
63
84
80
70
94
80
76
56
80
77
74
184
-458
-457
-453
-448
-450
-429
-427
-421
-414
-418
-412
-415
-416
-414
-414
-414
-413
-414
-414
-414
-415
-414
-415
-414
-415
-415
-415
-414
-415
-414
-414
-415
-415
-416
-415
-415
-415
-415
-415
-415
-416
-416
-417
-413
-418
-415
-419
-419
-421
-426
-432
-445
-453
-457
-457
-458
-458
-459
-460
-460
-461
-463
-466
-468
-467
-465
-463
-461
-459
-458
-455
-414
-363
-319
-283
-244
-215
-186
-162
-142
-127
-91
-87
-62
-40
-30
-20
-4
10
18
26
34
34
45
57
57
63
72
72
81
96
83
84
82
83
86
93
94
98
89
99
93
87
106
87
92
89
87
80
84
79
75
69
65
66
65
67
69
60
57
53
50
55
50
39
39
26
26
27
20
18
14
12
7
3
4
-8
-13
-16
-18
-28
-17
-32
-29
-37
-44
-42
-41
-49
-56
-59
-68
-66
-75
-67
-76
-80
-80
-87
-87
-83
-91
-89
-93
-94
-95
-88
-95
-97
-98
-94
-97
-99
-86
-96
-90
-89
-93
-92
-82
-89
-89
-85
-92
-89
-90
-85
-85
-88
-82
-80
-83
-73
-73
-73
-62
-62
-57
-48
-55
-52
-55
-46
-41
-38
-29
-33
-28
-28
-24
-27
-8
-17
-15
-15
-10
-5
2
9
10
7
7
16
11
24
19
21
24
21
26
30
42
40
48
45
49
50
54
50
51
53
53
44
60
52
55
59
60
61
79
75
83
81
79
90
88
93
83
89
93
93
98
101
100
97
100
93
102
103
103
105
106
110
112
108
120
117
110
109
114
109
125
113
118
109
106
109
110
115
114
117
118
123
122
136
135
131
136
128
123
127
119
119
120
120
122
122
126
123
118
122
125
123
134
128
127
121
121
122
134
132
128
126
123
128
121
130
130
128
129
127
125
130
129
131
132
126
125
131
131
137
131
124
131
128
129
141
135
137
147
129
156
145
136
152
134
141
148
135
147
145
128
148
132
145
146
128
147
141
135
156
137
135
148
126
137
141
135
146
137
140
144
125
152
147
130
147
135
131
158
135
145
144
126
143
131
139
147
125
139
142
125
144
132
132
153
130
143
147
133
158
145
146
156
127
143
141
122
136
132
126
149
125
137
134
120
140
127
135
141
120
131
131
122
146
130
126
138
122
133
146
129
147
136
136
146
128
150
151
135
151
138
133
158
127
140
139
121
138
124
126
130
118
132
139
117
144
135
132
143
125
134
144
121
132
119
112
125
111
126
124
103
122
110
108
130
107
124
120
107
123
125
120
129
114
122
120
107
135
116
115
120
99
115
117
105
119
112
108
121
107
121
115
102
118
97
101
117
91
113
112
97
117
116
108
121
100
120
114
103
130
110
105
114
101
120
129
120
132
130
135
151
138
159
155
148
168
151
165
178
160
179
176
162
179
174
174
180
156
178
166
158
173
150
153
150
131
141
141
116
129
111
97
109
92
107
93
87
98
78
88
95
67
82
78
59
75
67
59
62
39
52
47
45
60
40
44
54
31
55
55
31
53
32
37
41
34
49
41
28
48
29
36
49
25
53
42
34
59
54
54
58
44
63
54
51
61
51
55
65
43
67
65
53
67
62
66
85
77
86
82
72
87
75
80
84
61
79
73
65
84
71
66
70
50
58
54
49
60
40
40
44
25
57
44
29
45
26
32
30
26
37
31
19
36
13
32
40
15
43
32
21
48
33
32
41
23
41
32
24
40
22
34
39
21
49
35
22
44
28
32
41
23
39
31
21
40
25
49
42
23
45
34
25
55
32
34
45
23
46
39
33
49
33
42
45
29
58
50
35
59
38
40
58
40
59
52
43
60
39
61
56
41
60
55
44
72
64
63
68
58
76
70
71
84
76
75
86
62
86
75
62
76
63
67
86
62
80
81
71
88
80
88
95
77
90
87
74
102
77
88
95
73
95
96
79
99
86
93
104
81
112
92
88
110
83
96
108
85
100
91
82
98
82
92
94
71
95
86
78
109
80
94
102
84
104
102
92
102
81
88
96
75
101
88
82
99
80
82
103
82
100
95
86
108
93
104
103
84
105
91
90
111
90
103
103
84
103
102
88
111
94
111
113
98
120
109
103
121
105
103
120
98
118
111
103
128
124
124
125
108
130
125
120
138
119
124
125
108
129
135
120
130
117
123
127
117
137
132
124
129
119
125
134
118
136
132
123
134
131
133
140
125
136
131
126
144
126
133
142
120
143
142
131
144
130
139
143
133
143
132
127
150
133
149
150
129
156
144
139
153
148
149
148
125
140
135
137
157
133
146
150
137
156
155
143
160
136
152
154
148
160
144
141
162
137
153
154
135
156
154
146
160
144
156
160
139
163
148
153
170
144
160
158
143
167
154
141
157
140
157
159
152
168
165
157
178
159
178
172
153
174
159
154
174
160
163
172
150
175
165
167
184
165
179
179
159
191
175
165
182
164
172
182
170
182
173
166
182
162
183
180
160
188
178
170
189
177
175
188
167
187
179
175
185
168
177
183
166
198
194
179
196
184
187
192
185
195
187
177
195
179
195
199
179
194
193
185
201
189
193
201
186
196
188
186
198
188
197
204
185
209
201
191
204
189
192
203
193
206
199
193
208
187
199
199
185
196
197
193
215
189
193
203
182
201
204
201
213
197
208
211
197
225
205
199
209
187
194
205
194
212
203
196
211
192
211
205
194
209
198
195
219
196
205
206
193
213
209
204
211
196
209
208
194
222
204
202
220
201
212
219
202
219
211
203
216
201
219
211
191
209
198
198
227
202
217
223
211
231
222
219
228
204
220
217
200
229
204
208
224
199
218
223
205
228
207
213
231
212
231
222
211
234
213
214
236
207
222
224
205
230
218
211
226
198
221
223
213
233
211
216
230
201
219
228
197
225
207
207
225
204
225
223
209
225
212
214
243
211
225
226
204
230
219
212
235
202
225
221
213
235
215
214
234
201
222
226
199
229
214
212
226
210
224
218
207
232
212
212
231
203
222
224
204
228
224
208
228
201
217
223
211
230
212
207
229
201
223
229
202
227
212
210
227
211
221
223
201
222
208
205
222
200
211
211
194
216
213
203
220
201
211
214
206
222
210
208
221
199
213
214
191
208
204
204
224
202
215
220
201
220
212
216
222
201
217
218
201
225
212
208
218
195
204
207
205
219
208
213
222
206
227
219
204
221
211
204
220
202
210
213
201
214
203
212
216
200
215
215
198
221
212
204
223
205
220
213
205
218
206
206
214
194
220
206
192
211
199
207
220
200
211
204
196
212
199
208
211
187
199
199
184
207
197
194
210
188
205
202
200
217
203
203
216
193
220
209
196
216
196
200
214
192
208
205
193
212
199
207
210
185
205
206
192
219
200
206
215
193
214
211
198
216
200
201
212
187
215
204
187
202
189
192
218
192
208
203
188
201
196
204
213
191
209
209
194
224
198
207
216
189
200
205
182
201
190
191
203
181
210
202
189
210
195
194
219
188
202
203
190
206
197
200
206
180
200
203
185
209
192
195
210
185
202
212
188
205
194
197
207
183
201
201
183
194
182
176
207
182
203
200
189
212
207
209
218
198
210
212
190
211
195
196
212
187
203
205
186
200
193
197
208
192
210
206
190
206
197
192
213
183
201
203
187
204
207
198
205
181
194
195
188
208
191
191
202
183
198
207
186
196
192
184
194
179
193
188
176
195
182
187
203
186
202
199
184
190
190
187
191
178
193
194
185
201
184
183
194
184
192
200
176
194
184
184
195
183
196
195
182
204
189
197
209
185
199
198
184
196
196
194
203
179
191
185
189
196
183
182
193
175
189
192
183
198
187
188
202
187
202
198
199
205
185
188
191
166
188
186
173
195
195
198
204
182
198
194
191
199
188
195
202
182
201
198
181
196
180
194
197
185
196
195
188
201
193
205
211
181
201
202
185
205
189
189
195
175
193
185
179
196
188
193
200
180
207
202
188
204
188
190
195
182
199
183
170
194
178
188
190
163
199
188
173
196
181
182
186
171
188
182
177
192
176
178
187
163
191
184
169
193
169
176
190
174
189
178
168
200
176
188
189
162
180
172
166
191
168
177
191
171
186
181
177
192
183
190
200
177
203
194
184
196
182
181
199
179
195
189
172
196
181
191
196
169
187
178
175
202
184
183
200
175
194
191
181
191
175
185
189
168
197
189
176
192
178
175
195
173
189
189
166
185
173
179
179
160
187
185
168
199
178
180
191
171
191
187
170
187
171
181
187
168
194
189
175
198
186
188
200
176
195
185
172
191
177
186
186
166
187
177
168
197
177
179
180
166
190
191
178
192
183
180
185
167
189
182
173
190
169
174
185
161
186
175
165
189
181
191
194
178
191
183
172
201
172
178
182
168
189
185
164
179
165
172
181
163
188
176
168
188
167
175
187
158
184
175
166
183
173
179
183
158
183
168
164
188
165
175
182
164
188
183
164
181
165
172
177
160
174
162
167
182
162
167
183
159
182
178
163
180
169
170
174
152
182
165
163
183
160
171
170
150
178
169
154
175
150
174
169
158
175
162
154
178
159
167
175
154
176
168
155
177
159
172
172
154
178
160
164
170
158
169
165
147
173
165
150
175
152
164
168
160
178
163
159
181
161
173
172
145
175
156
154
177
154
168
167
152
175
161
162
174
157
169
171
149
182
167
158
183
151
169
162
160
174
163
154
185
162
176
175
156
182
166
162
174
163
171
173
157
179
156
162
172
148
169
170
148
186
166
162
181
164
174
176
167
178
165
153
179
150
175
166
151
177
157
162
178
157
167
175
147
177
162
165
180
155
174
172
148
179
160
159
181
155
167
174
151
180
161
157
179
160
180
174
159
181
162
157
181
153
162
166
146
178
161
163
173
152
175
171
157
188
165
154
179
153
164
169
146
172
159
156
174
155
176
168
146
172
158
150
181
145
164
163
147
175
157
162
170
151
166
166
143
176
160
150
175
159
166
168
152
174
156
157
170
151
165
160
139
166
155
150
178
149
163
162
145
176
167
158
170
152
157
169
144
171
153
156
171
149
164
170
148
165
154
151
161
151
163
165
147
168
146
144
170
145
163
158
147
169
163
162
171
156
167
168
146
173
150
157
167
147
160
158
137
151
147
146
157
149
162
162
144
170
151
162
173
149
165
156
143
162
159
151
160
136
150
153
145
166
144
153
162
147
157
166
140
162
147
147
157
143
156
150
138
159
141
143
154
137
150
154
137
153
155
148
161
138
161
147
144
166
138
137
153
141
154
163
135
167
142
153
166
147
165
154
145
162
143
150
161
139
155
155
139
166
151
155
168
132
150
147
144
156
143
148
163
139
159
165
136
166
138
148
155
146
156
155
144
164
142
148
161
126
149
158
132
163
146
144
152
134
145
149
142
159
145
148
162
136
162
162
130
155
136
135
145
136
144
151
132
162
138
145
159
132
152
151
133
162
139
146
154
134
142
148
138
161
138
148
159
138
159
153
138
155
151
141
156
142
147
153
134
160
134
146
151
130
140
143
130
153
143
146
164
138
153
160
145
163
140
144
151
138
153
149
133
148
135
134
150
131
145
147
130
154
140
152
154
138
148
147
131
154
141
141
151
134
140
142
129
143
133
138
141
133
151
151
122
145
135
133
148
124
136
136
134
146
137
152
148
138
151
157
141
176
150
158
166
142
154
153
141
153
141
148
151
138
159
155
135
157
138
142
153
133
150
146
137
155
138
140
147
131
144
144
127
156
135
140
145
132
148
139
131
146
130
139
145
128
148
141
131
141
126
134
149
128
136
139
126
138
134
132
139
112
132
120
100
128
104
109
112
96
109
115
94
119
97
101
109
88
114
99
90
118
88
97
109
82
108
103
91
122
105
110
118
100
123
117
105
127
110
120
128
115
130
142
115
126
107
113
128
115
135
135
123
137
126
127
147
123
137
141
119
144
133
139
140
120
135
134
124
148
133
140
153
128
145
152
126
150
130
139
146
133
149
144
127
145
134
132
150
127
143
148
131
153
143
145
152
132
144
152
138
158
139
137
144
121
134
137
121
143
133
139
145
139
150
143
129
146
131
135
144
120
135
137
119
136
135
132
138
121
128
131
125
137
121
127
134
119
138
144
124
139
134
135
136
129
136
135
120
140
124
133
139
119
133
130
120
133
133
129
135
116
129
127
119
136
124
133
143
129
149
147
130
143
126
120
122
108
127
123
113
134
120
129
135
117
132
131
126
139
132
131
138
120
135
128
126
139
119
130
134
123
138
134
118
137
122
130
137
125
135
134
127
133
119
131
128
111
119
115
104
131
118
124
128
113
128
132
135
147
125
129
130
114
131
126
112
133
117
126
128
116
130
130
122
132
119
129
135
119
137
132
112
136
119
116
128
116
135
130
125
132
116
119
127
109
146
134
124
142
127
133
143
119
122
120
110
127
114
128
133
114
131
128
114
146
123
132
137
120
135
133
121
137
117
118
124
106
135
125
115
135
120
120
131
113
127
128
122
143
126
131
138
117
134
128
122
142
123
129
137
116
133
137
122
137
119
124
130
119
140
125
113
130
113
123
142
119
132
134
114
138
125
136
135
125
137
131
119
136
116
123
129
114
132
145
125
143
126
133
136
119
143
135
119
137
123
128
143
118
132
130
124
136
125
130
133
121
138
134
128
147
123
127
133
119
137
136
118
133
118
118
117
110
136
127
115
136
123
125
138
125
145
135
129
140
130
133
136
122
136
130
126
140
124
134
143
125
140
142
129
147
129
137
139
131
147
140
129
146
125
132
147
122
141
131
132
149
140
141
145
125
143
140
143
160
131
146
149
127
147
148
137
160
134
146
150
141
160
149
143
162
137
157
157
134
152
144
136
149
145
154
154
138
159
147
144
158
132
144
149
134
151
150
133
152
134
146
148
136
151
141
130
148
127
141
148
130
145
135
124
142
130
143
140
126
138
