83
94
103
86
95
92
73
95
84
85
104
72
97
86
78
96
84
80
93
71
86
87
77
103
77
84
86
64
83
90
67
85
68
70
84
69
85
78
62
86
72
81
89
68
89
86
77
90
85
77
83
64
84
77
68
93
72
81
91
67
82
95
73
88
76
77
91
74
85
73
64
83
73
83
87
64
82
84
69
88
80
79
86
66
88
83
71
88
73
77
84
59
73
78
69
87
67
72
88
78
93
88
77
91
79
89
96
70
89
84
71
91
77
75
86
70
92
86
82
91
84
87
96
71
94
94
72
93
76
78
89
80
91
82
70
82
70
83
91
68
87
88
80
102
83
81
88
66
89
79
78
86
78
79
90
67
87
83
70
96
74
87
90
80
93
86
69
85
68
82
85
65
87
82
69
99
75
80
85
72
89
88
88
97
77
91
96
68
97
88
79
93
80
83
88
77
90
86
68
81
66
79
85
66
87
76
66
89
74
76
75
58
73
75
68
85
67
78
86
64
93
78
66
85
69
73
84
67
82
81
70
89
74
88
86
70
90
77
75
98
77
80
86
63
77
83
77
91
76
85
89
73
102
80
67
87
72
75
94
70
93
84
74
87
67
75
75
60
78
72
65
88
74
81
87
66
88
86
77
93
70
80
84
67
85
72
60
74
68
75
90
63
85
83
77
90
78
88
86
69
87
80
68
97
69
81
85
61
83
85
77
86
71
77
83
70
92
83
70
92
69
78
95
61
76
69
66
85
73
78
84
65
87
83
70
104
70
91
91
71
87
84
70
83
69
70
81
68
92
81
66
86
62
74
88
66
84
86
74
92
86
88
88
67
90
75
70
95
71
82
86
66
82
81
68
89
76
76
83
65
88
71
67
82
61
68
84
61
78
77
72
93
87
83
87
65
93
80
76
94
75
85
90
75
90
90
76
93
75
81
88
77
94
83
73
85
73
85
97
71
92
83
77
97
80
91
93
76
94
83
83
92
75
85
91
68
88
85
70
91
70
77
84
79
94
87
83
98
79
94
101
72
96
80
80
97
81
85
86
71
86
82
90
92
74
90
94
71
101
87
75
95
79
86
84
84
96
81
77
89
68
82
89
69
88
79
74
94
84
94
88
72
87
79
78
90
68
82
83
64
86
71
66
78
67
83
88
78
90
86
77
90
69
87
82
67
87
70
71
88
70
74
80
60
78
77
80
92
73
86
83
68
97
76
78
90
77
82
87
75
89
77
74
87
66
89
80
68
89
76
70
94
76
81
82
65
88
72
74
87
64
79
78
62
94
76
72
94
68
77
84
62
76
68
72
87
70
90
80
64
82
71
65
93
70
82
86
64
85
67
74
86
64
79
88
65
96
74
72
87
62
72
85
67
84
71
74
89
68
83
75
56
76
69
59
85
62
81
77
64
88
77
76
90
73
81
84
64
93
72
66
80
54
72
88
72
89
84
73
91
74
86
87
68
94
78
76
102
67
84
86
63
76
79
70
88
73
82
87
70
98
71
77
92
75
81
91
70
82
69
67
78
65
76
76
60
81
76
76
97
68
87
95
80
95
96
77
92
71
83
81
71
98
79
76
87
65
72
91
73
91
78
78
90
81
93
89
75
88
78
77
91
71
85
87
71
89
82
72
83
66
80
82
75
94
78
79
87
69
77
84
68
89
78
84
96
85
91
91
75
87
82
86
98
71
86
81
67
85
83
77
90
75
87
86
78
93
76
77
85
63
79
86
70
90
76
75
86
79
84
84
74
88
73
79
91
70
88
86
71
90
79
75
86
70
85
79
77
90
71
74
88
74
93
94
81
101
83
87
96
80
93
85
73
94
74
86
97
70
88
88
79
100
85
86
94
70
84
85
77
96
79
88
99
70
96
84
76
100
79
86
102
81
96
92
84
107
81
96
97
76
95
92
78
105
83
78
92
67
87
94
89
100
86
95
105
80
108
95
78
96
76
78
97
75
89
90
71
90
74
86
96
72
91
89
71
101
79
81
100
72
91
90
78
93
75
78
93
71
97
87
74
94
82
80
98
74
92
89
75
92
78
81
92
69
82
83
69
89
78
80
94
71
88
92
80
95
82
77
93
68
92
89
72
89
74
74
96
66
86
90
79
89
81
81
92
75
90
92
71
100
76
85
95
74
85
95
78
94
80
84
93
70
91
85
68
85
72
77
94
64
78
79
64
84
74
79
84
67
83
84
73
99
78
84
88
69
79
84
71
93
79
80
91
68
92
87
77
90
76
75
93
65
81
81
67
79
79
79
76
78
62
-8
-455
-456
-454
-439
-448
-429
-420
-422
-414
-418
-413
-415
-416
-415
-415
-417
-412
-416
-416
-415
-416
-415
-414
-415
-415
-415
-414
-413
-414
-414
-414
-416
-415
-415
-416
-416
-416
-415
-415
-416
-416
-417
-413
-418
-415
-420
-417
-421
-424
-429
-438
-452
-457
-458
-458
-458
-459
-460
-460
-460
-461
-463
-466
-467
-465
-462
-461
-460
-458
-457
-437
-384
-335
-314
-277
-244
-211
-192
-155
-137
-117
-96
-79
-67
-46
-20
-15
-5
6
18
22
36
33
36
41
47
54
65
68
72
73
79
77
78
88
84
89
93
93
94
99
91
100
91
99
94
100
93
91
88
87
86
86
90
81
76
71
69
70
76
65
59
54
49
44
44
44
34
28
35
25
21
29
20
20
10
3
-2
-3
-11
-17
-21
-23
-31
-30
-28
-36
-35
-41
-48
-51
-49
-62
-65
-71
-74
-78
-77
-79
-88
-94
-90
-94
-97
-86
-96
-91
-97
-95
-99
-86
-100
-95
-97
-90
-94
-90
-87
-92
-97
-95
-100
-99
-84
-96
-90
-89
-83
-83
-73
-66
-68
-72
-66
-66
-63
-55
-60
-59
-59
-63
-55
-47
-53
-46
-41
-37
-36
-29
-29
-29
-29
-26
-22
-19
-10
-13
-7
-7
-8
-4
6
2
2
5
6
12
17
19
20
25
27
24
31
41
32
34
34
30
31
39
36
35
34
41
46
50
57
57
64
69
67
73
85
80
80
76
75
74
79
82
79
88
87
89
91
99
89
90
93
97
90
108
100
106
101
106
104
112
105
102
106
111
107
112
118
115
113
111
112
113
122
123
120
123
120
116
121
123
114
112
111
117
115
129
128
129
128
128
126
130
124
121
120
118
111
115
116
117
118
114
116
116
121
114
116
112
111
116
112
116
105
101
115
106
109
127
104
116
120
103
125
122
112
123
106
115
114
104
122
108
101
114
96
104
118
91
120
104
97
116
111
120
128
112
128
122
114
139
116
122
128
113
127
125
109
125
115
122
128
119
137
134
120
136
120
122
126
108
127
119
110
126
116
119
117
97
116
111
109
134
113
121
128
105
127
125
108
126
107
115
119
106
128
113
103
121
100
116
123
107
128
121
112
135
128
131
135
111
128
112
110
128
108
114
120
100
125
116
103
126
102
116
125
115
129
124
110
128
114
133
133
114
131
125
110
127
110
117
124
100
121
106
108
123
97
112
117
93
124
112
99
117
96
101
102
93
112
98
96
113
94
112
109
76
111
98
83
109
90
105
101
84
112
93
96
105
87
98
101
86
113
97
87
110
82
106
105
94
116
103
93
116
98
117
121
97
118
109
98
127
108
118
122
102
119
108
97
123
103
110
117
96
130
118
105
130
111
120
123
113
124
117
112
124
101
117
108
93
118
102
101
120
102
99
109
92
112
104
96
106
85
102
100
79
112
90
90
103
81
88
99
79
100
86
84
100
74
99
95
78
94
82
79
100
72
84
87
70
81
79
78
90
67
91
88
72
97
88
87
103
81
91
98
72
93
76
76
92
70
97
87
72
93
78
79
104
75
90
94
70
98
83
84
87
73
87
87
69
97
76
73
83
68
78
89
66
94
79
76
92
77
91
86
69
85
69
66
92
71
85
84
66
92
87
80
94
75
92
91
78
100
76
74
95
73
90
92
76
99
81
84
95
81
95
89
71
93
76
78
108
71
95
98
73
96
93
92
104
78
91
98
77
109
92
88
110
76
99
102
77
104
79
88
105
84
100
100
85
115
96
98
118
91
115
109
95
117
108
100
114
83
107
109
96
118
105
106
123
96
120
126
103
123
110
107
125
119
121
125
101
124
112
116
132
114
125
128
113
134
134
122
138
118
121
125
114
136
118
112
126
105
117
119
90
127
111
110
126
111
120
116
94
126
106
105
116
89
102
98
77
101
93
89
100
74
91
91
86
102
84
82
99
76
98
98
78
103
84
84
102
83
99
92
86
104
88
102
101
84
105
100
81
112
98
97
107
89
103
98
93
106
94
98
111
89
118
115
93
120
102
109
124
105
115
112
100
122
112
121
121
98
111
116
105
133
122
120
128
113
124
115
111
126
114
114
127
105
133
127
106
126
113
116
134
118
127
124
110
127
112
124
126
106
130
125
111
144
122
121
127
114
129
131
125
140
123
127
143
119
145
133
117
135
117
119
133
120
134
136
120
139
122
137
149
119
136
137
125
148
132
134
153
129
146
147
136
161
140
152
155
139
164
154
152
168
147
152
175
147
167
161
140
169
145
159
159
136
154
156
142
169
143
157
172
146
171
172
150
171
149
152
160
134
161
150
134
151
138
133
157
126
143
140
124
140
133
136
142
120
135
133
118
142
119
123
138
118
131
134
115
133
122
122
120
137
124
140
135
125
147
132
132
148
121
137
135
123
133
139
137
141
123
138
145
135
163
135
143
153
141
149
155
134
152
142
142
154
134
159
153
139
156
141
142
160
135
158
156
147
163
154
160
165
147
161
156
158
174
149
159
163
152
165
169
137
163
154
159
170
152
168
158
153
169
154
165
167
150
173
167
158
179
177
179
180
152
174
160
165
179
163
164
171
157
176
178
159
184
164
168
173
165
178
169
163
177
158
169
171
153
178
170
157
179
164
164
168
153
173
159
169
177
162
163
171
153
176
169
153
168
147
161
164
159
170
163
162
177
166
174
179
156
178
163
156
172
160
165
166
149
173
156
162
177
159
167
169
150
183
172
163
171
151
167
166
159
173
165
154
173
156
170
168
141
174
159
157
176
154
163
163
147
168
157
154
165
145
158
157
138
166
155
149
166
151
161
165
156
170
164
148
173
147
167
164
138
165
151
151
173
155
159
169
144
170
154
154
177
152
171
170
149
181
166
155
179
157
161
173
156
173
161
149
178
154
175
165
145
164
156
152
177
153
159
169
142
166
158
153
166
151
164
166
147
174
162
149
172
153
155
172
146
168
158
151
169
145
169
167
151
168
163
149
184
158
161
167
147
170
161
153
168
155
164
165
147
176
167
155
179
158
170
176
153
175
164
155
172
163
168
171
157
167
156
153
181
155
157
166
152
171
166
155
171
155
162
164
146
172
154
151
169
143
158
167
149
166
158
153
167
155
168
168
149
171
153
145
176
148
162
157
152
168
161
153
165
139
160
166
148
175
156
159
173
151
167
166
149
164
161
147
167
154
163
165
143
165
149
160
177
155
173
164
152
171
168
146
166
139
157
160
147
169
153
159
169
149
164
170
146
174
162
155
174
158
172
165
149
174
158
158
176
153
162
163
143
166
165
147
168
143
162
159
153
177
151
151
167
148
155
165
133
163
148
152
167
152
164
160
141
162
143
148
165
142
155
158
138
163
154
144
170
139
154
156
152
163
147
143
162
138
152
155
133
157
149
147
164
148
155
153
139
158
150
144
162
137
152
156
132
158
151
142
155
132
140
146
142
151
141
135
157
139
159
166
139
162
148
147
160
146
151
156
138
151
144
143
158
141
157
155
140
163
153
143
164
141
150
158
147
160
151
143
160
135
160
152
134
155
154
143
163
145
152
161
136
162
150
158
165
140
159
158
138
163
150
140
157
144
151
151
149
163
149
148
161
144
168
157
146
161
145
139
161
148
151
153
140
161
143
152
157
141
154
160
145
171
160
151
170
145
161
159
151
168
154
153
165
144
165
152
146
161
148
154
174
146
162
156
150
164
150
156
156
142
152
158
137
168
150
153
167
142
158
163
141
162
148
152
157
142
167
155
144
166
150
157
176
146
159
156
141
158
154
154
159
141
159
161
139
171
149
146
163
140
162
160
140
160
147
149
160
139
169
159
142
161
138
145
168
135
153
149
146
169
152
156
167
145
172
158
151
175
152
156
166
141
155
161
136
157
149
151
165
141
163
155
144
167
146
146
168
136
156
158
139
163
151
143
155
134
145
152
141
165
146
152
166
138
156
166
138
159
145
144
156
140
152
150
137
155
139
141
164
137
160
154
143
169
156
150
157
139
152
148
138
158
144
145
163
136
156
163
133
151
143
147
159
147
156
152
140
158
147
147
161
133
150
150
133
153
149
142
154
131
147
142
139
158
146
142
157
136
152
152
130
152
140
140
155
140
151
153
142
162
145
151
158
129
147
141
129
148
144
138
154
134
147
144
138
152
142
139
154
132
154
151
131
148
136
139
155
141
147
149
135
152
139
149
158
133
153
151
135
156
149
142
157
133
145
143
137
150
136
136
148
126
151
155
139
160
146
149
160
140
154
147
133
151
134
146
146
123
140
144
133
152
142
142
152
136
149
146
140
151
136
135
146
125
148
142
124
137
128
125
139
128
136
133
118
137
123
129
138
115
124
125
108
132
117
114
124
101
120
117
115
133
128
130
139
122
142
134
118
131
123
119
135
118
132
136
125
139
131
139
142
122
134
140
126
147
134
137
152
129
145
141
136
142
130
131
142
121
147
142
126
137
124
120
140
126
141
139
128
142
132
137
141
122
137
133
124
148
131
137
149
130
147
144
135
145
129
132
142
120
142
136
124
142
132
132
147
124
137
136
123
136
126
133
139
121
135
131
121
142
124
126
136
126
140
145
128
141
128
132
140
123
145
140
128
147
127
127
143
122
135
133
123
142
132
143
153
136
155
148
140
161
133
145
152
128
148
145
125
142
128
141
150
136
155
146
138
156
140
147
165
128
152
150
135
156
146
148
153
131
148
140
131
159
138
141
154
129
150
153
135
154
139
142
151
136
149
139
124
141
128
129
153
122
147
148
137
156
146
147
154
131
153
146
133
157
134
141
149
128
153
151
131
148
133
134
148
134
149
146
129
151
138
143
157
125
148
140
127
143
140
135
149
127
142
140
129
150
133
142
145
125
142
149
130
151
136
132
147
135
148
143
137
158
143
147
155
133
150
150
136
153
143
142
156
134
154
146
143
155
134
141
149
128
149
149
128
149
130
136
142
135
146
140
133
152
134
144
148
126
140
141
129
146
130
134
137
118
131
127
118
127
116
121
126
106
138
134
120
139
131
136
142
127
137
132
122
140
125
135
137
116
134
130
124
145
129
133
139
118
142
134
137
144
129
134
140
120
146
134
128
144
126
130
136
124
137
132
128
141
130
144
144
129
150
134
127
144
124
125
129
117
135
127
121
133
121
132
135
119
149
137
130
151
125
130
139
122
133
133
122
141
127
144
145
121
139
132
127
151
127
131
139
121
139
129
128
143
117
128
137
117
145
132
128
142
122
126
136
115
138
131
122
137
118
132
134
113
134
127
109
139
122
129
138
118
140
136
122
138
119
127
137
116
143
130
125
141
126
131
155
122
143
135
125
141
128
138
143
124
140
133
121
152
127
136
142
116
138
144
129
146
128
133
140
122
147
131
124
144
126
129
146
112
131
122
111
129
121
134
145
127
147
143
132
164
129
138
145
126
146
142
127
137
124
124
131
121
141
137
128
148
130
136
149
121
137
132
126
136
129
134
139
120
132
126
115
136
120
125
132
112
135
137
123
138
122
130
134
123
134
124
109
127
107
118
124
102
122
122
118
136
136
136
140
123
138
131
124
143
121
127
130
115
134
131
127
137
121
129
133
130
146
131
131
143
126
137
147
128
150
136
129
145
134
132
140
124
144
128
132
145
124
139
143
123
140
140
129
143
126
122
129
123
134
121
120
138
123
147
146
125
141
129
130
150
134
139
137
120
140
125
131
143
123
131
140
121
135
139
130
150
119
134
133
122
151
132
130
142
125
143
143
120
144
128
130
145
126
133
138
121
139
127
125
132
114
128
136
112
141
123
115
135
118
133
138
128
146
136
132
132
122
136
137
112
136
122
117
146
124
131
135
119
140
131
135
145
122
133
135
117
145
130
128
143
123
127
123
121
133
132
122
142
119
141
150
117
141
129
122
139
120
126
119
106
129
119
114
126
100
118
123
104
138
124
123
140
126
134
146
125
136
122
115
132
112
136
134
116
128
109
115
130
124
126
131
113
134
135
128
139
117
126
130
115
138
122
120
134
118
125
134
114
131
124
122
133
111
133
134
119
132
127
119
137
121
122
126
112
137
125
128
135
122
131
134
120
149
130
126
135
123
128
142
121
140
128
129
138
123
135
135
118
137
123
119
144
120
134
135
113
137
134
138
140
126
134
139
123
142
132
125
140
123
133
142
119
138
123
121
130
120
133
135
115
135
125
127
153
125
141
142
130
147
140
141
144
120
124
124
107
138
122
122
135
120
135
141
123
141
125
123
133
122
130
134
114
132
112
114
130
106
126
122
107
130
131
120
134
117
125
130
118
141
119
124
131
114
128
132
104
124
113
109
125
112
128
127
112
139
118
127
141
123
127
127
104
121
119
117
125
106
122
119
111
140
114
113
121
103
117
130
107
131
115
114
122
109
124
118
102
128
114
117
122
104
116
123
106
131
120
118
132
111
126
128
117
123
106
107
115
101
124
129
113
134
114
119
129
121
130
131
114
130
116
118
128
108
123
118
103
129
121
119
130
112
122
113
109
121
113
115
127
99
125
123
100
123
109
110
119
109
116
118
97
123
106
117
120
95
122
114
98
126
105
109
113
95
113
113
107
128
121
115
126
105
134
128
109
127
109
107
117
107
117
120
103
129
110
125
128
106
125
115
105
129
120
114
122
104
119
120
109
127
106
118
124
109
129
128
112
128
117
114
127
96
114
114
97
118
98
108
107
86
100
90
85
111
94
104
110
87
105
102
94
113
84
97
94
86
105
94
78
103
81
93
111
81
106
103
95
110
97
110
108
98
117
118
104
135
113
118
129
109
124
126
114
124
113
117
123
109
132
130
110
134
118
125
137
115
124
119
108
124
116
118
128
115
130
129
112
140
118
121
129
115
127
124
115
129
119
115
121
104
128
118
103
125
110
