84
84
100
74
102
95
76
94
80
84
100
72
94
92
73
92
80
83
95
72
94
86
73
103
81
84
98
74
92
97
77
97
78
79
93
64
86
82
69
90
79
82
104
76
97
94
80
103
85
92
95
71
88
83
74
99
75
84
92
70
87
94
77
94
82
82
91
77
104
88
84
96
78
84
103
76
95
94
82
96
80
86
86
72
93
83
73
99
79
86
94
74
85
90
72
88
78
85
92
75
103
89
80
95
84
86
105
71
94
82
76
91
80
84
86
66
87
79
70
96
70
75
79
60
76
80
72
92
77
87
93
80
96
84
77
94
77
87
101
69
94
88
77
96
79
81
87
66
89
81
73
88
70
81
87
74
99
90
83
99
81
92
100
83
102
88
78
96
68
84
98
69
96
84
77
101
86
93
101
74
98
85
86
104
77
94
99
71
99
94
81
102
80
90
94
84
106
89
85
104
80
98
93
78
100
88
77
97
81
82
86
61
87
83
80
101
79
89
101
78
103
97
74
98
74
83
91
77
99
80
76
96
70
87
98
71
96
84
76
103
82
89
99
70
98
82
84
99
77
87
95
74
96
86
77
101
75
90
98
77
98
85
79
99
75
95
94
70
91
85
79
99
75
88
100
76
97
92
95
102
78
90
93
73
103
88
79
98
78
86
92
85
93
88
79
92
76
88
93
61
88
83
71
101
80
88
92
74
90
85
81
94
77
87
96
71
103
85
82
93
78
85
92
76
90
84
70
93
79
97
90
77
95
90
83
106
77
85
83
65
82
77
66
96
76
86
91
77
102
85
80
98
78
88
97
73
96
85
75
97
74
101
85
75
96
81
76
104
74
75
91
71
92
86
79
95
74
84
82
65
92
69
66
77
61
70
93
72
94
86
78
99
78
101
94
74
90
79
71
97
72
87
92
69
99
83
78
92
74
89
91
74
95
90
84
104
75
88
98
68
93
79
76
93
75
89
88
66
89
82
72
102
73
85
90
70
93
91
75
82
70
81
83
69
100
81
75
93
72
79
92
71
94
80
76
93
79
85
94
68
95
85
77
108
77
95
89
73
94
92
78
96
78
85
94
78
96
79
75
99
69
88
89
71
94
81
75
92
81
83
87
69
89
81
79
98
69
84
95
68
91
99
83
103
80
92
100
80
106
74
81
97
67
85
92
74
92
84
76
90
86
89
97
75
98
87
86
100
76
89
95
76
94
90
76
90
68
85
87
74
99
80
81
94
76
89
91
68
87
78
70
92
71
78
77
56
76
66
72
88
69
89
93
76
99
91
83
95
72
80
82
78
91
80
75
86
67
83
82
55
88
79
75
92
79
84
84
73
90
79
84
85
71
79
84
66
94
77
72
87
63
74
79
74
85
73
70
84
63
84
84
59
78
65
73
86
70
79
81
67
84
72
73
87
66
76
78
53
84
70
67
86
65
80
75
68
84
72
71
83
60
84
82
58
82
69
73
89
72
78
86
67
88
74
74
86
66
84
86
67
98
70
76
82
59
67
81
64
84
66
62
76
55
86
85
65
84
68
72
96
70
84
85
58
85
64
67
81
62
80
80
65
90
75
74
89
68
77
88
67
87
77
77
90
66
88
78
62
81
71
69
97
66
84
90
65
92
83
82
86
70
86
85
67
96
70
68
82
58
67
83
63
88
76
84
96
74
100
93
77
91
76
70
95
68
86
82
71
91
81
83
86
74
88
88
73
101
86
86
101
76
96
97
74
97
76
82
90
78
93
88
70
93
77
78
101
71
89
88
69
94
84
87
88
67
74
82
67
98
81
78
90
72
92
96
71
100
82
81
91
79
84
88
74
99
74
81
98
73
90
88
74
89
87
80
90
74
89
88
79
102
74
82
93
75
92
96
72
94
84
77
89
79
86
82
66
93
71
86
93
71
81
83
65
81
85
85
97
69
96
90
83
105
81
85
94
73
86
92
75
92
79
83
93
81
97
89
79
95
83
88
91
79
91
92
75
98
79
77
91
63
83
85
84
95
82
90
90
75
94
96
65
92
75
78
88
77
88
80
66
78
67
72
78
66
83
88
72
101
78
86
91
74
84
77
74
86
74
80
88
66
84
83
59
77
67
78
80
72
80
79
65
83
67
77
83
60
78
76
61
85
72
73
76
64
73
80
76
88
74
80
86
64
89
81
68
84
65
74
80
72
82
83
68
92
70
85
88
69
91
83
71
88
78
80
87
76
85
90
72
93
74
81
91
69
93
80
70
84
73
78
95
71
88
87
73
100
77
93
83
66
85
79
67
94
77
78
84
64
79
82
68
88
65
76
71
95
88
76
133
-452
-454
-452
-448
-449
-429
-426
-422
-415
-420
-413
-417
-413
-414
-416
-415
-415
-415
-414
-415
-415
-415
-415
-415
-414
-415
-415
-415
-415
-415
-416
-415
-415
-416
-415
-415
-416
-416
-416
-416
-415
-416
-418
-413
-418
-414
-420
-417
-421
-425
-430
-437
-452
-457
-458
-458
-458
-459
-459
-459
-460
-460
-463
-466
-467
-466
-463
-462
-461
-459
-458
-445
-387
-355
-314
-278
-246
-206
-185
-148
-136
-113
-91
-66
-58
-26
-29
-20
-5
2
16
31
41
40
43
49
51
56
68
76
80
87
86
87
101
86
91
88
87
86
95
95
93
95
90
95
90
106
84
92
96
92
90
92
89
83
82
78
80
79
75
73
67
70
64
60
59
49
41
39
33
35
36
30
30
21
22
18
12
23
2
-2
-8
-2
-21
-14
-22
-29
-36
-39
-39
-45
-50
-58
-62
-65
-77
-80
-78
-77
-79
-76
-85
-82
-75
-77
-77
-82
-88
-88
-86
-86
-98
-97
-93
-93
-100
-81
-98
-86
-89
-90
-87
-81
-86
-90
-87
-86
-88
-82
-77
-75
-85
-77
-81
-78
-67
-67
-60
-56
-53
-51
-41
-34
-35
-40
-32
-35
-28
-19
-26
-28
-29
-23
-34
-19
-27
-24
-12
-9
-6
-1
9
13
12
18
18
14
22
18
18
24
27
27
37
30
33
29
38
40
45
51
49
54
55
58
56
70
61
62
65
69
71
74
77
76
77
77
80
83
89
90
92
96
86
94
103
99
96
95
98
92
99
99
98
102
96
105
104
118
110
111
112
124
118
121
116
117
117
116
120
121
119
118
119
120
117
120
129
130
119
118
117
112
121
125
119
121
121
121
130
136
125
123
124
125
120
129
123
124
122
120
115
119
116
112
116
114
114
117
119
118
114
118
113
113
121
122
122
118
117
122
113
118
106
96
108
105
102
126
98
110
114
112
120
114
110
116
108
117
120
102
129
118
106
123
107
116
124
108
123
114
114
125
110
123
124
109
125
122
122
136
114
119
124
106
116
120
103
121
109
120
126
112
136
131
124
134
120
130
134
114
123
116
107
127
114
127
122
108
129
120
117
138
117
128
132
118
132
138
125
133
116
128
124
115
139
122
115
129
116
123
131
113
129
129
121
133
124
133
133
121
136
116
113
130
112
121
123
111
134
130
118
129
114
127
126
119
134
124
112
123
109
122
128
112
124
117
111
128
116
122
119
99
121
110
114
132
110
117
119
100
125
115
109
120
99
115
111
106
117
107
102
121
96
110
114
89
119
103
101
114
98
107
110
94
120
107
105
118
98
114
117
98
122
114
99
113
90
109
113
101
116
108
104
125
102
125
120
98
122
107
101
119
109
116
117
99
120
106
105
127
103
119
117
102
131
128
121
133
114
120
124
118
134
120
115
134
112
129
120
96
113
115
112
132
123
126
130
115
133
123
117
125
103
113
112
95
122
111
100
116
96
104
113
103
118
110
102
117
96
118
118
102
118
111
104
120
103
113
119
101
117
105
108
116
99
112
111
94
124
106
101
115
89
99
97
83
101
82
84
95
79
98
86
74
90
81
77
98
71
81
84
69
84
74
83
85
69
83
84
68
99
85
87
96
72
90
93
87
103
88
95
109
90
117
107
93
118
102
103
125
101
116
120
104
127
113
112
115
98
118
115
98
127
105
106
118
102
119
116
111
126
112
115
130
116
131
123
101
117
103
109
129
107
119
115
106
124
115
116
124
103
122
119
106
131
111
112
123
99
114
117
101
121
107
107
122
105
124
118
104
125
108
114
131
106
117
115
102
123
112
108
113
89
117
112
102
130
111
114
125
104
125
133
112
131
113
109
119
105
124
116
101
122
105
106
129
104
118
121
104
132
123
114
124
100
119
118
104
126
105
112
124
102
117
123
97
121
110
112
123
108
122
118
103
119
106
106
126
92
115
110
99
120
113
107
120
96
112
113
109
124
106
104
115
90
114
110
92
115
98
99
107
89
103
98
82
106
89
96
105
83
104
101
86
109
97
95
112
87
106
101
90
106
88
93
102
78
102
101
79
100
89
92
100
83
97
96
82
110
95
107
111
88
108
106
88
117
106
96
104
82
103
94
96
107
91
99
107
89
113
107
91
110
92
96
103
89
104
96
85
104
86
99
97
78
102
97
79
106
92
95
104
78
99
89
90
103
82
92
101
75
101
85
73
94
77
86
101
85
102
100
92
108
94
105
101
82
103
95
84
108
87
97
100
77
102
91
96
105
90
98
101
84
117
100
94
120
95
105
112
94
113
104
96
111
95
111
109
87
117
108
99
126
103
109
119
98
115
108
99
110
122
112
91
131
119
98
122
104
110
126
103
115
110
95
121
104
117
119
95
122
112
97
128
109
113
122
102
122
117
102
122
107
117
124
105
130
122
107
129
113
111
129
109
125
120
110
132
119
122
122
102
119
122
108
139
118
116
132
107
126
128
118
135
124
127
137
117
138
132
116
130
111
113
132
109
127
124
109
133
123
128
136
115
131
131
122
145
121
126
135
114
128
135
116
131
122
129
136
117
140
135
122
141
126
128
146
117
135
130
114
128
124
123
124
100
123
125
113
142
122
128
143
123
143
150
129
143
123
125
129
115
136
131
121
136
124
123
138
117
135
131
121
136
135
135
142
120
135
132
127
141
127
129
140
122
141
136
118
131
121
127
135
123
137
131
124
139
119
124
135
112
127
121
109
130
128
125
130
115
128
128
128
147
124
127
131
117
130
136
118
135
121
129
136
126
138
131
125
140
117
127
136
110
134
133
120
133
131
135
135
118
136
126
127
144
120
125
135
116
133
135
123
132
119
127
131
121
134
123
119
133
118
126
136
118
139
134
125
143
137
140
147
121
136
125
121
139
125
133
140
122
148
140
128
150
129
137
139
126
141
132
124
140
124
139
135
113
133
130
122
140
126
126
135
117
135
129
126
134
124
129
137
114
146
126
107
130
108
117
125
113
139
130
126
142
126
141
142
123
145
131
123
139
123
126
132
120
131
125
122
132
121
127
132
113
143
132
123
145
125
130
142
121
134
128
118
141
117
132
133
114
128
125
116
152
119
127
130
118
134
129
129
138
113
119
126
104
138
125
118
136
117
124
134
125
140
128
119
135
124
134
141
115
135
125
119
144
121
128
141
116
134
130
120
132
118
128
135
114
143
126
118
140
123
125
137
116
134
131
117
134
121
136
130
107
126
118
112
137
114
121
124
103
129
137
122
134
119
129
135
119
142
132
126
141
119
120
135
109
135
129
123
132
117
132
134
116
134
124
114
142
125
119
126
107
129
124
113
127
109
124
132
113
136
126
112
136
123
126
139
114
137
124
117
132
119
126
124
107
118
110
106
134
114
125
126
111
141
137
125
141
123
128
129
125
128
116
110
131
112
119
130
105
125
119
115
128
123
126
129
116
133
122
114
139
115
125
129
115
129
131
121
125
108
119
127
116
137
125
125
142
121
132
142
116
132
124
113
127
114
121
128
114
131
119
122
136
120
136
132
113
132
126
113
129
113
120
127
117
132
122
116
128
114
132
131
108
121
115
114
130
118
128
129
112
136
122
126
136
120
130
134
115
134
134
127
137
113
127
124
118
133
116
113
126
111
124
123
107
133
119
117
133
122
132
137
124
137
123
126
125
111
126
128
114
142
129
127
146
122
133
134
128
138
127
121
144
122
140
137
115
133
122
125
147
125
134
138
130
145
132
140
149
120
134
140
120
145
129
127
136
109
117
112
109
129
120
116
137
117
142
145
123
144
129
132
147
127
131
138
121
140
121
125
137
114
137
140
123
148
131
137
144
129
139
144
125
144
133
123
140
119
138
137
119
136
125
122
147
123
134
140
119
146
140
140
144
118
133
130
118
135
122
118
133
116
126
132
114
140
136
134
143
126
147
144
127
140
134
123
146
123
129
135
118
140
130
127
131
120
122
129
116
139
126
120
145
118
128
140
116
132
124
120
129
118
133
134
119
129
120
113
142
117
126
123
118
128
121
118
129
109
116
122
103
136
120
117
137
117
125
129
111
122
112
118
122
108
125
124
109
125
115
118
137
116
127
122
112
124
120
112
125
107
123
125
116
136
124
127
133
116
131
137
120
130
124
116
130
117
128
129
114
128
115
114
126
104
117
116
113
132
132
128
141
123
141
130
126
141
119
124
126
111
118
126
102
122
109
111
125
112
125
120
110
130
113
121
127
110
125
124
108
134
130
121
128
106
124
115
122
129
121
122
131
116
128
136
120
134
121
118
126
111
124
117
111
129
113
119
134
110
124
126
112
136
127
128
128
106
123
117
113
127
110
113
125
103
125
121
104
123
100
115
124
112
122
123
109
126
113
122
129
109
126
118
104
128
118
116
127
104
120
119
111
128
117
114
130
107
134
124
111
131
118
117
127
116
126
133
128
146
129
134
138
109
128
133
111
132
127
122
127
111
123
126
113
132
109
116
129
109
131
127
110
128
112
114
126
116
123
126
110
134
122
127
132
115
124
121
109
131
120
119
130
109
114
115
107
119
105
116
125
108
133
135
122
132
125
123
143
120
128
123
103
125
108
121
122
105
119
121
108
136
122
120
128
111
125
122
118
125
113
116
118
105
131
122
107
119
110
111
124
107
122
116
104
124
115
123
124
107
122
115
103
126
104
111
120
104
125
121
115
125
114
122
129
118
138
127
114
128
114
113
125
104
120
116
116
126
117
129
125
106
118
114
105
135
117
124
130
116
128
129
122
131
118
123
124
106
129
123
111
127
104
112
124
103
124
113
107
121
111
114
116
102
115
115
106
132
115
123
126
110
131
128
112
121
102
110
120
103
125
114
108
124
107
118
130
110
126
121
108
124
121
125
128
106
124
113
105
136
112
118
124
110
132
136
117
136
117
121
123
110
133
122
117
132
112
109
124
96
118
118
105
127
119
127
131
112
131
123
111
130
111
113
117
106
123
123
103
123
102
112
121
110
127
118
111
128
111
114
126
102
120
109
99
121
112
116
119
100
115
103
103
119
103
111
124
101
123
128
109
123
101
108
109
102
112
110
102
120
100
113
121
98
117
120
109
129
119
118
120
103
119
122
122
135
121
120
125
104
128
129
112
124
104
114
116
112
123
115
100
121
106
115
121
106
127
116
102
118
110
110
116
100
115
109
109
121
105
112
112
87
122
107
100
114
106
114
114
112
121
116
107
124
104
123
115
97
109
101
99
117
112
113
118
107
124
112
115
125
103
109
111
98
121
109
107
119
100
102
109
96
118
110
101
121
102
120
116
102
118
106
102
122
106
114
118
96
112
99
96
105
88
99
108
94
123
108
106
120
102
108
119
100
117
106
104
114
98
118
114
97
114
105
97
128
108
116
119
103
121
115
120
129
114
125
125
105
134
122
108
129
111
119
122
101
120
109
107
120
103
120
117
98
117
111
99
127
102
112
111
99
125
111
109
120
101
112
118
96
122
107
98
116
95
114
116
98
114
103
98
109
100
116
113
94
117
99
91
127
98
106
108
97
115
111
105
120
98
106
109
96
126
107
101
120
96
106
114
92
116
106
97
116
98
109
113
93
121
111
110
127
108
119
118
106
123
122
109
120
97
110
112
100
126
111
108
121
101
116
133
113
124
112
109
122
108
116
115
103
123
107
110
130
113
120
124
100
119
129
118
131
116
127
120
109
128
119
106
124
102
111
115
94
119
103
103
117
107
118
120
109
127
122
115
128
111
112
115
97
117
113
104
119
94
110
105
104
120
112
106
122
105
114
123
99
119
104
105
119
110
116
116
100
120
110
108
120
98
117
116
100
122
115
112
123
103
114
113
107
115
102
97
118
94
116
119
99
120
111
108
123
113
115
113
96
115
102
108
119
97
114
109
94
119
108
101
114
94
108
104
94
118
102
102
115
95
121
118
99
115
103
101
113
102
113
110
96
120
105
112
118
95
112
110
98
118
107
100
111
95
119
114
103
121
109
107
123
100
123
120
100
118
101
93
116
96
107
107
91
117
97
105
113
94
113
107
92
122
104
103
117
96
103
103
95
109
97
96
109
92
120
112
96
117
105
97
123
102
115
112
101
119
103
111
113
89
108
106
87
122
107
105
122
99
119
123
109
120
103
101
110
86
116
108
93
119
100
100
116
98
114
112
98
119
111
118
125
104
120
116
98
126
108
110
118
102
117
120
102
117
102
104
117
94
120
112
97
118
107
102
118
91
106
100
82
111
98
109
117
96
111
111
99
131
117
114
122
103
116
122
101
120
102
103
119
101
126
122
105
124
104
101
125
95
123
120
104
119
113
114
122
101
120
114
100
125
107
108
118
97
116
120
102
118
105
107
115
100
121
114
96
115
103
103
127
100
115
119
106
130
128
129
136
109
120
116
99
126
109
113
124
103
119
127
107
129
115
115
123
107
120
116
102
125
111
111
127
98
116
116
103
121
116
115
123
103
120
119
102
123
107
106
121
100
116
125
104
119
101
99
114
106
122
124
109
133
119
124
134
114
128
124
108
121
116
112
122
106
120
114
102
121
107
114
123
100
121
128
110
131
118
111
121
112
123
118
103
123
108
117
122
99
118
116
104
122
116
112
124
102
118
112
110
124
103
108
114
90
119
117
102
117
108
113
123
117
133
129
115
128
112
119
131
110
127
122
109
129
122
121
127
108
129
125
117
126
114
118
125
104
128
124
110
133
117
119
126
112
128
124
110
130
120
127
127
105
123
113
102
130
110
117
123
105
118
115
115
129
112
117
125
106
134
130
118
134
115
112
119
105
121
117
107
128
113
124
128
110
130
122
104
133
117
119
126
103
123
116
109
123
103
113
124
100
130
123
106
127
108
112
125
98
119
