79
82
64
84
85
73
87
69
77
83
64
92
76
66
88
68
73
91
60
79
77
67
83
68
84
86
65
89
79
70
96
71
80
84
61
79
77
68
81
58
64
76
60
82
72
61
75
64
72
84
57
80
67
61
76
68
72
81
60
78
71
57
83
62
69
78
56
76
77
66
84
65
69
76
60
75
68
57
74
59
59
73
51
65
72
60
82
75
79
82
62
81
74
64
84
56
66
74
54
73
78
61
76
58
60
67
56
73
67
58
74
58
64
84
59
73
72
61
77
68
76
82
62
79
72
69
87
67
76
84
67
87
88
67
89
72
77
78
66
84
71
67
84
70
78
87
62
81
76
68
84
73
72
75
57
79
75
75
88
68
78
80
62
80
78
69
82
62
67
75
68
84
71
62
76
64
78
83
60
80
68
62
79
70
77
82
63
78
69
69
80
58
64
73
53
80
75
67
83
72
82
84
78
90
83
75
90
69
86
80
55
72
63
53
83
70
76
82
65
85
74
75
92
63
76
88
66
92
82
74
89
66
73
78
65
86
72
65
86
65
88
87
68
89
77
69
92
73
77
76
57
76
68
65
81
61
67
80
60
89
79
74
91
72
80
86
68
80
68
63
77
60
78
79
57
75
69
62
85
70
76
80
61
90
79
77
92
72
80
81
59
90
71
70
87
66
74
80
60
75
71
67
81
63
77
74
59
77
65
57
76
54
56
68
53
79
74
73
85
64
73
79
60
83
69
64
77
59
65
79
60
76
64
63
76
62
80
80
60
77
68
61
86
66
80
81
65
83
77
77
91
67
80
85
65
88
77
73
84
63
71
81
63
80
68
63
73
57
69
71
50
70
69
68
87
64
79
79
62
80
76
66
73
53
61
61
51
80
68
67
79
63
72
84
62
80
65
62
74
62
70
75
56
77
64
63
84
58
70
73
57
76
74
66
86
62
74
71
57
83
62
62
74
56
62
63
49
64
58
55
74
65
81
81
65
88
73
75
94
65
70
74
56
75
71
67
84
58
69
72
60
83
61
68
85
64
72
87
63
83
70
67
82
64
80
81
62
81
71
71
90
64
79
84
62
84
81
72
87
60
76
79
63
73
63
57
75
60
77
87
64
90
75
71
87
65
80
83
63
78
72
75
91
68
78
80
63
83
79
73
86
64
77
77
66
82
75
71
86
60
81
85
60
85
76
73
83
69
75
77
71
86
73
76
88
58
69
78
57
82
74
70
86
63
74
80
81
91
78
74
95
74
95
87
71
82
68
65
75
67
79
82
63
82
72
72
90
70
79
82
67
94
78
81
91
66
78
81
68
82
70
73
86
65
90
79
70
85
72
72
89
70
76
82
63
81
69
74
75
56
75
65
62
85
68
71
86
60
75
82
72
85
70
72
80
58
81
75
59
76
68
67
87
63
77
78
66
81
67
82
86
69
83
80
59
85
68
67
86
64
79
78
70
81
66
74
84
61
86
84
69
93
75
77
99
56
74
73
63
78
70
82
89
61
79
82
70
106
78
85
104
65
87
91
77
89
74
78
94
69
94
86
66
90
66
71
91
59
77
77
65
85
76
81
94
71
89
88
65
100
72
81
92
67
86
91
73
93
74
77
93
76
96
82
69
90
70
84
102
69
91
93
77
102
91
90
102
73
96
83
69
101
73
81
96
64
87
103
74
103
87
85
97
75
97
84
75
97
81
81
102
67
87
93
75
97
84
87
97
69
98
88
80
105
81
86
100
72
87
92
73
92
67
70
82
74
89
90
76
91
81
85
108
73
90
89
75
95
83
84
89
72
85
80
77
88
76
80
93
65
88
96
73
94
82
81
90
78
88
85
68
87
74
79
91
63
81
79
74
88
82
81
87
68
83
84
83
93
72
84
82
61
80
82
74
86
78
84
90
82
97
87
73
92
70
93
90
65
80
73
67
85
77
77
82
68
82
76
68
82
59
73
81
64
90
83
74
90
77
80
87
73
89
79
69
89
72
89
86
67
74
67
67
88
74
75
82
59
73
73
72
88
64
78
86
68
93
88
71
95
71
73
80
58
76
71
67
78
66
89
86
67
86
75
63
84
68
76
83
62
81
78
74
83
64
73
84
61
85
80
66
91
72
82
86
66
85
77
70
84
68
82
76
56
71
64
50
77
57
61
68
55
75
77
73
84
71
71
79
59
84
71
61
81
66
71
80
57
69
68
58
74
63
74
84
61
81
84
63
86
63
69
75
58
71
80
65
81
59
59
68
62
84
82
-347
-235
-452
-448
-449
-434
-439
-418
-420
-416
-417
-415
-416
-415
-416
-414
-414
-414
-414
-414
-414
-413
-414
-414
-415
-415
-415
-415
-415
-415
-415
-415
-416
-415
-415
-416
-416
-415
-417
-411
-416
-416
-417
-413
-417
-415
-419
-417
-420
-422
-426
-433
-446
-454
-458
-458
-459
-459
-460
-460
-460
-460
-462
-465
-467
-467
-465
-464
-462
-460
-460
-457
-418
-369
-321
-285
-257
-217
-190
-159
-137
-117
-94
-81
-62
-49
-34
-13
0
5
18
29
27
45
43
52
53
57
68
76
86
82
85
80
89
89
102
93
91
99
93
104
100
99
96
103
93
96
92
104
97
87
88
76
75
83
76
74
69
72
67
70
69
65
66
55
54
50
59
43
38
32
32
23
25
20
7
18
10
9
7
10
-1
-10
-11
-14
-21
-18
-16
-29
-34
-37
-45
-39
-47
-54
-60
-61
-71
-73
-61
-71
-80
-91
-81
-88
-82
-87
-93
-89
-93
-92
-93
-85
-96
-87
-91
-94
-94
-86
-83
-81
-78
-85
-82
-73
-77
-74
-73
-70
-79
-77
-69
-73
-71
-73
-62
-57
-49
-56
-55
-58
-51
-50
-46
-41
-44
-33
-34
-33
-39
-22
-35
-24
-24
-24
-20
-11
-7
-12
-7
-1
-6
3
15
14
15
16
17
24
30
21
25
17
28
23
42
34
36
45
51
50
48
60
51
63
61
61
60
68
70
68
73
68
72
78
82
81
80
82
82
87
95
88
90
87
91
95
107
101
96
94
109
101
99
110
97
108
104
108
98
112
106
106
109
108
104
108
115
111
112
113
107
117
119
122
126
122
120
126
136
132
129
125
126
123
121
117
112
114
116
115
115
123
114
129
123
118
119
124
120
115
115
111
109
119
118
114
111
111
103
105
119
114
112
113
114
119
126
121
125
111
119
117
109
123
108
103
116
103
95
122
97
111
120
107
122
116
119
129
111
118
119
102
128
113
111
117
100
121
126
100
119
99
107
126
113
125
121
109
127
122
116
136
114
124
127
109
129
124
117
125
105
115
121
103
130
121
112
126
105
117
129
112
126
112
109
122
108
119
116
101
130
120
112
135
112
127
131
119
126
123
115
134
119
128
132
118
136
121
116
128
107
126
132
117
131
116
108
128
121
127
118
106
130
120
121
130
111
126
125
111
127
125
120
132
118
125
125
111
131
119
115
122
104
122
130
111
122
115
113
124
116
128
127
109
133
122
118
124
102
109
113
102
122
116
105
129
110
122
114
109
128
119
116
123
104
121
126
106
123
108
112
123
116
126
129
111
128
120
124
132
117
127
130
117
136
125
119
134
120
127
124
112
125
105
114
132
116
134
142
123
145
130
132
146
135
137
132
114
136
127
134
143
115
131
135
120
144
130
123
134
121
133
135
130
141
125
121
134
118
132
129
114
131
114
106
120
108
120
114
102
119
108
119
123
103
111
107
87
117
94
90
100
80
102
99
86
102
89
95
112
86
114
102
83
106
92
94
114
84
104
99
83
106
91
99
102
80
101
96
81
114
98
96
111
90
109
109
99
112
97
95
112
87
113
97
87
114
97
95
112
87
102
103
90
107
92
106
101
85
104
102
88
117
98
99
110
92
108
110
96
110
89
94
104
79
109
96
82
108
93
99
112
89
104
104
89
110
93
105
109
92
112
100
85
116
93
100
104
86
108
112
90
110
93
98
104
86
110
99
82
107
86
93
105
70
93
88
77
101
90
100
101
87
108
105
94
117
95
102
107
83
105
103
88
110
90
95
104
93
116
105
91
113
96
102
120
90
114
107
93
109
99
99
105
85
105
95
90
113
85
99
107
87
106
106
89
110
100
100
103
89
105
93
84
105
83
90
111
78
106
95
91
114
103
101
108
87
112
104
92
117
89
100
104
85
107
108
93
114
92
100
106
89
110
102
92
115
99
106
119
94
119
106
94
115
103
104
110
90
113
107
98
112
90
103
110
91
116
113
89
116
96
93
105
89
108
98
93
112
100
112
116
90
113
106
89
115
106
100
111
91
119
109
104
120
101
106
114
95
122
118
99
120
106
108
113
105
116
116
104
122
105
118
125
103
123
120
100
128
118
112
114
98
118
113
114
118
101
102
114
95
122
115
107
125
113
119
125
115
126
124
108
124
105
115
122
102
114
106
100
122
112
115
120
105
124
119
121
134
123
125
129
114
137
129
122
137
126
126
133
124
130
135
126
142
129
145
142
125
140
132
125
141
124
126
131
117
135
130
129
136
118
128
136
125
150
138
131
147
131
137
136
120
130
126
118
138
121
136
139
124
138
135
120
145
128
134
141
123
143
138
135
147
128
140
140
126
153
138
129
148
130
140
143
128
141
132
129
147
130
142
139
121
137
133
126
149
127
134
153
153
142
150
148
144
162
138
145
147
125
152
143
134
150
134
142
157
134
157
144
136
153
136
148
151
130
153
143
132
158
127
138
148
127
146
147
139
156
137
146
154
130
160
138
134
158
135
145
160
120
140
132
118
134
127
131
141
120
147
137
130
160
127
136
149
128
148
147
130
149
132
137
141
122
149
139
131
149
136
139
153
130
149
144
128
151
138
141
148
129
153
145
134
160
133
144
154
135
158
158
141
166
138
152
158
144
160
145
135
149
134
141
155
134
148
144
132
154
148
153
156
135
153
150
142
158
134
140
147
122
141
146
133
155
137
142
149
138
147
141
136
154
136
147
161
131
158
149
139
153
147
148
145
132
150
142
138
152
130
142
144
129
153
152
136
153
137
144
140
134
147
137
137
152
136
154
157
137
157
148
136
148
143
145
146
129
153
146
146
161
138
152
153
138
159
152
138
156
138
145
145
135
152
134
135
156
133
151
150
135
157
142
142
157
139
147
148
133
155
140
143
150
127
138
138
124
143
140
130
153
136
149
155
147
167
145
147
158
135
158
147
135
154
136
129
153
130
143
146
130
147
138
143
153
134
150
148
128
157
141
132
153
131
146
151
136
152
137
134
150
130
155
151
133
158
143
138
159
129
141
143
126
144
134
138
151
126
137
146
126
161
144
144
164
137
157
153
144
157
145
141
159
139
159
154
136
158
147
136
159
135
150
155
133
157
149
149
160
135
151
155
134
162
135
140
159
132
146
154
132
150
134
132
152
132
156
149
127
150
138
137
161
130
148
153
131
151
147
142
160
134
151
151
134
161
138
138
156
138
149
163
135
161
150
148
159
133
158
154
137
162
149
147
168
137
151
155
137
160
150
147
165
143
162
158
148
171
152
153
168
144
157
170
136
159
145
138
156
138
155
154
136
163
149
150
174
146
166
157
136
163
154
148
162
136
153
151
136
159
147
146
163
137
155
161
134
159
145
149
162
142
158
151
139
158
142
138
159
136
149
148
132
156
154
143
158
137
151
151
144
163
143
146
158
133
154
154
130
157
137
142
154
143
150
156
147
164
147
156
169
137
158
157
136
159
148
146
160
138
150
154
145
158
140
142
155
133
150
154
139
155
143
146
155
138
149
147
132
151
143
147
158
131
151
145
129
146
148
144
155
136
154
149
141
154
138
133
154
127
151
152
136
164
138
142
155
134
151
149
126
149
135
145
148
130
153
145
136
159
147
140
146
130
151
148
138
155
140
139
153
131
156
150
135
157
142
137
155
140
150
142
126
146
132
145
153
128
144
137
124
146
139
128
147
124
139
141
142
159
147
148
163
134
166
154
134
158
143
139
158
133
152
151
139
159
145
161
155
142
156
159
143
164
139
144
161
133
153
152
143
152
129
137
149
130
156
156
132
157
148
144
160
135
152
149
131
146
136
144
151
124
134
135
119
148
132
141
153
129
156
153
141
154
145
144
152
125
147
144
126
145
134
138
152
128
144
140
134
154
144
149
160
134
156
150
139
168
137
144
151
132
147
151
134
149
138
138
153
123
149
140
122
146
134
138
157
130
146
140
128
141
128
133
144
127
147
141
129
158
134
132
144
123
135
140
123
137
127
129
146
121
141
135
124
141
132
141
149
119
132
131
115
138
128
136
140
122
144
135
127
150
132
134
138
118
133
142
123
141
125
129
132
117
128
129
119
129
121
123
138
116
129
130
117
137
130
136
137
121
137
130
114
137
119
116
137
115
137
140
122
139
124
130
138
126
137
133
121
135
124
130
149
118
136
130
120
137
133
133
138
117
133
133
125
151
130
133
142
115
137
131
119
134
122
118
123
112
130
130
116
136
121
125
140
118
136
131
122
129
124
118
125
105
130
129
122
137
117
123
125
107
129
129
118
129
123
118
130
120
132
128
114
134
120
130
139
117
135
125
109
125
120
119
130
115
135
131
127
136
121
122
118
104
126
131
118
140
129
129
138
125
139
132
125
139
124
135
137
121
131
132
117
140
133
131
140
119
136
129
131
142
132
132
136
117
140
140
121
140
123
124
135
131
146
131
124
135
124
133
140
117
134
131
118
136
114
121
127
116
127
117
121
132
124
128
141
111
143
135
126
139
123
124
132
114
124
121
111
127
113
126
131
113
130
128
124
142
121
124
126
111
131
127
122
134
122
124
128
107
138
124
118
134
122
128
140
124
134
134
124
132
121
139
136
115
130
119
109
129
114
111
125
112
133
132
127
141
125
132
140
118
140
125
116
131
119
117
132
116
130
122
109
131
117
129
132
118
135
128
123
148
129
127
130
115
136
133
126
136
119
123
120
107
127
122
117
133
119
122
134
115
133
125
116
125
107
123
120
107
125
119
111
139
121
123
127
108
131
127
117
129
115
123
124
114
130
126
112
126
112
118
134
117
133
124
112
126
117
128
132
120
135
126
116
143
121
130
133
110
132
132
125
132
121
124
120
111
131
118
112
134
113
120
128
113
128
125
121
126
126
132
138
121
139
126
114
137
111
115
118
101
120
121
111
124
108
116
124
110
131
120
108
128
107
117
124
106
126
109
106
122
111
120
126
106
132
122
119
134
116
124
123
107
123
122
111
130
120
117
119
105
123
106
103
124
106
125
131
117
129
130
117
135
127
118
118
98
119
110
108
121
105
106
114
93
119
121
105
126
110
120
121
111
127
113
106
120
105
123
126
110
124
117
102
120
105
110
115
109
123
113
115
129
113
117
123
104
123
115
107
124
104
111
116
111
125
116
111
126
114
126
125
102
120
109
104
123
111
116
116
106
120
111
120
125
106
113
120
98
123
115
110
123
104
113
114
106
121
112
105
116
96
109
111
91
119
102
106
117
100
107
107
90
108
96
96
108
90
114
107
97
124
108
108
121
103
113
122
112
119
105
101
112
93
120
115
101
126
111
113
129
116
119
122
104
124
115
120
130
113
125
117
102
129
114
110
122
110
119
123
110
131
119
113
124
100
128
124
106
127
110
105
121
98
108
107
94
131
117
118
135
111
125
125
109
139
126
118
134
113
121
126
106
127
109
108
123
103
126
120
107
125
111
109
134
113
127
133
113
132
125
120
127
109
119
124
104
131
115
114
129
109
120
131
108
130
117
118
125
107
122
123
101
121
109
106
137
110
122
124
104
129
128
126
131
116
121
126
108
140
125
112
130
112
123
134
117
133
127
120
125
108
120
125
106
134
122
119
138
119
131
130
111
124
121
118
128
119
121
127
105
132
112
107
121
105
118
128
106
127
110
107
125
112
119
123
108
134
122
125
141
119
121
119
103
117
120
115
126
108
121
122
106
130
121
115
126
107
121
130
119
127
116
111
125
110
114
118
113
127
110
118
126
108
119
124
106
125
120
115
127
109
121
119
113
120
107
115
112
99
115
124
105
124
117
122
128
126
130
128
111
123
106
108
122
101
116
118
99
118
114
110
119
106
121
115
111
128
117
115
117
102
116
119
101
122
109
115
118
109
111
109
100
121
106
114
122
104
126
116
102
124
102
109
115
97
109
109
107
121
102
107
115
98
128
129
113
130
111
111
117
105
114
113
102
129
112
121
121
99
117
108
98
117
106
111
118
103
116
113
105
121
108
117
126
98
125
120
103
125
110
113
130
110
113
113
93
125
106
122
115
99
120
113
94
128
107
107
125
103
121
119
115
133
116
116
121
96
125
120
100
120
104
108
127
109
126
122
97
119
102
114
119
100
118
119
98
125
101
99
115
97
114
113
102
125
108
109
118
97
118
113
95
120
100
107
126
99
112
110
86
118
101
108
113
95
121
115
103
135
109
114
124
106
118
118
100
115
100
99
108
95
119
118
101
124
106
108
126
108
119
121
104
118
109
117
119
102
116
115
96
126
100
106
112
100
118
123
104
121
104
113
121
106
124
119
99
116
100
100
117
97
113
110
98
113
107
113
118
97
113
108
97
122
99
104
102
88
106
107
91
113
97
101
106
94
116
100
93
112
95
105
117
101
117
113
101
113
104
106
112
97
113
108
101
122
101
106
109
96
117
124
106
121
103
110
114
104
120
109
100
122
105
110
131
115
131
126
106
121
109
113
117
99
117
105
104
124
101
110
116
99
114
117
99
116
98
107
108
104
114
109
95
122
102
112
119
97
115
112
99
121
106
113
116
101
117
109
103
123
100
106
110
87
117
114
97
117
99
113
118
112
126
121
104
124
102
119
118
97
115
108
95
120
105
109
115
97
114
110
106
128
108
113
118
92
118
111
97
116
94
106
110
97
108
100
88
116
97
111
112
90
112
103
95
121
105
103
113
88
112
101
101
115
95
103
103
89
123
117
103
123
103
105
119
103
115
104
93
113
91
116
113
91
117
107
94
120
102
105
110
94
113
99
100
114
95
106
110
91
118
108
95
119
96
103
110
98
111
107
95
116
95
115
111
93
115
106
93
116
90
101
101
84
110
103
95
117
101
109
110
91
121
101
90
114
89
106
108
96
109
102
92
111
90
113
106
89
112
100
90
121
89
102
101
87
111
104
98
112
93
107
104
