74
77
58
73
67
56
87
61
67
69
50
63
57
54
76
61
66
77
60
84
72
65
84
62
73
85
62
78
72
65
85
66
76
73
53
76
66
61
88
64
77
79
64
86
84
70
87
68
75
76
60
83
69
55
69
55
61
80
58
82
74
68
89
75
91
89
65
86
72
62
85
61
69
79
60
73
78
61
82
65
79
83
63
89
76
70
87
68
73
86
59
81
66
62
81
71
78
74
57
74
71
66
88
63
76
84
63
85
85
65
82
60
65
77
62
83
73
67
81
64
74
87
64
90
74
67
86
68
76
79
60
76
70
69
90
61
73
83
64
82
78
61
76
63
72
78
70
89
80
69
92
65
82
91
66
84
72
69
84
74
77
78
60
76
74
76
86
63
72
75
57
74
79
62
83
68
78
82
72
88
77
72
87
62
73
74
55
76
63
58
79
74
80
82
64
86
73
74
84
61
72
78
65
88
79
69
80
54
70
78
64
80
71
64
81
57
75
74
59
74
67
66
83
70
75
73
48
67
55
60
74
55
67
79
63
81
82
73
89
63
69
76
59
75
66
67
78
56
70
73
48
76
71
64
85
70
80
79
56
84
69
78
85
67
80
86
70
90
74
68
81
58
76
81
73
87
70
66
82
64
87
80
56
76
61
50
75
60
74
73
60
79
71
85
88
67
79
81
62
89
71
63
77
59
70
74
60
76
71
67
85
60
76
76
57
75
68
69
89
63
70
76
62
79
74
71
84
58
65
73
60
88
72
71
82
63
74
81
64
77
64
61
75
56
75
76
58
73
66
67
91
70
81
82
63
69
69
63
71
56
75
76
62
90
73
72
85
69
76
86
64
84
70
72
83
61
77
73
56
76
69
70
87
63
73
78
59
83
75
74
84
61
75
78
64
89
70
67
65
53
64
73
53
76
66
68
88
70
87
86
77
93
77
74
89
63
76
71
58
79
72
71
80
61
72
75
68
90
75
71
89
68
84
84
63
83
70
70
85
70
84
77
61
79
66
72
92
61
80
83
70
89
78
75
86
62
68
74
62
79
59
64
81
55
74
79
60
81
66
75
88
74
83
79
60
80
69
74
88
61
77
78
62
76
72
68
81
48
72
80
68
89
72
74
86
58
80
85
65
86
73
74
89
76
85
85
60
80
68
74
86
64
80
74
59
79
71
72
88
69
81
79
76
89
78
80
85
71
87
86
58
84
72
72
91
74
86
87
65
93
82
89
91
71
82
81
68
90
77
71
88
62
76
77
75
90
75
76
87
69
88
89
65
88
70
67
88
72
88
81
69
82
66
87
80
63
78
82
68
96
75
82
95
74
90
87
85
94
79
80
85
65
85
81
65
82
70
82
93
78
86
90
77
95
84
90
93
68
84
84
74
100
77
86
94
72
92
85
81
97
80
85
94
71
99
85
81
92
77
80
91
67
80
76
65
80
75
86
83
71
96
83
77
110
75
83
92
68
86
82
72
87
71
77
79
62
93
76
63
83
64
73
95
68
81
80
66
90
72
87
82
63
81
79
67
96
68
77
83
67
87
81
67
90
72
79
88
65
91
85
68
84
64
68
88
67
88
81
72
99
75
88
86
63
80
78
66
93
72
84
92
66
88
91
68
88
71
77
82
69
90
86
65
82
62
66
92
61
81
77
64
81
71
78
85
61
79
79
67
91
72
71
84
57
82
84
61
79
69
70
76
60
78
76
70
91
74
78
94
68
88
76
63
74
75
70
74
57
73
77
67
94
67
72
82
62
85
91
70
84
70
72
78
65
80
74
59
76
64
65
87
66
81
78
69
78
77
75
86
65
79
70
63
81
64
69
71
56
65
72
62
68
62
66
81
68
86
82
76
88
69
78
80
65
78
75
59
76
72
69
78
55
70
68
71
81
67
75
73
60
75
83
64
84
65
76
74
65
76
69
65
78
63
69
79
62
79
77
63
80
76
76
78
63
79
66
67
79
60
63
71
56
84
81
65
85
68
81
78
69
83
67
67
80
68
80
79
60
84
71
65
83
71
83
80
68
84
73
75
87
69
73
83
60
87
79
72
85
63
70
78
69
79
76
69
94
67
84
81
59
80
73
64
80
67
75
78
65
87
79
74
88
73
83
85
64
93
74
67
79
56
66
85
71
83
76
66
88
68
91
81
60
79
74
68
86
68
76
83
56
70
72
62
79
62
71
75
55
84
75
69
89
71
75
87
65
77
77
77
53
77
55
72
89
-452
-401
-452
-451
-452
-429
-433
-417
-415
-419
-411
-416
-416
-415
-416
-415
-415
-415
-414
-415
-414
-414
-415
-414
-414
-415
-415
-415
-415
-414
-414
-415
-415
-416
-415
-416
-416
-415
-416
-415
-416
-416
-416
-417
-414
-419
-417
-419
-422
-426
-432
-446
-452
-459
-459
-459
-459
-459
-460
-460
-461
-462
-465
-466
-465
-464
-461
-460
-458
-458
-456
-420
-367
-329
-286
-257
-232
-191
-169
-143
-126
-91
-80
-64
-49
-36
-24
-8
4
16
27
34
29
57
55
57
63
66
74
78
88
87
84
84
92
85
100
83
88
95
96
94
92
97
92
98
92
102
98
97
100
95
106
97
91
101
99
90
86
77
71
78
74
68
60
55
62
55
62
48
41
35
36
25
31
25
22
21
11
11
-1
-4
-11
-13
-15
-22
-23
-22
-28
-36
-32
-46
-45
-42
-48
-49
-55
-58
-61
-61
-64
-79
-86
-92
-85
-92
-80
-87
-84
-81
-86
-81
-83
-80
-93
-86
-90
-92
-93
-85
-83
-89
-87
-86
-89
-80
-75
-76
-77
-79
-79
-74
-66
-66
-74
-70
-62
-61
-47
-57
-54
-54
-52
-50
-46
-40
-45
-33
-32
-31
-35
-18
-25
-25
-23
-18
-13
-12
-12
-10
-6
-8
-4
6
17
18
19
22
23
30
40
31
38
27
39
29
44
34
39
41
43
48
47
51
50
57
55
55
55
60
61
63
68
75
73
80
86
85
86
87
80
89
92
87
87
88
91
93
105
93
92
88
100
92
103
100
97
103
101
100
95
112
106
106
111
111
114
121
122
120
115
109
109
112
120
115
115
113
114
116
124
121
119
116
126
119
122
116
115
114
114
111
111
122
109
118
118
119
117
117
120
117
117
122
118
116
123
117
116
113
112
111
123
114
102
107
96
103
118
98
113
111
108
124
114
123
124
108
118
115
94
124
105
110
120
95
116
112
102
120
109
111
115
103
126
123
109
126
108
112
130
105
118
111
104
121
114
107
117
99
116
118
104
134
118
116
129
115
126
131
116
124
117
114
123
108
134
126
110
130
120
119
143
124
131
138
124
138
133
129
139
113
137
133
122
145
133
133
142
120
125
135
120
140
131
127
137
122
142
138
123
136
127
122
143
118
132
128
116
135
133
128
138
117
131
134
125
133
125
123
138
120
130
141
118
136
129
136
145
129
146
148
132
151
132
130
152
126
136
131
116
138
139
134
140
120
136
137
126
136
124
125
132
118
128
140
119
130
124
124
133
126
137
139
122
137
128
129
144
121
134
135
121
138
136
134
138
112
124
122
116
134
120
121
137
119
138
142
131
149
136
139
145
132
143
139
122
134
125
124
132
114
131
133
117
131
131
125
131
110
126
123
118
133
117
118
126
106
130
124
102
124
110
117
130
119
129
134
123
138
129
139
142
120
133
125
111
133
124
116
129
108
130
124
126
136
128
132
138
117
136
132
114
131
116
112
124
110
122
120
111
132
115
122
125
104
124
123
106
130
123
119
130
115
123
117
114
125
104
108
116
97
123
110
96
115
98
103
111
99
114
109
98
111
96
106
106
84
107
104
92
116
100
105
114
95
110
100
91
114
89
95
101
77
113
93
85
102
80
89
102
77
96
84
82
97
79
92
96
72
103
96
81
113
88
98
102
79
104
101
91
107
91
99
102
82
117
101
89
111
90
97
110
87
105
98
88
107
97
110
115
94
115
108
94
126
99
103
109
86
107
99
91
114
98
105
108
90
124
107
98
117
102
102
121
95
117
106
97
117
106
109
114
90
114
106
96
123
106
114
121
101
120
120
107
122
103
108
116
95
124
108
101
114
97
108
122
106
125
124
113
129
125
126
130
111
120
114
102
129
110
112
121
99
119
120
103
120
107
114
124
108
127
116
108
129
117
124
134
112
128
126
108
128
122
122
123
104
129
120
114
139
119
121
129
114
125
123
107
124
109
116
121
110
129
125
116
136
121
123
134
112
129
123
113
129
126
125
128
116
134
126
119
137
119
118
129
114
131
132
115
125
104
116
123
112
131
127
114
133
117
125
135
111
129
123
114
132
129
134
139
115
127
116
114
129
117
120
122
103
125
125
114
132
116
118
128
121
131
124
112
128
110
116
123
100
122
116
107
125
120
124
130
111
127
126
120
136
121
127
129
114
135
135
115
133
117
119
129
123
133
124
113
137
117
133
139
118
134
127
117
135
124
123
123
104
121
110
109
125
109
121
125
110
136
132
121
137
122
124
127
115
132
127
115
138
122
132
137
116
130
131
126
143
132
140
146
125
145
138
141
148
130
135
140
121
149
140
133
147
123
127
136
127
143
137
130
149
129
150
147
126
139
129
123
144
143
135
129
148
138
142
149
135
148
150
128
159
139
131
152
131
139
147
130
150
143
132
150
135
152
147
127
147
136
137
159
136
145
150
131
149
143
143
154
133
143
143
123
154
141
133
150
127
134
145
126
143
133
127
142
124
146
147
134
156
138
137
161
132
145
149
134
153
137
132
147
125
137
145
126
153
140
138
154
131
145
154
128
148
134
126
142
132
143
144
118
138
127
120
148
123
134
145
125
143
145
137
149
126
138
141
128
153
137
129
144
119
122
140
112
144
139
133
150
138
154
150
131
152
142
132
155
127
139
146
124
148
147
136
150
129
139
146
129
154
142
136
153
137
144
162
127
155
142
140
150
141
150
151
130
150
136
132
158
136
147
146
131
152
148
139
155
135
143
143
126
145
136
131
152
133
141
154
128
149
143
132
147
137
140
148
127
145
138
140
154
132
144
146
131
155
150
134
152
132
142
149
136
155
141
136
152
134
150
159
135
151
140
133
150
138
145
149
132
151
134
139
150
128
145
144
127
147
147
139
151
131
140
145
141
158
141
142
154
130
143
146
119
140
131
134
149
137
145
145
129
152
139
148
151
134
152
146
129
154
145
142
153
130
144
143
140
152
141
141
153
137
156
154
136
157
141
144
159
142
155
148
132
151
134
140
147
123
146
148
129
164
143
149
159
140
151
147
139
150
133
139
144
132
152
146
127
148
130
138
148
136
147
147
129
157
140
151
154
131
149
145
124
158
140
144
159
131
142
143
130
151
137
139
152
129
159
143
129
155
135
132
151
128
142
141
123
148
132
143
155
128
154
143
132
165
134
137
146
126
137
145
129
151
135
134
151
130
152
147
123
142
136
131
156
131
141
147
121
148
126
136
152
131
146
143
126
154
136
138
152
126
134
146
128
147
135
137
149
125
141
138
125
147
137
134
162
124
144
149
132
154
145
143
146
128
135
139
122
151
135
136
154
127
143
161
133
155
136
137
143
130
152
150
131
149
135
132
151
131
142
145
128
152
147
147
152
138
148
151
119
158
138
137
151
126
138
145
122
135
124
130
142
132
147
147
132
154
140
151
159
136
149
146
130
147
140
136
143
128
139
143
131
159
133
146
146
131
144
149
129
146
131
127
139
128
142
136
124
140
124
128
144
123
134
137
122
142
139
136
151
129
149
139
128
147
122
130
137
122
130
148
131
152
136
145
155
142
160
144
134
155
129
142
152
129
147
140
128
153
144
142
151
123
147
141
135
150
135
139
149
130
146
153
131
155
132
140
146
129
151
141
126
142
129
137
143
117
135
137
116
132
122
122
124
102
125
126
115
137
125
128
144
126
150
145
122
143
119
123
124
122
137
134
120
142
126
138
151
123
139
139
119
144
128
133
143
117
130
135
123
140
124
123
136
115
137
127
111
140
124
129
137
125
133
133
119
136
119
128
131
106
119
117
106
134
120
119
137
121
133
137
129
146
120
116
130
104
132
128
108
123
115
117
120
107
119
119
106
127
103
128
136
114
125
123
106
132
121
116
125
107
118
123
109
129
121
121
130
120
142
136
121
139
125
124
132
107
126
120
107
130
119
128
125
112
125
122
113
142
127
124
131
106
123
122
112
124
106
115
119
99
130
119
104
122
108
110
125
105
126
119
111
130
115
124
123
112
131
127
104
140
120
123
131
113
130
131
122
132
118
127
128
116
131
126
113
130
119
129
137
117
130
126
117
137
129
134
136
120
129
129
114
137
116
122
127
113
133
134
127
138
120
125
127
114
136
132
119
136
115
120
128
104
122
117
110
130
128
135
136
116
127
130
121
145
122
134
137
121
137
136
118
129
112
115
125
114
140
131
124
138
120
134
150
123
144
136
126
138
131
136
137
115
138
128
122
143
123
127
132
119
133
139
123
138
126
128
134
122
139
126
116
136
118
122
132
113
127
123
113
136
127
128
137
114
135
127
119
136
115
120
120
108
125
128
112
136
117
126
140
126
138
130
123
134
115
124
135
117
131
126
105
133
122
127
133
118
129
125
120
128
117
119
129
116
136
144
121
138
123
126
126
119
126
129
118
133
117
125
129
108
125
117
111
133
122
124
120
105
120
119
117
130
119
124
130
111
140
133
120
129
112
116
109
108
118
114
104
127
113
129
131
112
128
120
110
128
123
120
126
116
125
117
114
130
113
123
126
110
133
123
113
126
116
122
128
124
130
128
114
135
117
132
130
120
121
113
107
128
118
116
125
107
130
126
128
144
120
126
128
116
136
121
115
128
111
113
124
109
130
122
113
124
106
128
126
115
132
124
108
137
121
120
128
115
130
124
120
128
115
129
126
111
135
128
119
140
124
133
142
118
131
116
109
122
107
128
125
109
124
122
107
138
117
133
130
117
136
124
120
127
110
116
120
104
130
121
108
129
112
121
125
104
123
113
113
129
116
124
121
104
130
121
107
134
109
120
120
108
116
117
109
123
105
113
119
103
130
116
105
123
97
113
122
103
117
110
104
131
117
123
126
109
133
120
112
127
106
117
114
101
118
117
106
129
108
117
116
99
128
108
107
120
101
114
124
100
115
112
104
123
108
120
113
100
122
112
113
129
110
113
125
100
118
118
108
125
99
114
103
95
123
104
104
120
105
114
129
112
131
122
107
128
110
122
116
98
115
110
102
119
96
108
116
96
118
112
105
122
104
122
113
108
119
111
102
119
102
113
118
97
117
105
105
120
110
117
114
108
119
114
111
126
96
110
113
92
119
107
98
117
102
115
117
106
124
117
115
135
110
133
138
116
131
118
111
122
114
123
122
111
125
115
120
129
101
118
118
107
127
119
110
121
102
114
113
100
117
107
106
124
101
127
126
109
121
111
110
121
117
123
126
111
125
110
117
126
99
114
116
103
126
123
112
125
111
124
123
109
127
113
115
125
103
126
125
110
129
122
112
130
119
122
122
108
130
122
123
127
111
124
122
110
136
125
115
131
112
126
127
116
126
113
118
127
110
134
129
112
127
111
109
129
112
126
119
107
128
113
128
136
122
129
133
113
135
123
114
130
111
122
115
110
125
112
118
125
106
130
126
103
132
115
111
129
110
123
118
107
117
110
118
122
101
116
111
100
124
110
112
125
104
123
126
108
124
109
112
127
101
122
114
97
117
100
106
116
99
120
120
109
126
116
117
129
111
121
115
100
130
111
111
124
102
122
123
103
124
107
112
126
103
127
120
107
126
110
114
134
106
120
123
105
125
115
116
121
100
118
106
103
132
115
114
124
100
115
121
100
122
101
107
117
101
125
116
103
124
111
109
129
100
120
120
100
118
102
108
115
94
119
112
99
121
107
108
118
99
115
124
97
117
102
103
116
100
119
116
101
119
113
114
128
98
116
114
99
117
109
106
116
100
111
108
92
117
102
103
114
88
115
115
96
118
103
106
118
104
119
115
102
122
106
103
117
90
115
113
104
118
112
107
117
100
118
117
102
120
103
106
118
95
117
117
96
111
97
97
110
105
116
113
101
117
101
113
123
98
114
109
101
116
108
101
108
89
104
100
92
110
97
101
112
95
118
124
109
126
112
107
113
100
113
109
98
118
104
115
115
97
113
107
104
117
106
106
115
97
117
115
109
118
103
106
113
91
117
112
102
117
100
102
106
98
112
109
98
117
103
111
111
94
115
101
90
117
98
100
111
98
121
111
111
121
106
118
120
100
126
115
103
121
106
113
119
106
118
112
105
124
104
119
117
91
121
112
104
131
113
111
119
99
119
113
113
125
106
110
119
100
128
119
110
127
109
111
119
100
122
114
101
117
100
116
115
94
126
115
103
132
118
118
127
107
129
129
116
121
102
105
115
97
124
114
104
125
109
116
129
108
124
120
107
127
113
124
128
105
125
115
101
134
112
114
125
108
131
131
118
129
114
115
121
104
132
122
105
126
107
101
115
90
111
110
101
118
104
115
120
104
127
117
99
130
109
109
116
97
114
118
101
117
99
109
120
106
128
119
104
124
106
113
128
108
118
115
102
122
112
116
121
102
115
105
98
123
107
114
121
100
118
121
108
121
106
107
113
96
113
99
93
113
101
107
118
96
114
114
109
124
113
115
119
99
116
110
101
119
100
105
115
95
120
118
103
115
97
109
108
101
119
108
101
119
106
115
126
99
114
102
99
113
108
108
110
93
117
101
96
117
97
107
111
95
119
113
100
112
95
110
106
100
118
105
100
118
103
114
120
98
113
102
97
113
103
107
115
97
117
104
106
124
100
111
116
94
120
111
102
120
97
106
107
96
115
104
97
113
97
113
117
99
117
102
95
115
96
99
102
83
106
93
100
105
77
98
100
83
114
103
92
120
102
111
116
102
110
101
92
114
89
111
107
83
111
98
89
116
94
102
106
85
114
97
98
113
86
103
105
84
120
103
89
113
88
101
97
83
107
95
100
112
92
115
113
90
119
104
94
117
97
101
101
83
110
96
96
106
88
97
109
90
124
101
90
117
89
101
104
83
105
94
91
111
88
108
103
81
106
89
84
114
91
107
105
87
109
101
98
113
92
102
102
81
115
94
93
115
92
106
106
89
109
103
95
117
89
114
105
87
110
94
90
113
89
103
101
86
