99
77
75
93
69
84
92
71
90
81
69
87
69
86
80
63
81
75
68
102
74
89
89
72
95
93
80
100
74
89
91
64
93
76
65
91
72
82
94
70
94
80
74
90
72
84
85
64
87
83
71
102
69
79
83
63
81
89
76
98
70
85
92
72
103
82
78
99
71
84
98
66
88
77
67
85
71
78
91
72
97
82
81
106
80
89
95
75
90
86
71
91
72
83
95
77
96
75
74
89
74
83
93
67
94
82
72
94
84
81
87
68
88
77
72
98
71
84
87
65
80
87
73
92
72
86
84
71
91
80
70
84
67
78
88
63
84
82
74
89
77
82
82
73
91
82
76
93
80
82
92
72
89
90
75
94
78
85
90
80
91
83
72
92
77
88
95
72
92
80
75
92
85
92
89
75
93
86
82
98
76
90
88
67
93
84
75
92
73
81
87
84
91
83
80
97
74
97
94
82
101
87
87
96
76
83
86
76
99
85
89
100
81
99
93
84
107
89
91
100
79
92
100
84
100
83
87
98
72
101
90
79
104
91
89
110
89
103
97
78
106
87
99
97
80
100
93
74
99
83
80
104
81
98
99
89
114
92
96
106
79
114
94
75
98
82
78
104
76
91
90
70
98
79
87
101
76
95
93
76
104
90
82
100
72
92
94
81
105
81
80
98
76
95
96
76
107
85
84
115
77
98
91
78
97
79
81
95
75
87
92
77
109
86
83
109
74
97
99
78
99
82
84
98
78
101
90
73
96
78
81
117
76
87
88
71
86
83
82
98
68
90
96
74
109
88
88
98
73
92
102
77
99
85
82
99
71
93
99
69
98
76
78
97
67
90
94
75
97
89
92
105
81
100
100
78
104
78
80
91
75
89
104
73
100
90
81
101
80
100
89
78
98
77
82
104
74
94
91
71
92
98
79
100
72
93
92
82
107
85
89
100
76
91
99
73
100
80
78
93
76
87
83
69
93
85
83
108
82
97
96
78
105
88
84
94
72
90
87
77
99
81
81
96
66
89
96
72
98
84
89
101
82
100
93
84
99
84
89
113
78
102
92
80
97
89
87
100
78
96
94
94
105
87
87
103
70
95
94
79
101
84
93
106
86
103
96
80
108
92
99
105
77
99
91
82
100
93
92
101
75
97
93
85
104
83
89
96
71
96
93
82
100
86
84
101
82
95
96
75
99
79
95
99
70
97
82
73
97
88
81
96
68
92
86
76
89
76
83
98
75
109
94
82
103
88
92
103
83
100
91
76
93
81
93
102
71
92
95
78
101
88
85
96
68
92
84
80
98
76
85
92
72
89
86
74
101
78
79
95
74
92
90
74
88
75
82
91
68
83
77
59
81
64
63
73
54
78
80
75
88
78
80
95
70
96
74
63
83
68
73
90
66
85
78
68
83
73
85
93
68
92
82
66
98
73
79
85
65
80
82
75
86
75
76
91
63
91
86
69
94
77
80
96
70
89
92
73
90
74
76
85
57
77
75
68
96
65
79
87
68
87
95
77
98
77
81
94
67
101
80
73
95
76
79
97
65
92
87
71
91
78
87
95
69
93
84
69
100
75
82
95
71
86
90
72
93
77
80
88
69
91
79
66
88
77
72
95
59
82
76
67
89
81
85
92
78
96
82
76
101
78
77
89
60
78
89
75
98
78
86
89
77
97
85
80
95
81
82
103
70
91
88
79
86
83
79
88
73
90
87
69
98
77
84
98
68
88
93
77
92
80
82
89
74
86
80
65
84
74
84
102
72
94
88
81
96
92
81
95
75
92
86
78
94
76
81
85
68
81
87
77
92
83
91
92
79
101
87
77
86
71
82
91
73
88
84
77
87
84
77
84
67
83
83
79
95
81
88
90
70
86
84
69
88
72
76
80
68
84
79
74
85
71
93
97
71
90
86
70
87
82
81
82
65
89
78
80
93
73
84
86
68
90
86
75
97
78
84
86
77
97
79
82
98
71
92
95
72
91
85
72
93
79
85
93
67
92
83
80
83
66
70
76
60
83
71
63
81
67
75
85
69
89
75
70
87
67
83
88
61
81
74
65
90
77
81
87
64
86
72
76
85
67
72
81
53
82
78
60
80
67
76
82
71
86
80
68
91
69
82
87
66
89
78
64
89
70
72
71
55
71
78
71
86
74
79
90
70
101
84
76
97
75
85
91
74
87
83
67
87
64
80
85
67
90
82
72
99
79
85
90
75
89
85
80
96
67
81
84
68
94
78
64
84
74
81
92
72
87
82
74
95
77
87
92
83
81
77
69
109
-457
-446
-450
-450
-452
-428
-428
-420
-414
-420
-413
-416
-417
-412
-416
-416
-415
-415
-414
-415
-415
-415
-415
-415
-415
-415
-415
-414
-415
-415
-415
-416
-415
-416
-415
-416
-416
-415
-416
-417
-412
-417
-414
-416
-417
-414
-420
-418
-421
-423
-428
-435
-451
-457
-458
-460
-460
-461
-461
-460
-461
-461
-463
-465
-466
-464
-463
-462
-461
-460
-459
-449
-400
-362
-319
-273
-240
-210
-187
-156
-141
-115
-86
-74
-61
-41
-26
-21
1
6
11
23
41
39
44
56
53
63
62
74
80
86
82
87
91
88
89
92
98
91
95
92
88
97
94
94
92
96
92
102
102
97
97
89
99
87
90
84
79
81
75
70
64
73
57
56
53
50
49
46
35
52
54
46
33
32
27
20
19
17
8
8
8
-2
-21
-24
-22
-30
-24
-34
-35
-44
-40
-51
-53
-48
-64
-64
-67
-72
-78
-73
-77
-75
-84
-87
-84
-93
-77
-86
-82
-80
-88
-84
-81
-88
-93
-96
-94
-87
-86
-88
-86
-87
-80
-86
-81
-83
-85
-77
-75
-72
-74
-62
-66
-68
-65
-63
-51
-52
-46
-49
-44
-41
-42
-41
-24
-37
-31
-32
-35
-19
-16
-20
-19
-15
-8
-8
2
8
3
0
15
11
15
27
20
31
32
28
31
38
31
38
33
33
34
39
51
46
48
51
46
52
61
58
57
65
68
75
74
77
72
69
77
76
79
81
80
87
90
88
88
100
87
92
94
101
98
102
112
106
104
102
100
100
114
106
106
110
111
118
126
128
119
122
127
125
129
131
125
120
125
115
119
125
115
123
124
128
132
132
130
133
131
127
126
123
133
123
127
123
121
121
128
122
119
117
116
126
124
123
119
120
128
119
125
125
120
120
121
117
112
118
110
112
113
106
114
109
127
125
118
129
126
117
143
122
123
126
105
120
126
112
122
112
120
129
112
123
120
103
129
117
113
137
116
133
131
118
138
130
127
139
119
127
126
111
147
127
124
125
104
121
130
118
134
121
118
133
119
128
128
105
127
113
114
131
117
128
134
114
129
121
109
127
109
122
115
101
131
112
115
125
108
118
135
113
128
117
111
129
119
126
117
105
129
120
122
138
117
127
134
117
131
129
123
136
120
133
136
121
143
129
131
138
117
123
140
119
136
120
116
130
125
132
135
118
136
124
129
143
120
129
138
114
129
122
113
120
108
125
122
110
133
126
120
131
111
122
128
110
129
114
114
122
108
122
118
102
118
108
117
131
111
123
127
113
136
130
127
129
116
127
126
119
129
116
115
122
104
116
118
105
129
119
121
129
125
127
128
115
127
107
117
122
102
119
118
100
123
110
106
119
103
119
118
115
128
120
119
129
111
130
130
117
135
121
120
129
120
129
132
117
132
119
130
141
121
136
134
118
139
129
129
135
108
122
122
115
130
115
123
133
117
136
135
117
132
120
121
127
111
130
126
107
131
114
128
128
105
117
119
102
129
110
108
114
90
114
109
102
115
99
105
113
93
126
112
93
122
101
107
119
103
116
116
101
117
96
112
115
99
120
116
99
133
117
117
128
113
125
127
120
138
124
127
134
116
135
127
106
128
115
118
132
117
128
128
112
132
120
127
128
112
125
125
105
139
125
122
125
105
119
130
119
133
115
114
123
104
134
128
112
124
108
114
130
111
125
118
103
120
106
110
112
100
117
115
102
135
121
124
130
111
122
123
106
120
102
103
115
99
121
110
96
113
99
110
124
101
123
118
103
125
117
119
119
102
117
110
98
126
107
112
110
92
110
114
101
118
103
110
117
107
127
117
107
122
98
102
117
91
116
112
103
122
108
110
115
99
124
117
105
129
109
112
119
101
118
125
107
124
108
113
120
105
128
121
99
120
103
114
131
110
124
116
104
121
113
119
120
101
116
109
103
122
104
110
114
95
114
112
91
120
94
106
100
92
107
102
90
113
94
108
115
93
114
106
94
117
104
101
103
84
104
98
95
115
91
107
111
95
121
116
96
115
99
105
110
102
114
106
92
115
87
100
106
84
111
99
85
113
101
103
106
89
111
102
98
113
94
108
107
87
106
99
83
108
92
105
104
97
113
107
100
123
102
118
118
94
115
104
90
114
97
98
101
83
105
98
97
112
93
106
112
93
120
110
99
116
98
108
113
98
116
108
98
116
93
118
114
97
120
110
97
127
108
114
120
104
119
114
110
126
102
111
114
98
126
119
107
127
112
125
131
120
135
127
113
131
110
124
120
101
120
114
103
133
117
124
124
106
125
117
117
131
113
119
127
109
136
131
121
137
118
125
128
116
129
126
114
132
115
130
126
110
133
127
113
141
118
122
127
107
132
124
122
136
120
132
143
127
149
134
128
144
116
128
140
119
136
129
122
137
122
133
137
115
136
130
120
146
122
129
137
114
132
138
134
147
125
132
140
123
150
138
134
152
131
142
154
129
148
135
123
142
131
139
136
116
133
130
118
146
123
134
142
127
144
144
133
146
123
132
136
120
144
133
121
135
119
124
140
120
135
128
122
136
126
135
138
118
138
129
122
149
125
131
138
118
132
134
120
138
120
130
136
122
144
134
129
144
125
125
137
120
129
127
118
136
126
130
138
120
137
139
134
158
134
143
149
127
142
142
126
143
127
137
143
135
152
138
129
148
121
132
146
126
142
136
129
146
136
142
142
127
142
138
132
153
124
135
139
121
139
136
126
136
124
136
137
125
142
132
126
139
121
135
145
126
142
131
131
146
140
146
145
126
151
132
133
148
120
133
142
130
149
144
135
148
128
142
140
124
142
130
126
145
121
137
136
122
137
130
126
146
132
142
140
125
143
131
134
142
122
131
138
121
142
132
122
136
113
127
131
123
135
129
130
145
127
146
145
128
148
134
125
142
126
130
141
117
130
124
129
143
122
135
145
117
144
134
121
144
117
132
131
125
139
127
122
135
111
130
131
109
134
129
120
137
123
136
133
119
138
135
131
142
116
125
126
106
135
129
120
134
117
132
137
125
142
140
129
148
125
144
141
117
136
123
119
139
123
129
134
114
131
126
119
135
127
127
131
120
151
136
130
145
134
134
140
126
141
133
130
148
123
140
137
119
139
129
131
151
126
132
139
125
135
131
128
142
120
129
139
127
153
140
134
147
128
138
150
143
148
133
129
143
123
144
137
123
140
133
131
152
126
135
142
125
137
131
130
138
120
133
133
115
145
132
137
143
121
129
146
123
139
127
138
144
127
143
137
122
132
128
124
145
119
127
129
119
139
137
139
143
128
148
136
125
147
136
129
140
117
133
135
118
136
126
123
137
129
153
138
124
140
127
123
145
118
139
137
122
142
130
125
131
116
130
132
121
146
129
129
143
117
136
140
120
140
126
120
132
119
126
119
104
134
110
117
137
114
132
137
127
137
135
133
138
117
126
122
109
135
116
118
138
109
124
130
110
131
121
121
136
120
133
133
117
140
123
128
145
113
128
129
114
131
126
120
131
105
125
127
114
134
120
120
130
115
129
136
107
128
112
110
128
116
132
137
114
134
125
129
144
119
134
141
114
139
131
124
141
118
135
135
129
143
130
134
146
120
137
145
115
135
130
124
139
124
136
130
117
136
130
132
139
112
130
136
116
139
129
126
132
116
128
128
125
133
124
121
134
116
134
142
122
141
134
137
146
136
146
141
123
135
125
127
137
119
135
140
123
144
132
134
141
131
136
136
125
134
128
128
141
121
141
139
120
140
128
135
148
129
140
141
126
139
132
143
143
122
138
133
128
149
124
124
129
113
126
127
127
138
132
136
145
130
157
145
129
147
131
134
144
129
139
141
128
142
126
135
140
124
139
137
131
155
137
137
146
128
145
145
129
144
125
136
140
118
145
131
121
134
120
122
141
119
137
136
128
143
123
135
137
111
127
122
112
142
124
124
135
113
139
137
128
148
128
135
135
116
134
132
121
137
122
124
143
118
134
131
119
133
114
121
127
107
132
130
121
151
123
122
132
110
136
138
124
126
116
118
128
114
138
128
117
132
116
116
137
110
130
120
111
132
121
122
138
116
132
129
118
147
126
132
135
115
130
131
113
127
113
122
127
117
135
129
118
138
120
124
139
112
128
129
118
132
127
120
125
101
119
118
105
138
116
120
131
111
124
123
110
122
106
113
126
105
128
125
106
121
102
109
123
105
126
125
114
136
128
123
135
113
126
124
112
129
115
118
122
104
114
121
105
126
113
120
130
119
130
122
113
126
112
126
132
114
130
127
108
131
130
125
128
112
125
117
122
131
119
120
127
112
128
133
116
126
107
114
119
107
130
120
114
128
119
125
130
121
133
128
118
129
124
120
122
111
130
123
122
129
121
120
132
116
134
130
117
131
117
126
127
120
129
129
129
138
122
135
140
116
130
122
119
134
128
129
132
119
128
125
120
132
117
121
129
113
137
123
113
131
119
130
132
127
139
138
126
138
119
130
130
108
127
118
116
133
123
125
125
108
127
122
118
131
114
123
124
105
136
123
109
125
109
122
126
114
129
125
113
132
111
139
135
117
132
124
114
135
118
116
124
105
133
118
110
125
103
119
123
110
139
131
125
139
126
128
136
112
129
118
113
135
112
129
125
107
121
115
108
136
114
118
125
106
133
124
116
122
108
112
122
100
130
118
106
123
106
112
131
102
123
112
112
125
114
126
130
114
123
117
108
135
109
120
120
109
128
124
119
125
118
124
138
114
140
131
115
131
113
120
127
106
123
113
110
124
117
124
121
102
121
114
107
135
115
121
123
105
122
130
118
123
109
116
123
108
134
115
109
127
108
116
124
107
125
115
107
123
112
113
119
101
125
113
114
134
120
127
129
121
130
133
118
129
104
117
123
107
130
115
108
123
116
121
125
107
121
115
105
127
116
119
121
105
123
105
109
124
106
113
121
99
117
122
109
129
110
119
118
116
125
111
109
119
101
109
118
84
116
104
104
117
108
119
114
104
129
117
119
122
105
111
119
98
119
115
108
117
99
116
116
116
127
115
103
122
109
120
126
98
119
105
103
112
105
113
112
94
118
106
109
120
100
114
116
99
124
114
113
125
111
112
119
104
116
105
105
121
104
127
127
104
125
116
119
126
118
116
117
101
120
108
105
115
95
114
109
97
122
111
103
115
99
106
112
106
128
118
110
123
104
126
123
104
112
108
105
124
108
111
114
97
113
100
105
114
91
117
110
94
124
103
97
114
96
106
104
98
118
105
105
116
96
120
110
97
114
103
103
124
101
108
109
96
120
108
115
116
99
113
116
102
121
108
105
114
99
117
116
106
121
105
104
115
99
120
119
106
119
105
99
124
96
111
106
97
124
110
117
115
101
109
109
93
129
109
108
129
114
125
129
117
129
122
113
120
103
124
116
100
120
103
105
130
105
117
120
108
126
123
124
129
108
119
118
105
139
119
118
131
116
121
124
106
123
112
115
127
107
126
122
110
133
117
111
131
110
118
117
99
118
108
110
123
91
122
122
107
139
121
118
133
113
122
130
108
119
109
110
127
113
129
129
113
123
111
107
134
116
121
125
103
126
120
116
132
111
123
119
104
125
107
110
124
107
122
129
106
123
115
115
127
108
121
120
108
126
110
103
125
100
112
119
107
130
131
121
133
113
124
124
118
135
119
115
133
120
130
145
121
130
120
121
126
118
128
127
115
128
119
116
132
112
122
125
110
130
128
128
134
116
118
122
109
131
117
118
129
115
122
130
113
116
106
115
123
115
129
127
111
133
130
132
140
120
133
135
122
131
127
121
123
101
117
116
115
127
116
119
129
112
130
135
118
134
121
123
131
124
126
125
115
124
111
123
126
106
126
123
108
129
123
115
129
112
125
118
115
127
108
115
124
96
122
116
98
119
104
109
120
109
122
119
112
129
115
123
129
104
116
112
101
122
108
108
122
99
118
109
107
123
108
111
121
101
129
125
112
128
116
115
126
107
121
115
101
122
104
116
116
92
120
117
102
129
111
112
121
98
115
111
102
115
99
106
116
94
128
120
101
123
105
109
127
103
119
113
99
120
106
118
121
99
118
114
99
128
110
111
121
100
116
118
103
120
107
111
121
98
123
115
103
122
108
107
121
99
112
112
103
125
107
115
115
95
114
111
92
123
97
105
120
97
114
119
107
122
109
112
122
99
123
111
98
115
100
102
121
97
115
108
102
117
105
116
118
99
111
109
96
121
105
111
118
99
111
112
98
108
96
102
115
99
123
118
107
123
106
110
125
99
118
110
101
118
104
107
110
88
112
106
101
128
110
117
124
104
121
123
108
116
103
106
112
98
121
108
101
114
94
111
119
100
118
113
104
122
114
116
118
107
124
113
108
129
108
112
116
106
123
124
105
120
102
116
118
107
126
113
103
124
105
108
117
94
117
104
97
114
99
112
117
98
122
112
110
128
109
111
116
97
121
119
105
122
98
108
116
105
121
113
105
122
102
113
120
96
120
112
102
122
110
116
118
98
118
109
103
123
101
106
114
91
121
117
100
117
95
109
112
100
113
105
96
120
100
113
125
93
127
115
105
125
117
116
122
100
114
101
97
118
100
108
115
93
122
115
100
123
106
111
116
106
120
114
104
128
108
116
122
99
118
116
104
125
113
112
120
101
127
116
108
127
105
109
114
96
119
113
95
117
93
102
111
99
119
110
101
130
115
131
136
118
128
121
104
124
106
113
121
104
120
112
114
125
111
117
121
104
127
122
107
125
108
111
122
107
120
115
108
122
105
123
118
100
114
112
102
128
114
115
117
104
119
113
112
118
103
109
112
97
124
110
102
117
96
106
117
107
124
116
112
124
107
124
120
101
124
113
103
132
114
116
118
100
121
108
107
118
102
112
117
97
126
109
102
120
101
114
118
103
120
111
104
