97
68
88
86
70
95
87
84
101
71
92
89
80
96
76
84
93
67
84
84
65
89
78
81
91
75
92
92
76
97
72
79
88
63
79
78
67
88
81
74
89
66
86
84
76
87
79
81
96
71
97
88
69
91
78
74
92
75
83
82
64
87
73
75
89
60
79
83
70
99
82
75
88
63
79
75
70
82
72
75
91
70
91
85
65
89
81
79
94
75
85
82
66
89
79
85
96
69
89
84
70
91
79
70
86
66
80
83
79
94
80
75
91
69
92
88
70
89
78
74
91
69
84
82
66
84
71
78
83
62
79
72
59
82
73
73
87
71
83
85
71
88
73
71
78
58
79
71
57
72
63
63
84
64
79
81
64
87
73
77
77
59
75
73
61
86
74
75
82
58
70
73
67
84
69
74
89
67
96
82
72
88
73
72
94
63
75
74
63
75
65
74
77
59
80
78
67
95
78
80
90
67
85
79
66
80
67
74
82
62
85
75
64
82
65
75
95
66
85
79
68
82
72
77
80
58
73
74
60
81
64
67
76
51
69
74
64
84
71
71
81
63
76
69
59
74
58
64
85
58
77
73
61
84
79
79
85
63
78
74
61
85
63
68
81
60
79
86
67
85
73
73
82
70
89
81
63
83
65
72
90
62
73
77
63
82
78
79
91
64
87
81
68
96
70
79
92
66
83
84
58
82
66
73
79
66
84
81
67
91
74
76
96
69
91
85
68
88
77
72
79
55
71
77
69
90
70
79
88
66
88
92
68
91
74
77
89
75
90
83
71
85
76
74
91
67
85
87
70
93
83
82
94
70
87
79
77
90
75
74
82
57
77
82
61
83
74
82
89
75
91
90
74
87
75
81
87
63
78
78
65
85
79
76
83
61
79
79
77
88
79
78
88
67
92
88
69
88
72
79
82
70
88
80
71
84
68
79
79
63
80
82
71
89
79
79
82
60
72
67
65
89
68
73
84
68
96
78
71
88
70
81
88
71
88
79
69
88
69
78
79
64
80
73
69
88
74
81
79
62
75
66
70
86
66
74
77
61
85
76
65
83
66
73
83
65
76
75
64
87
59
72
74
53
75
66
59
80
65
75
81
67
90
79
75
90
67
75
78
55
81
67
57
72
55
66
82
57
77
71
66
81
64
81
81
56
77
71
59
76
67
75
83
54
74
70
64
87
66
74
78
59
90
74
65
90
68
76
87
58
80
72
61
74
62
71
67
56
85
79
70
102
71
82
94
68
89
81
67
85
69
75
80
61
87
75
62
82
62
66
90
64
86
71
65
89
74
79
87
63
81
77
64
91
65
76
82
64
80
66
62
80
66
71
80
56
82
79
64
83
60
63
76
60
75
72
63
86
72
78
83
60
77
73
65
84
54
69
77
60
74
85
69
86
65
72
78
61
83
73
68
81
58
64
79
56
71
70
58
79
75
73
78
58
78
68
63
78
65
70
78
58
71
73
56
69
55
62
67
52
79
72
67
86
67
78
91
64
88
79
69
85
73
78
72
52
74
67
69
86
66
73
80
67
82
81
67
87
69
81
79
72
86
74
72
81
61
69
80
61
84
75
66
87
78
80
83
67
84
73
78
87
59
63
66
50
75
70
64
80
60
71
85
76
88
82
76
87
63
76
82
59
82
68
68
82
71
83
81
60
73
68
73
86
62
72
77
63
80
73
70
86
69
76
78
67
79
76
70
89
63
80
77
57
88
70
69
86
74
79
80
55
80
65
66
80
60
71
77
63
94
83
69
82
66
73
80
65
89
72
70
85
64
87
83
67
88
80
74
89
74
84
87
60
85
68
71
90
65
78
81
67
93
78
74
91
69
83
88
71
91
77
73
91
70
86
74
58
74
65
62
85
67
81
100
66
93
86
91
95
78
87
85
65
99
71
72
92
65
78
92
75
91
77
78
88
72
94
95
71
96
79
71
98
72
89
92
74
88
78
83
91
76
88
94
67
109
87
83
100
73
89
96
69
84
71
69
85
61
81
87
65
90
77
77
102
71
88
88
70
88
81
75
89
74
82
88
65
96
72
77
85
65
78
85
66
89
80
74
91
79
92
91
75
94
77
77
97
72
84
89
71
92
83
76
90
66
84
85
68
96
67
74
87
70
82
92
74
97
79
79
97
78
95
86
71
90
72
75
94
72
87
92
70
88
84
76
92
70
85
81
72
89
72
79
85
56
66
82
57
79
66
75
79
71
87
80
70
89
71
73
86
60
68
76
52
77
84
63
82
54
71
87
-447
-343
-451
-452
-450
-431
-434
-416
-420
-416
-417
-413
-416
-415
-416
-415
-415
-415
-414
-415
-415
-415
-415
-415
-415
-414
-415
-415
-416
-415
-416
-415
-415
-415
-415
-416
-416
-416
-416
-416
-417
-413
-417
-413
-418
-415
-421
-419
-422
-426
-433
-445
-454
-459
-459
-459
-459
-459
-460
-460
-461
-462
-463
-466
-465
-463
-462
-461
-460
-459
-455
-408
-372
-329
-292
-253
-217
-190
-163
-137
-121
-97
-83
-60
-47
-27
-22
-7
3
13
30
32
36
42
49
57
61
65
69
76
76
82
88
97
83
82
93
91
97
95
93
89
91
91
96
102
91
98
95
102
93
108
104
93
93
87
83
84
87
81
87
83
76
79
78
76
68
65
50
52
49
48
43
40
34
25
27
31
17
18
10
15
2
9
5
-4
-15
-11
-19
-23
-22
-35
-27
-36
-35
-45
-44
-49
-64
-63
-71
-69
-71
-66
-71
-67
-67
-70
-69
-63
-66
-81
-83
-82
-88
-77
-87
-84
-91
-91
-91
-84
-86
-85
-82
-81
-80
-78
-67
-65
-65
-65
-66
-63
-57
-55
-58
-50
-56
-51
-46
-42
-41
-44
-37
-32
-36
-23
-27
-26
-31
-23
-24
-10
-16
-20
-19
-17
-14
-8
2
2
7
6
9
7
20
22
22
26
21
26
29
32
29
37
34
35
37
46
46
45
44
43
45
58
50
55
58
63
60
68
73
74
74
77
77
71
83
81
79
86
84
86
92
92
85
90
88
95
94
98
94
97
99
101
106
116
112
111
113
121
114
127
128
128
120
118
117
115
122
118
127
124
125
121
131
140
133
136
127
129
133
131
132
134
125
127
125
135
129
127
129
131
129
138
127
131
128
128
126
127
122
116
121
117
114
113
121
117
108
107
108
110
113
126
111
122
120
110
124
121
113
118
103
108
111
104
117
108
99
119
96
111
114
97
115
111
101
118
113
113
122
102
121
110
108
129
109
116
117
102
119
115
103
122
102
111
121
108
124
120
103
124
109
121
121
105
118
112
104
127
118
121
127
106
128
120
117
131
113
121
121
104
125
124
111
134
113
122
128
120
130
125
114
133
123
128
127
103
119
120
107
131
120
114
120
103
120
109
109
117
106
111
117
94
125
117
99
123
99
108
114
101
118
115
105
120
110
129
133
117
134
128
120
142
128
133
132
111
121
114
104
124
110
117
121
98
133
126
107
127
106
113
119
110
119
112
105
122
107
115
113
93
117
112
104
127
106
113
116
105
119
118
107
121
104
113
118
95
124
104
98
109
88
100
110
100
113
111
99
121
104
119
121
104
117
108
102
127
103
113
114
97
114
113
102
115
101
112
113
99
123
110
106
128
112
112
126
106
120
116
108
123
106
123
117
102
117
114
104
135
115
117
122
104
120
123
113
123
104
113
120
103
136
125
115
132
117
123
132
114
132
121
111
129
116
122
119
112
121
112
105
128
115
124
122
107
128
124
111
126
105
118
120
106
130
118
106
125
107
119
125
104
124
115
109
129
122
124
115
103
122
111
106
130
104
112
113
101
118
116
107
127
111
123
124
111
131
120
110
130
108
116
128
109
130
122
111
128
121
125
127
109
129
119
110
133
110
118
122
102
124
124
109
124
103
117
122
110
124
118
107
130
115
125
131
109
125
117
106
124
112
113
120
96
117
109
105
129
108
118
126
111
136
138
124
137
111
119
121
114
132
123
114
133
120
124
129
109
126
120
112
131
124
124
129
115
131
125
120
132
119
122
123
108
130
125
105
118
93
106
106
98
111
100
93
118
90
107
108
85
109
97
85
115
100
108
109
95
115
100
102
117
101
110
112
93
118
108
97
119
101
108
110
107
122
113
111
121
102
116
116
99
114
108
106
118
105
115
116
98
119
106
109
117
95
111
107
92
120
106
101
111
87
104
104
93
108
96
90
114
94
125
114
101
119
106
104
120
99
111
105
93
111
95
103
106
90
114
106
94
127
108
104
120
97
109
111
99
114
106
101
114
99
123
106
90
114
100
99
122
98
109
109
97
116
104
108
117
94
112
104
89
124
101
100
113
89
110
110
105
124
113
112
127
104
126
118
103
118
104
104
123
100
114
114
102
123
111
111
122
97
117
115
96
124
108
109
122
101
119
126
105
125
115
108
125
104
122
119
99
121
106
106
133
105
118
116
94
121
112
107
115
91
116
113
98
127
109
113
130
106
117
126
100
122
109
108
118
102
124
121
106
127
110
108
128
104
110
116
102
125
120
112
124
103
118
123
103
130
119
111
128
110
121
129
110
124
111
110
126
113
123
121
97
116
103
99
117
95
115
115
104
128
127
120
137
118
127
128
120
133
120
113
124
107
117
124
104
122
115
112
128
119
122
122
109
128
122
117
132
111
122
122
108
126
123
112
128
108
117
122
113
130
118
117
129
116
131
140
118
127
113
112
119
109
118
115
106
122
110
120
130
118
130
130
114
131
134
122
134
117
123
120
118
135
119
120
133
114
130
133
116
125
116
121
129
121
130
131
120
137
125
129
134
113
129
130
117
135
130
127
131
115
127
122
122
138
125
125
135
120
135
132
119
139
122
125
138
130
143
138
125
138
125
131
131
114
132
130
120
138
128
128
139
119
131
132
131
140
126
125
132
116
138
131
114
132
117
121
136
123
136
137
126
143
129
143
148
118
140
142
125
148
132
130
144
119
129
131
122
142
124
123
139
120
151
145
132
152
134
138
150
122
135
131
120
136
122
133
142
113
135
137
124
147
134
136
148
124
140
145
130
147
128
133
144
120
149
141
126
140
125
127
147
125
142
143
128
151
134
142
147
119
132
132
120
147
127
127
142
124
140
147
129
149
138
141
151
126
146
140
125
145
128
127
146
122
138
139
128
149
135
140
145
122
138
140
124
152
130
135
147
124
137
148
128
144
130
133
143
121
140
135
120
136
124
123
144
122
135
135
121
137
129
131
141
116
133
137
124
152
131
137
145
129
138
143
121
131
122
123
131
119
133
133
121
140
127
131
144
120
135
134
122
138
135
137
141
122
132
132
127
145
130
141
142
126
140
151
129
145
132
134
142
129
145
137
127
138
121
123
131
112
137
130
124
145
140
141
148
130
152
137
131
149
129
134
139
122
138
136
124
140
127
133
142
129
146
133
130
146
130
137
147
123
137
135
120
139
133
134
137
116
133
127
123
144
126
128
137
115
134
136
122
135
118
122
124
113
129
122
116
139
120
127
137
118
142
135
126
140
130
139
141
120
137
132
129
146
121
128
136
116
142
136
124
139
119
127
131
124
132
133
120
139
120
132
141
109
132
128
116
140
129
130
140
115
132
123
115
137
118
124
126
104
136
127
113
136
124
129
143
131
148
137
125
146
123
134
136
109
128
130
120
142
129
129
139
115
135
133
124
139
120
128
134
113
141
138
121
133
117
116
132
120
135
134
118
135
123
135
141
121
133
136
120
144
124
121
131
112
128
122
113
128
125
133
141
121
148
145
136
154
139
137
147
126
136
127
118
135
130
140
139
119
131
128
120
145
123
127
134
122
141
136
131
137
125
129
140
122
144
133
125
140
123
124
136
132
142
134
123
139
130
141
139
116
129
123
111
140
116
124
132
120
135
131
124
133
121
130
140
116
141
125
121
135
119
128
138
122
135
127
125
133
122
134
136
113
128
119
125
144
125
128
134
118
132
136
119
139
123
131
143
119
144
129
126
138
120
130
136
111
132
124
109
132
119
132
135
120
143
132
132
149
127
136
140
116
134
131
117
129
111
128
131
120
142
129
128
145
125
131
148
118
138
129
125
138
128
143
140
117
141
126
121
144
123
126
130
115
148
137
127
140
115
124
127
115
132
122
114
133
116
119
135
107
134
127
123
144
132
140
145
125
143
134
121
136
116
127
129
116
143
136
127
144
119
126
135
128
142
131
128
145
122
133
143
118
138
129
124
135
129
129
136
118
130
125
120
140
120
131
138
116
138
136
122
140
121
124
134
121
136
125
118
143
122
142
146
123
138
132
128
141
127
129
140
119
137
137
134
144
121
130
133
115
132
131
123
133
115
119
121
114
132
121
114
133
113
131
133
114
126
119
113
130
120
123
131
117
134
124
121
127
110
121
123
105
133
127
118
135
122
130
133
127
142
129
123
136
124
135
130
110
125
115
116
137
118
123
125
108
129
115
119
121
107
117
118
104
126
111
108
121
95
115
112
112
123
111
112
125
108
126
123
100
128
116
112
133
111
123
122
109
124
110
119
127
108
124
129
112
140
124
125
139
115
123
125
110
123
108
109
125
103
128
131
107
122
108
116
136
115
120
117
111
127
119
115
130
107
115
119
102
133
112
112
128
105
122
118
98
123
113
109
126
103
133
126
101
125
103
105
124
101
116
120
106
130
125
117
127
104
124
123
107
137
111
114
129
110
123
132
111
125
114
110
127
99
124
118
100
123
104
107
136
113
121
120
105
137
119
114
127
104
121
117
108
131
114
110
127
104
113
123
100
119
105
109
128
108
124
124
108
135
123
116
152
120
129
130
109
128
119
116
120
101
118
122
112
134
121
116
131
113
126
136
114
131
120
120
126
110
124
134
120
131
120
116
134
112
126
119
107
130
131
126
135
115
123
123
110
129
119
105
124
98
119
121
100
125
117
119
134
122
129
135
119
135
115
114
128
106
125
122
107
126
126
121
127
107
124
121
119
138
119
120
131
116
129
140
118
131
119
116
131
119
123
125
110
131
113
115
129
107
123
125
112
122
116
112
123
101
120
115
113
134
119
116
127
117
128
135
117
128
112
116
128
116
118
119
105
123
110
124
127
108
125
124
101
126
117
115
130
109
124
120
115
130
117
117
125
112
134
133
118
133
117
118
127
112
120
120
110
129
117
120
116
94
117
116
97
128
116
112
130
114
128
128
125
125
113
116
123
101
125
119
100
117
103
102
120
104
117
114
108
128
114
121
125
102
121
123
109
132
113
115
122
107
121
113
107
124
115
117
128
107
127
120
109
126
112
117
128
113
119
114
105
121
110
118
126
101
122
125
114
137
118
123
131
115
129
133
117
119
111
116
127
105
136
125
118
138
119
117
135
117
127
125
111
136
121
126
128
106
121
118
111
132
111
112
120
108
119
120
102
120
106
116
127
107
132
124
112
124
107
113
130
108
119
121
107
131
120
127
126
102
118
110
102
124
102
106
120
103
123
127
106
122
106
119
125
112
133
131
122
130
117
118
129
111
130
122
112
127
118
122
126
106
120
121
110
134
116
112
124
103
120
117
100
115
97
110
118
102
115
117
113
132
125
124
137
114
131
121
101
116
112
111
118
98
112
111
104
127
102
110
120
98
124
124
111
125
112
114
118
108
118
115
106
126
106
110
120
99
120
114
103
116
118
117
121
98
122
117
105
126
98
104
108
94
118
116
100
113
100
109
120
108
122
115
102
120
102
114
117
98
117
113
109
121
115
115
125
96
118
106
107
119
105
116
117
108
121
121
101
122
101
105
116
105
118
108
105
119
102
112
111
97
113
113
104
123
111
112
117
95
119
112
115
124
109
112
119
98
124
119
102
123
100
107
112
108
121
106
103
117
103
119
119
96
112
110
97
121
104
114
117
105
126
110
111
119
106
114
121
103
139
132
114
128
108
117
117
108
119
113
103
119
100
115
110
89
109
99
94
123
97
109
113
101
120
114
115
122
100
105
108
85
123
106
103
118
97
108
109
100
116
111
102
121
109
124
120
99
121
107
103
127
105
111
117
102
117
109
102
114
99
110
117
95
127
109
103
118
99
104
120
97
113
103
93
116
96
118
109
91
120
101
102
126
107
108
113
92
117
110
100
114
95
111
107
89
121
109
102
122
101
108
120
94
119
105
101
119
101
120
118
102
121
107
101
126
103
105
112
98
122
116
107
119
97
108
113
97
114
104
96
113
101
105
117
98
120
105
100
120
115
118
116
94
110
102
90
125
95
109
112
94
123
113
101
113
98
106
111
100
114
105
95
118
89
99
108
88
106
97
89
107
94
109
110
93
118
104
95
128
103
106
109
91
112
111
101
105
88
97
105
92
118
104
101
123
102
111
125
101
115
105
99
109
101
106
110
90
115
100
105
117
100
111
108
97
113
114
103
119
98
107
113
101
117
103
100
111
98
110
113
91
110
101
95
114
98
111
111
93
118
100
102
108
90
102
101
89
108
110
99
110
94
106
109
103
118
102
101
113
92
111
111
93
118
101
94
113
99
107
105
91
116
92
100
106
89
108
108
87
114
104
99
113
93
110
98
95
113
96
95
112
93
111
106
82
107
88
95
105
93
99
93
82
102
91
101
114
91
108
107
90
118
105
100
111
86
103
95
93
110
96
94
109
87
112
110
89
117
98
101
114
98
105
111
93
119
100
104
113
89
107
105
89
120
103
106
117
99
111
115
105
120
106
102
117
94
119
108
88
111
95
95
112
95
109
114
98
117
108
115
123
98
109
108
90
125
105
97
113
89
105
104
93
116
100
102
114
93
124
115
97
117
102
95
122
98
106
107
90
118
99
101
106
86
102
106
91
124
105
102
114
93
113
118
96
116
102
99
114
92
118
113
97
118
108
98
127
106
119
117
100
113
104
106
119
103
113
113
96
124
107
105
123
99
112
118
97
115
110
110
122
105
124
120
105
125
114
108
128
103
115
114
99
116
111
110
116
95
113
109
98
122
102
99
114
95
116
118
105
121
111
109
120
106
126
124
107
121
103
98
114
93
113
106
96
114
112
106
116
97
114
111
97
123
102
105
114
98
113
112
88
110
92
104
113
98
113
109
94
118
101
106
117
98
112
110
96
115
107
105
110
91
110
101
98
121
103
106
122
101
119
127
109
134
114
111
117
102
113
111
99
119
100
102
121
96
116
113
97
115
108
105
117
99
117
