77
59
69
71
59
89
69
59
75
52
61
67
62
67
64
57
70
59
74
78
51
74
70
62
85
58
66
71
54
69
63
55
73
59
69
73
51
83
66
68
88
60
71
80
66
79
73
69
77
57
72
75
48
74
68
66
89
61
70
83
69
87
83
82
88
66
78
76
57
89
72
66
82
61
71
85
65
83
76
71
90
68
83
83
61
80
68
64
89
65
85
79
63
77
77
65
84
64
90
80
65
92
77
74
91
69
72
85
62
78
67
62
76
60
76
74
57
81
72
72
99
68
82
88
63
81
75
64
82
60
74
74
64
92
71
68
81
59
64
82
59
81
72
68
83
63
75
77
65
80
68
63
89
61
70
74
57
75
76
69
90
66
81
79
69
89
71
65
85
60
72
83
60
80
72
71
84
75
86
80
63
77
65
60
82
58
67
76
53
71
74
65
76
57
66
71
57
78
64
59
76
54
67
76
55
76
69
69
79
67
78
77
57
76
65
64
81
57
71
71
56
72
67
61
67
39
58
64
58
76
73
69
82
65
86
84
64
87
75
63
75
60
61
67
50
67
59
64
82
62
76
76
59
81
76
67
86
67
76
79
75
86
71
74
81
66
82
80
59
82
74
67
87
67
81
83
67
88
72
79
81
63
74
73
59
80
75
69
87
62
76
83
79
91
76
76
88
72
92
88
70
85
71
70
88
67
79
83
74
86
72
77
88
71
82
87
66
97
74
76
89
63
72
74
70
85
74
79
87
68
91
82
61
82
76
78
94
72
85
84
67
85
74
75
87
67
85
89
72
104
81
88
97
68
88
86
80
94
83
86
98
71
102
94
82
100
80
88
103
79
98
88
76
92
82
85
90
70
95
83
68
96
74
78
87
71
84
84
69
86
76
74
90
62
88
80
66
86
66
71
91
67
85
83
73
101
82
90
99
73
97
82
72
94
79
83
90
69
88
85
71
93
77
84
98
68
97
84
77
94
77
79
100
70
90
88
68
93
79
81
87
67
87
84
70
95
75
77
97
69
88
88
66
87
69
69
78
61
79
80
63
75
66
72
98
69
92
87
67
88
81
79
85
59
76
82
69
95
74
77
94
64
84
87
67
90
79
81
84
76
93
81
72
91
70
72
92
62
80
78
67
82
81
73
81
55
72
80
65
90
65
69
82
60
72
80
57
72
65
73
84
69
83
87
67
86
72
66
87
64
78
73
60
78
81
76
91
60
77
80
70
94
73
77
85
63
75
82
58
74
70
72
84
72
80
79
68
85
69
74
81
63
77
79
60
72
73
66
77
53
66
65
60
77
61
65
76
61
76
89
72
90
78
79
87
68
78
75
64
79
65
75
78
68
85
86
72
89
83
80
91
72
90
82
84
90
77
80
86
70
91
86
69
85
72
77
87
73
86
82
78
94
81
91
89
70
89
82
68
90
74
78
81
65
79
69
79
90
79
83
96
75
97
89
79
90
67
76
83
71
92
80
74
90
74
82
82
66
90
79
73
97
73
88
93
77
94
83
77
90
78
82
91
69
102
80
74
93
65
78
89
75
90
84
76
93
71
87
84
61
80
69
65
91
73
77
85
67
79
79
70
90
71
77
83
54
88
77
69
86
68
73
85
68
80
78
66
88
67
87
88
61
82
77
68
93
75
77
90
68
88
84
68
89
72
78
84
65
98
78
68
85
67
63
83
63
79
68
61
81
71
89
86
64
83
85
65
93
76
78
87
65
83
76
64
80
67
77
83
67
90
82
72
90
73
68
89
61
79
76
66
83
79
81
79
60
69
79
64
93
64
76
90
65
86
85
70
82
68
73
81
68
85
77
65
81
58
62
77
64
89
81
75
88
90
90
94
78
88
82
69
95
68
76
80
74
81
86
72
82
73
77
85
68
89
82
71
94
76
84
90
70
84
76
71
81
78
83
89
65
81
72
81
95
73
79
86
73
90
92
70
84
73
72
79
64
86
77
72
86
74
85
85
73
91
83
70
87
76
80
83
66
85
68
76
85
71
80
82
70
90
87
70
85
64
85
83
72
90
77
79
85
73
83
86
67
88
78
70
87
76
83
85
69
87
70
77
87
68
68
77
53
76
77
65
87
63
79
81
78
88
78
77
91
68
82
85
54
79
73
67
85
66
83
82
69
88
75
80
92
72
78
85
62
91
83
73
86
64
74
79
69
81
71
61
83
63
78
88
60
82
71
69
82
69
77
81
57
72
64
58
75
62
71
81
61
87
77
74
92
72
80
87
72
86
75
64
83
64
84
79
57
77
72
71
89
70
70
88
64
87
90
-397
-401
-452
-453
-446
-433
-435
-418
-419
-416
-416
-418
-411
-416
-416
-415
-415
-414
-415
-415
-415
-416
-416
-416
-416
-415
-416
-416
-415
-415
-416
-416
-414
-414
-414
-415
-415
-415
-417
-412
-417
-414
-417
-414
-418
-415
-421
-419
-422
-426
-432
-442
-453
-458
-458
-458
-459
-459
-460
-460
-460
-462
-464
-467
-466
-464
-462
-462
-460
-458
-458
-417
-374
-334
-300
-264
-232
-194
-173
-145
-130
-113
-78
-67
-53
-35
-23
-11
-4
17
23
32
38
64
67
71
70
66
76
73
82
79
91
90
96
93
97
91
100
95
98
94
100
93
102
100
95
96
90
89
103
96
91
91
88
91
82
92
79
76
74
73
68
69
68
59
51
47
40
36
34
23
28
28
24
20
29
28
17
17
18
9
8
7
-6
-17
-22
-28
-35
-25
-38
-43
-45
-40
-50
-47
-47
-56
-57
-62
-61
-67
-63
-70
-76
-79
-82
-82
-79
-77
-83
-87
-94
-95
-91
-84
-90
-87
-89
-87
-76
-74
-80
-79
-81
-80
-82
-75
-87
-82
-79
-77
-73
-72
-68
-72
-66
-56
-49
-45
-40
-42
-44
-41
-45
-45
-38
-32
-36
-29
-28
-28
-22
-12
-19
-24
-19
-18
-7
4
2
22
49
44
31
38
37
25
32
27
31
28
39
30
39
30
33
31
42
40
41
46
46
45
50
54
47
46
53
52
61
68
67
71
77
78
81
89
85
86
79
87
85
88
96
87
94
96
97
101
107
100
98
100
103
101
103
112
106
104
105
104
104
119
111
112
112
113
118
127
123
124
121
124
120
123
129
129
132
132
130
125
128
120
117
116
116
117
123
125
121
125
124
122
122
129
124
123
115
116
115
123
114
114
108
107
111
119
115
115
114
116
114
108
120
115
104
118
111
109
126
110
111
121
99
110
106
105
120
105
109
120
97
122
114
100
120
103
111
125
98
110
111
102
113
96
112
116
97
120
122
107
136
119
122
130
114
123
124
109
124
107
111
122
103
127
120
106
124
113
118
138
113
126
125
112
132
128
133
141
115
125
122
113
139
119
119
131
116
124
129
112
129
119
120
130
113
133
130
117
134
115
111
134
108
125
119
109
132
127
122
128
111
123
122
109
132
113
116
133
115
124
133
119
131
120
121
127
112
131
127
113
128
114
113
139
116
128
131
118
131
129
128
136
113
122
125
112
132
114
114
129
111
119
127
104
117
104
114
124
106
120
119
109
132
118
123
137
113
129
127
108
129
120
115
116
96
112
112
107
125
106
112
123
102
123
127
107
122
107
112
121
109
122
121
107
120
106
111
125
104
124
119
106
127
123
123
132
116
124
120
118
136
117
121
127
106
126
128
111
130
119
126
139
128
142
142
128
144
123
126
131
107
125
119
108
130
125
121
131
111
124
116
123
137
123
124
134
115
138
139
121
137
125
123
130
122
130
128
117
134
114
121
129
104
124
119
104
122
113
111
120
93
117
103
96
112
94
102
113
94
123
118
104
121
103
112
122
105
119
112
99
124
107
123
126
103
125
119
108
129
116
121
128
106
121
114
111
126
109
118
123
107
137
129
111
136
118
119
135
121
131
128
119
133
119
132
128
109
125
120
107
132
117
116
124
108
128
125
118
133
120
127
129
114
134
123
101
120
101
106
122
107
123
119
107
127
109
124
125
103
123
115
105
131
110
111
119
99
115
104
103
115
101
107
115
95
126
110
100
120
105
106
118
95
115
104
93
116
97
108
108
86
112
111
103
129
108
117
123
104
124
125
111
121
101
108
110
90
123
110
98
114
94
109
113
90
117
107
93
121
105
115
114
99
119
108
98
124
98
112
118
97
120
115
104
120
103
115
118
101
129
119
106
129
108
112
119
95
115
107
101
123
107
121
115
103
126
112
108
136
113
118
123
104
123
121
106
127
105
115
120
102
128
119
107
128
109
109
127
98
122
111
107
125
112
117
121
103
126
115
107
132
107
117
121
100
122
116
105
121
101
116
118
104
122
110
97
118
104
115
131
103
127
114
108
125
115
117
119
92
114
101
93
125
96
110
112
97
125
123
108
129
109
114
120
107
119
113
102
124
105
113
125
93
125
114
101
125
117
117
124
104
126
118
113
132
111
121
123
101
126
122
100
117
100
110
121
110
131
127
119
146
126
140
147
118
134
130
121
134
129
131
136
119
130
120
123
136
120
128
135
116
133
133
115
136
126
128
137
124
136
130
123
137
121
129
137
116
130
132
125
140
127
132
137
116
136
130
134
136
120
118
126
110
133
132
129
141
124
139
144
135
150
139
133
144
127
133
144
125
141
138
130
150
127
134
142
127
142
131
146
126
132
138
122
153
135
130
147
131
143
139
128
133
136
130
146
132
150
145
121
147
132
126
150
130
136
135
121
137
125
126
141
126
136
143
124
155
142
138
148
121
131
135
124
141
135
131
156
127
147
144
129
149
134
132
145
128
144
142
126
144
132
133
140
121
133
141
122
149
133
133
146
126
136
154
127
145
131
126
143
119
141
127
116
136
125
120
144
125
135
154
126
150
144
140
156
132
146
142
120
147
133
128
147
126
132
149
119
143
135
129
144
128
146
142
125
142
144
126
146
119
133
143
121
141
129
127
135
120
134
136
122
149
133
130
148
127
131
150
121
137
130
122
134
127
136
141
119
136
129
121
151
123
137
140
122
138
134
125
137
130
135
138
122
143
133
127
143
123
128
142
126
142
136
133
145
133
143
149
124
141
141
135
157
132
147
142
131
147
145
137
147
126
137
147
125
148
133
133
142
126
134
148
126
145
143
135
148
137
146
155
132
152
133
140
147
123
139
138
125
148
150
138
156
137
150
149
138
152
135
145
149
130
146
146
126
140
131
129
144
134
147
144
128
153
132
144
153
131
145
145
129
153
144
134
144
123
141
130
130
148
134
140
152
134
144
154
140
159
144
142
150
136
145
139
126
141
125
132
144
118
136
139
124
150
139
133
146
121
145
139
133
138
130
131
142
123
143
136
120
145
125
126
139
123
136
136
124
137
130
141
153
123
136
139
114
142
121
124
138
115
137
135
124
139
131
130
148
125
150
138
119
138
124
122
127
118
133
141
123
141
125
127
134
111
130
136
114
145
128
128
138
115
129
136
120
133
121
121
134
113
141
131
117
135
123
123
142
124
136
144
120
139
122
120
134
106
127
125
115
144
130
131
144
125
133
139
120
137
130
129
140
118
141
136
125
141
142
133
154
127
138
147
126
145
127
133
147
122
137
141
126
147
134
131
146
125
142
154
131
146
129
129
145
125
143
141
127
140
128
124
144
111
135
136
122
142
140
142
149
136
148
147
132
154
130
129
140
121
132
139
123
132
127
126
131
124
142
139
125
142
133
132
149
120
131
138
123
140
137
139
137
119
130
131
119
144
128
133
144
127
138
147
127
142
129
128
140
126
137
135
123
141
124
130
154
128
152
143
137
151
145
140
144
124
141
135
126
144
128
139
141
123
140
141
128
144
130
141
147
134
150
143
131
148
131
142
152
127
145
139
126
140
141
133
146
120
134
132
127
143
128
137
140
118
139
142
125
138
128
131
136
123
143
139
136
152
130
137
143
115
130
132
120
131
135
134
142
119
143
134
129
153
124
131
140
123
139
143
120
141
126
127
133
128
145
134
123
143
127
133
145
124
136
137
121
143
132
135
150
120
137
131
125
136
123
128
142
120
138
143
131
153
137
144
150
134
149
137
129
145
130
133
139
118
132
141
124
148
134
138
144
121
135
138
135
143
128
131
140
118
140
133
119
130
114
121
126
116
129
130
115
134
127
134
143
121
137
132
119
134
120
119
123
112
126
125
120
128
127
124
136
120
151
138
125
137
130
126
130
117
127
126
115
138
123
133
130
104
126
116
110
135
125
123
135
123
132
134
133
143
122
130
135
121
139
130
119
130
121
124
131
118
136
134
120
134
119
128
129
117
126
120
115
131
120
119
128
116
134
132
125
137
115
124
124
109
133
127
118
131
120
127
140
114
133
128
128
137
127
134
129
116
129
126
114
141
122
126
132
113
129
130
125
132
122
124
125
113
136
128
117
133
116
125
131
110
125
116
112
123
119
126
128
116
136
133
119
144
121
122
127
109
131
125
111
121
109
117
123
104
135
125
114
134
118
129
138
114
125
120
113
128
124
126
132
112
130
120
103
135
114
125
126
112
135
131
119
134
119
123
127
110
134
118
113
127
108
116
123
107
125
125
117
143
133
136
139
116
134
125
117
129
109
122
126
109
127
129
111
128
115
120
129
118
133
126
116
132
114
126
141
119
132
128
113
132
120
119
118
109
126
118
118
126
111
117
125
105
129
134
113
129
111
117
119
105
125
116
114
133
119
124
135
110
126
116
112
128
122
122
122
106
126
123
121
131
118
123
131
111
132
125
116
132
117
123
119
118
131
122
115
133
120
126
133
115
131
119
113
131
125
124
124
109
124
114
107
119
88
117
111
94
125
107
102
117
107
122
123
121
132
133
124
134
119
131
127
105
126
111
111
129
124
122
127
109
126
123
126
140
115
127
125
111
133
123
113
134
118
120
123
104
126
118
117
134
116
138
136
115
133
126
118
131
115
118
128
112
124
112
115
127
105
125
132
119
140
135
124
141
126
135
138
117
131
118
116
130
116
141
133
116
129
123
118
136
124
132
136
119
136
127
127
134
120
122
122
114
139
125
118
132
113
124
126
110
128
122
119
130
117
121
124
107
126
110
103
125
104
116
119
106
124
120
120
130
118
123
128
116
141
122
113
128
109
123
127
111
116
116
110
120
107
121
118
105
121
112
106
131
108
119
119
105
126
122
116
133
116
120
119
100
130
110
105
116
102
116
124
101
114
106
103
113
96
113
115
99
121
108
106
117
100
117
123
110
124
124
112
118
98
112
113
100
132
116
112
126
106
118
129
106
117
103
107
121
105
121
108
100
119
104
104
119
101
116
114
97
115
112
102
121
102
118
118
103
124
112
108
120
98
110
118
92
119
95
107
124
109
124
120
109
127
110
117
134
107
119
118
96
116
109
104
121
101
116
107
101
121
105
102
119
96
116
125
103
126
107
104
116
107
118
112
100
119
104
103
119
87
117
112
98
116
113
103
121
100
113
108
99
114
100
100
121
97
118
125
108
123
110
105
123
113
121
119
99
122
113
112
127
99
120
116
102
125
120
110
123
101
115
111
102
121
112
109
119
98
119
118
102
121
107
101
116
102
115
113
101
120
107
110
120
99
114
114
102
128
119
107
122
101
116
123
117
130
122
117
128
111
130
124
108
123
106
103
119
107
123
120
105
122
106
122
130
112
123
126
107
132
125
118
131
111
125
123
119
127
115
116
125
103
133
130
114
128
120
113
125
105
123
119
108
125
114
122
120
96
116
111
100
129
118
110
127
105
129
130
123
127
117
114
126
101
133
126
111
126
110
110
122
108
126
124
112
133
120
122
126
106
126
120
106
134
118
115
127
104
124
119
106
122
109
115
124
105
136
126
115
131
115
119
133
109
125
120
106
121
109
122
126
106
126
120
108
139
120
121
131
112
125
129
114
130
117
117
126
107
133
125
108
129
114
116
134
107
125
123
105
123
114
122
129
112
129
128
107
132
117
115
127
106
122
126
109
125
108
111
120
101
125
112
98
117
107
112
126
97
118
113
105
125
119
120
129
103
116
110
96
124
110
111
122
99
119
124
110
127
111
110
123
108
126
118
106
125
110
110
123
95
119
113
102
118
113
109
118
102
115
109
100
120
103
106
115
92
111
109
92
114
97
96
104
97
113
109
100
117
101
109
128
105
118
111
97
108
103
100
108
92
110
101
93
113
94
106
110
93
116
119
101
119
107
109
111
100
114
107
93
117
101
106
115
90
110
103
94
114
106
103
108
93
118
110
105
113
96
97
101
83
108
101
93
116
99
105
105
99
120
110
101
120
103
112
117
93
116
98
96
113
103
106
113
91
113
96
94
108
91
104
107
88
119
107
94
116
96
103
110
99
111
100
91
110
90
111
107
81
105
91
88
110
94
95
103
80
103
90
94
105
84
100
100
81
116
103
91
118
93
102
101
82
109
94
88
112
85
112
108
87
113
97
82
116
91
100
99
83
112
95
98
106
78
93
100
73
106
94
88
110
88
98
99
82
103
91
88
108
87
107
103
79
102
83
76
107
83
94
100
79
109
99
95
114
92
102
110
83
119
96
87
110
86
94
109
80
108
98
90
113
94
109
108
88
116
104
90
122
94
104
109
87
110
102
91
108
87
94
109
84
118
97
88
115
87
97
111
87
109
94
84
102
81
98
98
81
106
92
87
116
91
106
110
88
111
107
95
112
93
105
107
84
116
99
88
116
93
104
112
85
105
96
90
112
89
111
108
88
112
102
90
119
93
105
105
87
111
105
93
114
89
103
100
88
116
99
88
109
87
99
107
84
107
98
85
113
102
110
112
99
116
101
93
115
92
105
105
85
109
108
96
114
99
108
105
93
118
101
95
117
94
105
113
86
110
95
96
109
98
103
104
90
110
96
93
122
91
105
104
85
108
101
90
107
84
97
89
84
107
88
88
108
83
105
111
88
117
99
95
112
98
97
100
81
102
89
94
110
83
102
102
84
111
104
93
115
91
110
107
92
114
94
93
110
86
111
109
83
108
91
87
106
95
109
108
87
114
97
101
110
88
104
98
82
105
93
87
106
81
99
97
82
111
97
96
114
90
110
105
85
112
95
84
109
92
105
102
86
113
97
100
110
89
102
98
85
115
101
91
117
86
101
106
90
108
93
92
107
84
105
104
80
105
86
79
107
87
99
100
76
102
80
97
99
80
92
101
76
104
85
91
109
85
101
100
