86
68
80
68
64
74
77
97
73
-40
-449
-456
-454
-439
-448
-429
-420
-422
-415
-418
-414
-416
-416
-415
-415
-416
-415
-415
-415
-414
-415
-415
-415
-416
-415
-415
-415
-415
-415
-416
-415
-416
-415
-415
-416
-415
-416
-416
-415
-417
-413
-417
-413
-418
-416
-421
-419
-422
-424
-429
-436
-451
-457
-457
-458
-458
-459
-459
-459
-460
-462
-464
-466
-467
-465
-463
-462
-461
-459
-458
-437
-391
-348
-311
-270
-240
-207
-170
-146
-126
-96
-82
-71
-47
-33
-20
-9
1
16
27
33
35
41
44
55
59
75
79
76
83
88
85
96
83
89
90
89
96
96
106
101
100
101
100
95
113
105
99
98
91
98
98
90
92
90
85
83
83
90
82
79
77
73
66
70
59
52
55
46
42
44
43
31
35
29
26
17
24
16
12
8
4
0
2
-8
-16
-19
-26
-28
-26
-30
-37
-41
-42
-42
-50
-35
-42
-47
-48
-54
-58
-54
-62
-69
-76
-79
-84
-90
-84
-84
-82
-85
-87
-86
-78
-80
-83
-79
-86
-85
-81
-77
-80
-80
-82
-75
-75
-70
-74
-76
-73
-74
-69
-59
-61
-57
-52
-49
-46
-45
-41
-43
-42
-41
-39
-32
-25
-32
-35
-27
-34
-27
-17
-12
-11
-11
-6
3
8
14
9
11
9
10
11
25
20
19
26
31
30
33
32
33
39
42
43
46
56
54
52
58
58
53
66
65
66
70
73
77
80
82
73
73
76
84
88
96
89
94
96
96
92
103
101
97
97
97
101
107
110
108
112
109
111
114
126
129
130
125
120
119
125
124
123
129
129
129
133
140
134
135
134
137
133
142
141
134
139
137
136
142
143
139
145
141
139
140
146
139
141
135
134
137
142
138
135
133
130
130
132
139
132
127
133
129
126
141
130
130
136
126
138
139
132
142
124
128
130
108
127
118
110
127
108
117
131
112
122
118
106
121
108
118
120
102
121
117
108
130
106
108
111
100
119
122
112
125
106
116
120
108
127
120
109
126
109
117
127
105
120
112
101
116
106
118
120
104
125
118
111
136
122
125
127
108
127
126
109
126
111
116
121
107
126
114
112
133
116
117
134
115
134
125
115
132
124
126
125
104
126
118
116
136
114
116
119
104
128
132
115
131
114
121
123
117
135
119
109
124
100
111
124
98
123
114
108
128
121
128
136
115
138
133
131
146
123
128
135
111
129
129
116
131
113
122
127
110
129
119
106
134
115
123
131
112
132
123
112
132
118
120
123
102
126
114
110
129
108
113
115
94
125
120
106
127
105
113
118
103
123
116
101
124
106
124
127
106
132
126
109
126
113
112
123
101
123
111
114
132
113
128
135
109
132
128
109
125
107
116
123
111
124
116
107
128
111
128
131
108
130
123
110
136
121
121
128
111
130
120
119
132
114
122
124
101
127
120
110
131
115
124
136
125
139
132
124
136
118
129
132
108
124
117
109
134
114
114
122
106
127
120
122
132
119
123
128
106
134
125
112
131
112
119
127
106
126
115
109
122
112
131
131
111
128
124
112
135
115
120
123
104
120
112
107
117
101
115
116
99
129
120
108
134
118
124
132
120
130
128
111
129
115
129
135
112
130
123
113
140
120
123
123
111
129
126
121
131
113
127
129
115
142
122
117
131
116
115
130
118
132
120
111
124
104
120
125
107
126
116
108
132
114
119
116
105
125
118
112
133
115
125
129
113
135
116
114
128
109
120
129
107
127
118
111
128
114
126
126
109
120
119
116
138
113
121
124
105
128
130
122
132
108
129
129
116
144
121
113
130
111
122
134
111
131
118
107
111
101
114
111
96
114
106
99
118
96
111
118
91
120
112
101
107
88
101
98
79
106
85
84
105
81
100
103
80
115
93
97
109
96
102
102
87
112
97
93
124
93
110
99
86
115
111
106
120
100
113
120
110
131
121
110
130
110
122
134
103
121
112
106
124
113
118
128
115
133
121
128
149
122
133
137
113
128
123
110
129
113
121
130
121
133
121
111
130
115
130
140
114
131
125
117
136
125
122
127
106
130
117
119
130
113
124
121
105
121
124
113
134
103
121
122
110
125
110
105
116
100
116
124
102
123
118
115
131
123
125
124
114
130
120
119
124
110
118
125
103
128
121
111
127
100
121
119
108
130
116
108
118
104
123
124
106
123
107
110
128
114
123
115
98
118
107
110
116
104
116
117
95
128
108
99
120
93
114
110
108
119
110
107
124
102
131
129
109
129
118
114
130
111
114
110
100
124
117
127
130
113
129
131
112
141
117
119
128
109
114
123
112
127
114
108
120
90
121
117
101
124
107
115
129
111
122
120
105
125
114
114
125
98
116
112
95
123
102
105
120
106
121
127
112
131
122
117
138
106
130
124
106
119
106
107
128
103
116
116
92
122
108
112
119
94
120
116
104
140
116
109
126
99
117
125
99
129
116
113
119
102
128
125
106
125
109
111
135
107
119
120
98
116
108
112
120
100
117
122
105
133
115
106
122
101
113
117
95
120
104
105
118
101
113
112
93
122
102
101
128
101
114
112
92
118
109
109
121
98
116
120
99
132
113
107
123
102
123
131
111
127
116
118
123
103
120
121
110
130
107
110
129
108
130
127
116
128
127
123
134
118
131
130
119
137
117
112
122
107
130
135
114
129
122
118
137
123
131
130
119
139
120
125
138
112
137
132
118
129
129
128
138
120
127
124
124
144
124
123
128
116
126
127
105
120
113
114
127
110
122
114
108
136
119
126
138
122
134
136
125
133
126
117
123
103
123
122
124
135
121
120
126
110
130
139
118
134
123
126
135
125
137
132
119
137
127
134
138
118
131
132
115
132
122
121
131
117
136
128
132
141
127
130
133
109
128
130
116
133
116
127
134
126
133
130
120
139
130
140
137
115
134
133
120
140
129
134
139
123
139
127
124
137
126
124
126
107
143
135
120
133
117
123
131
122
129
130
117
135
123
130
133
106
130
129
114
131
113
112
118
104
121
114
108
130
112
120
127
109
136
132
124
131
126
129
143
127
131
127
106
126
113
128
135
113
135
131
124
145
123
120
134
116
133
130
122
137
123
125
122
104
131
124
115
131
116
119
138
117
132
133
114
133
116
129
131
109
125
123
111
133
111
113
119
111
135
134
126
141
128
136
137
123
139
134
113
135
120
118
135
114
129
120
111
124
115
132
135
116
128
126
114
146
128
126
128
114
130
132
120
131
120
125
127
110
133
128
118
136
114
121
134
119
132
126
114
127
117
122
122
103
128
134
118
146
124
127
129
123
140
140
125
134
121
123
133
115
135
124
113
128
118
121
134
118
128
126
112
129
121
124
131
111
131
128
121
138
119
125
128
111
130
136
118
132
124
126
133
116
131
122
116
135
118
124
134
113
124
118
105
137
129
133
136
116
135
127
126
141
118
119
123
105
126
128
119
129
116
126
127
118
137
127
118
134
121
120
131
115
131
130
115
129
120
120
128
110
127
116
113
139
123
121
127
110
125
127
109
127
103
113
118
110
121
110
101
123
111
123
125
107
131
128
118
135
120
119
118
104
108
107
112
124
108
110
118
98
120
116
103
121
102
118
120
117
130
123
111
131
114
124
124
104
131
123
113
122
112
116
119
105
121
116
116
126
109
115
118
99
127
112
100
112
105
114
117
114
125
116
114
126
113
134
130
106
127
115
111
127
117
124
128
112
126
116
114
131
111
119
110
97
126
109
110
121
106
116
120
107
122
114
107
130
112
128
131
110
128
123
115
132
117
114
119
103
121
105
106
124
102
118
119
105
132
118
110
127
111
119
128
114
127
105
99
117
95
125
116
101
124
115
117
137
118
122
129
113
130
123
120
130
122
127
125
108
133
121
111
133
109
122
128
115
134
128
123
132
116
134
134
116
129
121
108
135
111
113
118
106
130
129
130
137
123
133
139
115
141
126
113
131
111
116
121
104
125
113
113
127
110
127
132
112
133
124
117
139
119
130
135
117
136
134
126
134
121
126
132
115
138
126
117
139
121
128
136
117
135
128
118
127
112
119
118
99
117
106
112
137
112
122
122
109
124
128
124
125
110
124
120
107
129
113
111
127
108
118
127
110
126
120
115
125
109
123
125
111
132
121
119
137
116
117
125
110
129
131
122
129
110
116
124
111
126
109
108
121
106
118
123
100
119
111
110
126
108
127
126
110
128
125
120
135
116
121
117
104
116
117
111
127
103
121
113
108
129
117
108
114
123
124
104
129
119
116
121
112
120
117
109
125
112
117
125
112
125
126
110
129
121
112
121
104
119
117
111
126
107
105
116
98
120
119
98
125
115
120
131
122
124
118
104
122
107
115
123
99
119
107
99
121
110
113
124
106
119
117
112
127
113
113
127
102
123
122
98
118
112
112
120
102
109
108
93
128
108
116
127
103
120
117
104
126
106
111
126
98
114
113
105
127
115
111
126
103
133
133
119
134
122
113
129
109
123
124
107
125
113
119
124
103
122
120
107
127
113
107
126
105
118
124
116
131
121
112
128
109
127
122
102
121
110
109
132
116
122
118
102
124
113
121
123
102
117
115
100
131
119
111
125
102
119
121
111
133
123
117
124
99
117
116
100
121
114
113
138
116
127
124
110
126
114
122
127
108
125
124
113
136
124
116
128
113
127
129
119
131
123
119
133
114
129
132
117
131
122
122
137
113
123
115
102
118
116
122
126
106
127
126
113
138
125
124
130
109
122
124
104
123
112
114
122
106
129
126
114
132
121
120
140
115
132
130
119
131
126
122
130
112
124
120
110
136
114
111
119
105
123
127
110
127
117
122
131
122
137
125
107
125
109
113
135
114
131
129
116
129
120
123
134
114
130
123
109
129
111
110
125
104
123
122
105
128
118
118
124
104
121
111
106
124
114
121
134
112
129
125
112
132
122
115
125
104
123
119
114
132
119
119
124
96
122
124
106
126
108
113
119
104
119
119
104
126
110
118
130
105
125
115
98
118
108
106
119
101
121
116
110
129
113
115
127
105
127
125
107
127
111
118
124
112
122
116
99
124
109
116
127
101
123
122
109
129
121
110
120
101
119
114
109
125
105
107
113
90
116
114
100
118
105
112
123
114
124
116
102
122
105
111
115
96
113
108
96
118
107
103
114
93
118
113
109
121
107
109
115
98
120
113
101
119
103
107
121
109
115
110
99
113
102
116
116
96
118
113
98
123
109
103
109
91
110
101
102
114
101
109
112
92
124
115
105
123
107
106
111
93
114
101
95
115
97
113
112
91
114
104
95
120
101
104
107
94
116
103
103
115
102
105
113
95
128
111
98
115
97
105
112
99
115
103
95
115
96
108
104
86
105
97
87
119
98
105
111
91
114
108
103
118
101
111
111
87
115
95
93
113
90
105
111
91
116
102
95
113
91
115
106
89
115
102
94
123
94
102
105
84
112
108
96
109
95
105
107
89
121
97
89
113
88
99
108
84
104
89
81
99
72
99
96
77
102
91
86
116
87
104
105
82
109
98
86
106
81
98
100
76
110
90
81
102
81
92
105
79
109
94
91
110
91
105
104
82
108
97
85
116
90
102
104
80
110
107
93
114
92
106
111
96
119
105
93
114
88
99
108
78
113
98
86
111
100
103
112
92
116
102
97
126
101
108
113
90
113
109
94
115
95
110
112
99
118
102
92
115
93
109
121
95
122
108
99
118
105
108
111
91
116
102
98
123
100
100
107
84
105
106
97
113
93
103
110
95
112
99
87
117
94
105
114
88
119
105
95
112
98
104
104
83
111
98
98
113
94
107
108
91
112
107
92
113
90
103
102
93
109
98
89
107
88
109
109
87
116
100
93
119
108
111
108
90
112
97
96
114
92
108
103
82
106
95
91
110
90
101
105
103
114
104
101
116
95
114
110
86
111
91
92
110
96
98
101
88
113
95
108
111
94
110
109
90
116
98
94
112
91
106
105
96
111
98
95
112
86
114
110
92
117
100
100
115
98
109
109
84
111
93
99
102
84
99
99
77
112
91
96
112
90
107
106
92
111
94
93
108
83
110
102
81
112
92
97
113
90
105
104
83
114
100
105
106
93
109
105
89
127
103
95
116
91
107
107
92
116
102
92
112
84
112
108
86
115
94
89
117
87
101
94
83
106
93
98
108
85
110
106
80
116
93
85
104
80
96
95
85
102
89
89
108
85
105
102
81
106
89
88
116
87
97
93
80
100
85
91
107
82
98
101
81
113
89
95
106
83
99
107
83
108
83
88
105
78
94
98
80
104
85
93
121
87
105
106
86
113
106
96
105
83
96
94
85
104
89
91
103
79
103
111
86
114
97
95
112
93
113
107
88
110
92
93
114
88
101
99
76
99
96
91
104
81
98
96
76
109
91
94
104
78
94
103
71
102
82
91
101
87
103
98
75
112
94
99
117
87
102
99
83
104
93
92
102
82
99
100
95
116
94
102
103
84
106
106
92
113
97
90
109
95
107
103
82
108
88
92
109
82
103
97
78
103
94
92
110
84
99
97
85
106
82
89
104
80
100
102
83
113
95
103
112
90
105
99
79
107
87
104
105
84
98
97
83
109
97
89
107
80
99
96
90
110
86
93
104
79
111
105
81
109
89
92
103
87
103
97
80
103
88
104
106
88
105
105
80
107
89
86
103
79
101
96
87
110
91
103
111
90
113
108
84
108
85
96
103
88
104
97
77
104
86
103
108
92
109
103
83
123
99
96
101
84
103
100
94
108
95
99
102
81
106
103
78
114
89
96
113
92
107
107
86
110
87
99
101
80
103
91
82
113
87
100
103
89
109
113
98
114
96
95
111
79
113
101
85
113
94
102
109
97
104
100
84
111
93
107
114
88
109
104
88
117
99
103
110
89
107
114
91
115
91
99
105
85
113
102
91
114
98
97
114
89
105
104
88
112
100
109
110
93
117
109
95
129
107
101
109
82
109
113
97
120
101
108
115
95
124
109
95
120
103
105
125
99
116
111
98
116
98
110
111
94
115
112
98
122
106
110
121
97
114
119
102
124
102
107
114
95
111
101
83
116
97
100
117
95
116
112
105
120
104
113
111
95
110
103
87
119
92
108
105
87
111
111
98
116
99
101
112
98
116
116
93
122
98
99
116
95
119
108
92
115
103
105
111
92
114
107
90
126
97
106
115
92
109
107
88
114
91
98
102
87
107
102
87
120
98
111
119
94
112
103
90
114
104
99
105
82
107
92
93
112
88
99
99
82
104
109
90
112
96
100
110
91
117
105
90
114
92
103
107
85
101
96
84
104
94
98
100
81
106
98
91
111
85
95
104
83
97
103
81
112
90
103
103
92
107
94
86
98
81
95
99
81
104
96
79
109
94
102
103
80
105
94
94
107
86
94
99
76
102
99
80
108
81
96
95
92
104
97
86
104
84
98
103
78
106
100
77
104
84
90
87
76
92
95
90
112
90
101
108
87
114
99
87
112
86
98
95
95
101
98
84
110
87
108
107
88
111
100
90
114
104
108
104
93
109
103
93
112
87
105
103
84
113
96
90
111
94
100
106
98
107
106
93
117
87
109
102
82
107
98
92
116
99
100
107
89
118
110
105
122
98
110
105
93
117
96
91
111
95
106
113
96
105
99
84
106
86
107
102
91
107
100
89
113
92
103
107
85
106
99
103
109
90
105
105
85
119
104
84
115
95
103
112
91
117
96
94
112
91
117
102
91
112
105
93
129
106
109
110
88
110
101
94
109
92
102
106
89
118
108
91
113
86
104
106
90
115
101
91
110
91
106
102
87
110
103
91
125
92
110
109
87
103
99
89
110
92
101
102
88
113
89
81
96
75
100
104
87
104
101
92
115
102
103
105
82
105
90
86
107
75
90
92
78
89
100
84
112
88
98
96
83
110
91
97
99
89
107
112
93
107
103
93
114
95
107
103
89
117
100
95
124
97
101
112
94
111
107
87
111
84
98
92
84
110
94
93
106
93
109
120
94
114
99
93
119
99
110
98
88
112
97
93
115
93
106
101
87
109
101
92
117
92
108
105
103
116
110
104
112
91
105
111
84
112
93
95
115
97
102
99
87
109
101
97
110
90
104
104
83
111
102
84
111
94
110
106
102
115
103
90
110
77
103
105
85
112
93
94
110
103
104
106
90
110
100
96
113
88
107
106
86
109
100
91
112
93
106
108
96
109
104
94
123
90
115
111
96
114
102
96
109
99
98
99
68
104
96
94
114
89
106
104
92
122
109
98
110
92
102
100
92
107
94
94
111
84
107
99
89
108
96
87
117
97
99
108
84
107
93
98
100
87
101
97
84
114
94
84
103
84
98
102
88
103
91
96
108
92
111
101
83
103
95
89
112
92
110
104
88
104
94
110
110
92
99
102
83
112
97
86
101
79
101
95
87
105
88
93
104
82
107
96
86
110
93
89
110
83
105
97
86
99
91
99
103
86
99
96
82
110
90
88
100
83
100
101
84
100
88
85
102
79
106
93
85
111
95
97
119
88
108
98
82
99
88
94
105
83
99
91
87
116
94
102
100
85
102
102
84
103
94
97
105
87
110
95
84
105
88
92
118
82
101
102
87
106
95
90
107
81
102
92
88
117
89
86
95
73
89
105
80
107
93
101
111
94
117
96
87
115
96
95
115
86
103
97
81
107
96
95
110
87
104
99
88
112
98
94
109
85
103
108
85
110
86
94
110
89
107
99
83
111
95
98
114
84
108
106
86
114
107
90
107
86
100
93
89
107
93
94
107
74
99
111
90
115
98
94
105
92
103
97
82
108
91
97
109
76
100
101
86
109
98
86
106
86
105
99
89
112
95
95
109
82
101
102
80
106
92
95
105
95
104
97
75
104
91
98
109
86
100
100
83
106
101
88
109
87
107
105
102
110
100
102
109
85
105
100
87
107
93
92
107
94
109
106
92
112
97
100
108
88
103
104
92
112
102
92
110
89
109
104
97
105
94
100
109
94
115
112
94
113
97
94
111
93
102
98
82
101
85
104
106
84
102
103
89
118
105
106
110
90
105
96
88
103
86
98
101
86
115
97
92
117
96
97
111
99
108
106
96
109
97
107
108
88
105
100
86
111
89
98
99
81
104
100
89
109
91
98
106
85
116
98
84
109
84
91
103
80
103
92
83
103
87
106
105
89
112
103
87
115
88
95
101
79
103
100
89
