76
85
62
87
79
65
78
65
63
75
64
86
80
72
94
78
93
96
68
96
84
77
95
80
75
88
65
87
77
76
92
72
83
96
70
98
83
74
94
78
86
93
75
93
85
73
94
74
90
93
70
91
82
65
93
77
78
87
72
95
89
84
94
76
76
84
64
89
88
75
98
77
86
102
73
98
92
82
101
75
93
94
74
96
91
75
104
78
89
100
78
98
91
83
97
77
80
95
79
106
90
77
103
80
86
100
74
93
88
75
97
77
95
95
72
95
87
68
103
80
86
90
72
88
83
75
90
82
84
94
77
105
87
84
102
81
84
99
67
87
82
74
93
77
88
95
71
94
88
78
103
78
88
92
70
91
91
81
94
77
84
91
73
101
79
75
94
82
86
101
71
93
87
77
96
79
87
88
70
87
81
68
87
72
82
89
72
98
93
85
105
86
94
94
77
98
80
78
96
74
85
96
66
92
81
76
93
81
89
90
72
92
83
75
96
68
80
86
65
90
91
77
87
68
79
80
72
93
82
77
96
70
84
93
69
89
79
70
85
75
82
81
69
89
77
73
95
74
86
93
72
95
87
77
93
74
86
92
78
96
81
75
95
74
85
95
68
92
79
75
98
79
87
93
73
93
85
83
100
70
84
85
67
88
86
73
93
73
80
84
70
88
77
64
87
67
83
88
64
90
84
72
94
84
85
95
75
96
78
76
90
66
77
84
61
85
87
73
94
74
85
90
73
91
74
70
90
68
84
87
63
80
74
62
85
81
83
90
69
91
80
81
95
72
79
90
67
95
83
72
88
64
70
76
60
75
72
69
89
70
87
96
66
94
86
74
94
78
80
86
67
90
81
80
90
72
77
87
66
97
80
76
96
70
88
92
79
91
83
73
96
73
94
91
68
90
81
75
95
81
87
93
73
94
90
86
99
78
87
92
65
96
74
71
97
73
89
93
80
94
87
76
97
72
97
90
74
97
82
78
101
76
87
92
76
96
85
87
92
73
88
86
72
103
85
87
101
83
92
102
80
102
84
83
100
79
100
98
77
100
81
81
99
77
87
93
75
95
85
80
98
74
90
96
76
109
86
89
107
81
95
98
67
94
79
80
95
79
95
92
76
89
84
83
106
73
89
92
71
95
88
85
99
70
91
89
77
109
83
85
99
72
91
102
72
101
81
84
88
76
90
85
68
90
71
65
80
58
71
82
66
91
88
82
89
77
91
91
71
97
73
68
87
69
85
99
62
88
72
71
91
75
93
92
73
97
79
80
104
70
87
75
72
91
84
78
93
68
80
85
66
93
77
73
93
69
86
95
68
91
76
69
88
72
80
84
64
87
71
75
98
65
86
92
75
98
89
78
99
71
85
93
81
101
75
85
100
73
92
98
71
93
79
78
93
83
85
90
69
96
76
88
103
74
94
96
73
93
92
84
99
66
90
92
79
93
84
80
92
73
86
91
70
90
80
81
95
82
92
90
77
101
86
96
96
76
86
88
67
98
83
84
101
80
101
93
90
99
82
87
95
79
95
100
75
99
81
81
95
83
93
94
78
100
86
96
102
82
101
89
79
105
85
80
98
71
89
79
73
85
73
73
92
69
94
96
81
102
82
93
107
84
98
84
78
94
81
92
96
67
93
89
75
103
78
86
96
73
89
94
89
105
84
85
101
71
94
90
76
97
74
84
96
70
92
88
79
95
82
93
103
73
94
98
71
96
71
77
88
68
89
91
77
90
79
82
100
68
103
88
76
92
75
80
97
65
86
87
64
93
76
84
92
65
86
78
64
101
70
80
92
70
85
92
75
97
74
78
86
68
93
86
74
91
72
73
86
63
77
83
66
92
71
77
87
61
76
82
63
92
76
77
91
68
89
90
73
91
68
72
87
66
89
86
65
87
74
74
101
66
86
82
70
89
80
81
92
69
85
89
70
101
73
80
96
66
90
101
71
97
81
89
91
71
87
88
74
93
75
77
96
61
78
78
64
84
71
75
95
69
90
93
84
102
78
83
92
69
86
89
71
87
71
73
83
70
87
87
69
93
76
80
96
64
86
82
73
89
86
80
94
79
92
86
74
92
70
83
90
75
90
94
77
87
78
81
88
75
84
81
64
90
71
80
85
63
72
79
75
92
88
84
94
69
90
80
73
89
70
77
84
68
84
91
73
89
71
79
89
74
94
88
78
96
76
93
94
74
90
86
73
96
79
83
90
69
88
82
84
93
75
85
92
72
90
85
71
88
71
83
91
81
93
83
79
91
83
99
99
87
87
75
132
-452
-451
-452
-449
-452
-430
-426
-422
-415
-420
-413
-416
-415
-415
-415
-415
-415
-415
-414
-414
-416
-415
-414
-415
-414
-415
-414
-415
-416
-415
-415
-415
-415
-415
-416
-415
-416
-415
-417
-413
-417
-416
-418
-414
-418
-415
-420
-418
-421
-423
-429
-435
-451
-457
-457
-458
-459
-459
-460
-461
-460
-462
-463
-465
-467
-465
-464
-462
-460
-459
-458
-438
-388
-351
-317
-272
-234
-203
-181
-154
-135
-114
-84
-76
-62
-35
-26
-15
-7
16
19
30
40
47
50
60
60
59
67
71
72
79
86
84
91
94
83
94
104
102
97
98
104
100
103
101
95
91
95
89
94
99
86
91
87
86
78
85
81
73
74
70
68
69
66
59
54
50
39
36
39
33
26
25
17
17
15
9
5
-1
-4
-9
-4
-4
-14
-17
-27
-26
-32
-31
-34
-41
-45
-42
-47
-45
-49
-55
-53
-60
-64
-66
-66
-69
-75
-79
-83
-83
-79
-82
-81
-85
-87
-91
-80
-87
-90
-89
-91
-91
-88
-80
-91
-84
-87
-84
-84
-72
-79
-76
-68
-67
-67
-67
-58
-61
-62
-55
-57
-51
-44
-48
-50
-46
-53
-50
-37
-42
-41
-38
-33
-30
-24
-20
-21
-20
-22
-14
-21
-2
-9
-12
-9
-7
-10
-2
5
7
15
16
21
23
30
31
34
37
32
35
46
41
43
49
51
53
52
51
53
55
59
61
62
74
69
76
74
77
77
87
83
79
83
83
88
88
90
86
85
90
91
97
104
108
106
110
113
109
116
109
113
107
110
108
113
118
111
111
115
114
111
123
117
121
120
121
122
123
129
125
132
132
130
129
130
126
119
123
120
123
127
121
120
118
120
117
123
124
120
120
119
117
114
124
108
110
104
107
109
116
116
110
113
112
110
103
112
108
98
106
107
103
110
116
105
114
108
101
116
113
109
116
103
112
111
101
112
101
100
122
95
122
110
94
115
102
98
113
98
104
115
95
121
111
109
118
97
110
110
95
126
109
107
121
106
122
127
116
133
128
120
132
112
131
127
110
126
111
104
130
112
121
127
105
124
112
120
125
104
122
123
110
139
129
119
132
124
124
130
116
130
119
117
131
118
131
137
118
133
131
121
143
121
125
126
105
125
112
117
124
108
115
122
107
136
129
122
138
124
136
146
125
139
129
123
131
121
133
136
122
137
126
118
139
115
128
131
116
127
125
119
131
118
123
126
105
135
119
110
130
113
121
127
109
126
114
110
127
110
126
124
105
127
112
109
134
113
120
121
110
130
127
119
136
122
129
130
115
138
123
123
128
113
124
130
112
125
122
113
127
112
124
123
108
127
111
108
130
113
120
120
105
125
124
117
125
106
122
123
115
135
116
113
128
113
119
130
113
124
115
110
117
108
119
118
102
132
119
112
137
124
129
129
114
135
130
127
131
110
123
117
109
125
108
111
123
106
120
126
103
130
119
117
128
114
118
123
109
130
117
116
135
113
119
114
98
126
121
117
132
112
121
118
113
128
113
107
124
101
118
125
93
121
104
101
112
102
118
118
111
129
117
120
133
113
129
128
105
124
116
114
123
104
125
125
114
124
107
113
129
111
127
126
108
126
115
118
129
117
121
123
102
127
116
116
126
103
122
116
99
121
122
112
124
101
118
119
110
127
109
104
119
96
122
119
105
130
120
113
130
116
123
121
102
117
102
110
115
99
111
106
90
119
100
95
107
80
101
96
85
100
82
87
98
79
106
95
86
106
89
92
111
89
102
100
86
113
95
111
113
94
111
106
87
121
99
97
112
88
107
103
106
114
102
110
121
103
128
123
102
121
108
103
115
99
108
113
103
122
107
117
123
103
121
122
106
129
118
117
125
104
116
122
112
125
113
112
119
104
130
124
109
125
114
117
135
117
125
121
106
124
112
123
117
98
116
111
101
121
109
113
125
104
125
128
119
130
124
122
124
105
127
118
108
129
122
119
135
112
123
121
112
129
124
126
131
118
132
126
113
137
120
122
131
113
125
132
122
131
115
117
118
104
133
126
111
133
119
117
138
114
129
124
108
125
117
123
128
114
131
125
111
137
115
124
128
110
122
125
112
131
115
121
128
115
132
128
118
134
118
119
136
114
128
124
108
129
129
128
137
113
128
129
119
140
119
121
129
112
128
138
116
137
120
119
126
113
133
129
116
128
115
121
139
119
135
133
117
131
134
129
138
117
133
130
116
136
115
116
131
115
131
141
122
138
124
126
132
120
132
129
117
133
119
122
136
113
125
118
102
127
125
124
133
118
132
132
123
138
124
120
129
112
127
126
109
127
114
111
116
103
121
123
114
139
122
133
147
123
135
133
119
137
129
124
128
113
126
124
120
132
120
115
128
115
131
137
116
135
118
125
131
126
132
132
118
129
116
125
129
116
128
121
107
124
118
119
124
105
122
123
117
128
114
117
118
99
119
116
103
127
112
119
120
113
125
119
115
131
115
128
130
109
126
122
111
130
121
117
122
108
126
119
120
126
109
116
116
102
131
124
109
125
110
115
121
108
124
113
109
129
116
128
132
111
128
119
104
129
114
121
126
105
120
114
112
125
109
118
126
108
138
127
115
134
118
124
128
109
119
110
106
126
104
122
125
103
129
119
110
139
114
120
123
103
122
117
115
128
110
115
120
97
129
117
106
127
106
115
130
113
126
118
110
129
112
126
123
100
124
111
97
123
97
107
118
102
119
118
114
131
116
123
130
104
136
122
108
122
103
111
126
98
120
106
94
124
103
118
115
98
124
116
105
135
113
115
118
103
121
124
111
132
113
116
118
101
127
122
110
134
117
122
137
117
132
126
104
127
111
118
121
105
122
123
111
138
114
121
136
117
133
135
119
138
118
121
126
111
132
127
113
134
118
122
140
116
132
120
108
129
129
130
133
118
134
127
120
143
123
125
131
115
130
135
119
130
119
122
123
111
126
120
111
127
108
113
128
108
125
118
109
124
117
120
125
104
130
128
123
132
111
113
118
101
123
123
113
129
121
124
129
121
132
123
111
129
114
126
131
115
130
121
110
122
115
120
128
113
131
123
121
137
120
128
127
111
129
131
120
134
117
123
120
111
122
113
111
132
119
133
139
122
135
131
121
141
129
136
134
110
129
119
122
135
112
123
124
107
133
133
120
132
115
123
124
120
137
122
119
134
117
134
134
111
132
121
115
129
115
122
127
107
125
117
121
135
117
124
127
101
130
118
108
124
104
125
126
117
135
126
117
140
124
136
136
113
131
122
114
130
113
122
122
103
130
124
122
136
112
118
120
102
133
124
117
126
109
122
128
117
132
121
113
127
112
132
132
113
135
124
111
134
115
117
126
107
125
113
117
130
108
121
113
97
133
118
112
131
111
117
132
111
119
106
101
120
98
127
121
101
125
120
109
133
114
114
121
102
124
108
111
128
106
118
119
98
126
117
110
125
102
120
131
111
131
114
109
123
101
120
117
102
119
103
103
128
100
105
109
96
117
113
112
125
112
123
127
107
135
123
108
125
90
118
126
106
126
116
113
123
114
129
129
113
127
119
114
140
117
124
118
107
123
117
111
125
109
121
117
92
127
107
107
127
103
119
126
107
124
111
105
113
105
117
111
84
118
105
107
130
104
114
118
107
126
127
117
123
104
118
115
101
128
110
117
127
102
113
124
108
124
108
101
121
107
125
124
107
129
118
124
132
112
121
115
105
126
122
114
125
103
125
121
109
127
107
114
125
103
116
121
100
122
112
109
121
110
130
129
114
131
120
123
138
112
107
113
95
124
117
107
126
102
128
123
112
134
116
110
121
99
119
121
97
126
111
107
117
96
115
114
100
107
108
114
125
104
120
117
95
130
116
105
118
94
117
109
102
116
96
91
123
97
120
119
101
128
116
118
128
117
125
120
105
124
109
113
132
104
113
114
97
126
116
114
116
100
119
122
113
127
118
110
127
103
130
125
104
126
107
108
122
108
114
120
110
125
110
118
126
103
126
114
103
127
107
107
115
93
111
115
107
121
110
105
122
99
130
130
107
125
121
111
124
109
113
116
100
126
105
114
124
102
122
116
97
124
115
116
130
108
122
123
109
131
113
113
125
102
130
121
104
122
108
110
129
104
115
115
105
126
114
122
124
109
123
114
100
126
115
117
130
102
127
125
114
130
113
108
119
99
124
118
103
119
112
112
133
113
122
117
111
126
114
121
121
106
126
119
102
134
115
120
132
109
125
127
112
133
122
122
134
114
136
132
113
129
118
122
139
107
118
111
95
126
114
120
123
107
132
130
116
147
122
125
132
108
119
123
110
123
110
103
119
95
128
124
104
124
107
113
129
108
124
117
105
122
112
123
126
104
133
129
108
133
112
114
125
107
122
125
108
131
117
116
129
109
121
114
102
122
104
113
128
108
122
113
100
129
128
122
128
108
122
121
110
129
113
115
123
105
122
126
104
124
112
112
124
103
123
116
106
126
106
118
134
103
119
113
101
120
112
110
117
94
121
110
111
126
102
108
115
100
118
120
98
119
102
110
110
103
116
113
102
120
104
114
125
105
123
115
99
118
113
111
118
96
117
113
112
126
110
111
117
97
118
119
101
122
106
113
115
102
114
103
99
120
104
116
125
102
124
120
101
117
107
108
114
94
118
114
105
114
99
98
102
87
118
110
94
116
94
111
112
105
116
114
104
121
107
112
112
90
118
100
94
119
106
105
116
96
112
110
112
123
102
112
116
92
125
109
99
114
103
105
115
102
108
103
92
121
98
113
113
99
116
112
103
123
110
112
114
94
117
102
102
114
94
110
112
94
130
118
110
117
107
109
119
102
117
107
96
113
96
107
108
91
116
108
99
118
99
99
112
89
120
112
114
122
106
114
114
100
127
111
105
119
103
112
123
97
112
100
94
116
101
116
114
97
115
109
95
127
100
110
111
100
122
118
116
125
112
107
115
97
120
110
101
119
99
106
121
103
119
110
105
121
107
115
114
94
121
106
94
128
99
108
111
97
107
110
100
114
98
107
112
97
122
107
100
116
94
110
116
103
119
99
93
114
99
105
106
87
120
113
107
124
106
117
119
104
118
119
103
117
100
106
105
91
119
101
101
116
100
112
124
101
118
111
100
113
105
114
114
96
119
110
107
123
96
103
107
93
118
112
96
118
99
111
109
101
124
102
102
114
92
100
111
88
110
95
91
112
103
112
117
97
117
112
107
125
99
104
112
91
117
105
92
115
91
108
106
95
117
93
98
115
96
107
118
95
122
107
101
116
104
110
108
89
110
101
103
123
96
105
112
90
122
112
99
116
95
122
115
105
113
103
93
114
85
101
111
95
122
102
98
110
100
106
111
91
111
104
102
119
104
113
115
99
121
114
104
119
106
111
115
99
108
102
93
118
93
116
111
89
121
105
99
114
108
106
114
99
114
104
109
119
94
107
103
86
116
105
93
109
93
102
102
98
117
107
98
119
100
116
116
97
115
108
98
110
99
99
109
93
118
101
106
117
98
106
109
99
118
108
104
113
94
112
110
96
109
95
100
104
91
109
103
90
111
98
93
116
97
99
105
89
115
97
104
108
96
101
100
85
118
105
100
114
97
110
117
104
115
103
107
109
93
112
104
85
110
98
98
114
91
108
99
91
109
95
105
107
94
109
106
87
119
95
95
107
82
107
104
95
118
96
92
108
91
116
110
91
119
103
102
116
88
101
95
83
102
88
97
99
88
105
100
79
116
90
103
109
90
105
107
93
108
93
95
110
91
114
101
85
111
92
97
111
82
100
95
91
113
101
95
112
88
108
106
90
125
99
99
108
90
106
111
90
115
96
96
110
90
113
107
86
112
96
100
119
96
109
118
94
121
110
109
119
101
116
112
90
118
88
98
113
95
110
121
93
121
104
103
115
102
115
108
89
115
98
99
123
92
108
109
86
114
103
98
111
87
114
110
95
125
102
97
109
97
107
115
88
121
99
87
100
87
100
100
86
113
100
101
124
101
113
115
98
116
109
104
111
97
104
107
94
116
102
105
116
97
108
118
92
122
105
106
117
111
110
114
99
113
98
104
120
96
107
106
93
116
112
106
116
100
108
114
102
119
103
100
114
90
113
109
94
112
101
109
112
104
109
114
100
122
103
111
117
96
112
111
99
113
108
103
110
94
113
109
107
118
96
101
107
96
115
113
98
116
105
108
116
105
112
109
94
122
102
117
119
104
122
113
97
120
106
113
123
99
116
112
105
116
101
108
108
98
118
114
99
120
108
114
123
106
114
108
98
125
104
117
116
98
117
115
101
132
111
113
118
99
115
116
109
120
98
105
111
92
124
116
95
122
99
108
124
102
120
115
100
118
98
111
117
93
117
110
90
121
90
101
106
88
109
104
100
117
102
109
117
90
120
108
91
114
96
101
114
92
107
101
86
116
99
112
117
96
118
113
97
127
101
104
110
92
113
112
94
118
97
98
103
82
113
105
92
115
95
104
117
92
113
111
89
112
91
103
99
74
101
94
83
116
86
94
107
90
108
112
93
117
96
99
104
89
109
102
89
114
94
102
118
93
104
101
84
106
96
103
105
86
108
102
87
119
97
96
106
87
105
110
92
115
93
104
105
88
110
105
92
114
94
100
110
86
100
96
82
104
91
101
102
89
110
107
97
116
93
100
100
86
105
108
91
113
100
103
108
99
111
106
93
111
93
101
109
87
106
97
79
101
93
97
98
81
101
93
89
111
87
101
101
85
104
106
87
109
92
102
101
94
104
90
89
108
89
104
108
91
113
106
95
118
104
105
107
92
111
98
92
110
85
96
97
84
109
108
91
112
92
103
102
97
110
103
94
113
92
108
107
84
110
102
88
114
94
103
108
90
116
106
101
116
92
106
107
84
110
101
84
103
87
102
102
94
113
