73
92
73
73
81
54
79
72
73
84
70
80
84
65
91
81
62
80
65
70
85
68
85
74
65
80
65
80
79
62
81
77
63
93
67
76
82
58
72
71
68
78
63
62
67
48
72
63
50
80
69
78
87
70
83
79
69
85
65
71
70
49
70
66
57
81
64
70
80
63
76
76
69
91
66
74
86
58
93
77
68
80
65
74
85
60
75
73
64
76
62
71
76
53
76
67
60
76
60
66
77
57
68
68
57
74
63
72
77
64
94
75
68
79
62
66
84
56
73
71
60
83
72
78
78
57
76
70
65
93
69
74
84
59
79
78
65
90
71
79
85
66
92
81
72
83
63
69
91
62
82
77
68
85
67
79
67
58
75
68
58
80
60
64
81
62
84
90
78
94
74
86
85
68
83
70
58
79
63
72
93
66
89
77
76
89
74
86
88
70
87
81
71
94
75
75
83
60
81
76
71
89
74
80
83
70
84
78
70
92
69
80
89
61
82
70
65
78
69
69
77
58
79
75
71
91
72
83
88
80
94
89
71
84
68
71
81
67
84
72
64
82
61
72
81
63
83
80
76
90
83
85
89
64
85
73
80
88
69
78
82
64
83
82
55
78
68
75
81
74
91
74
68
86
65
82
80
62
76
75
72
93
78
84
83
68
87
78
88
94
74
75
84
66
88
85
69
86
69
86
80
73
89
74
67
81
65
78
82
65
88
73
69
86
69
80
81
64
77
70
74
82
68
75
79
62
87
72
65
77
59
69
72
63
66
66
59
75
64
79
76
58
77
67
71
86
70
77
73
57
68
61
68
84
65
77
82
59
90
73
68
74
61
67
79
67
82
71
69
80
61
75
71
53
80
68
68
89
65
71
79
61
73
64
72
86
64
79
74
56
84
65
59
65
54
70
85
74
89
78
76
98
72
98
85
73
91
78
70
90
65
73
72
57
78
66
73
88
66
78
79
60
84
74
74
88
66
75
86
62
81
72
66
87
63
80
79
61
79
71
67
91
61
75
83
66
93
81
69
81
63
70
73
61
82
77
72
87
66
82
94
71
91
78
73
88
66
86
84
66
88
79
72
95
73
83
85
67
86
78
69
82
66
79
80
63
85
75
72
92
68
76
89
62
82
72
67
80
72
75
79
65
81
75
70
94
64
75
70
61
74
71
63
79
72
80
87
73
88
76
72
84
63
71
85
68
81
70
73
80
76
80
89
70
89
77
77
92
68
80
83
72
84
81
71
85
68
80
82
70
86
74
77
89
71
86
85
65
83
72
66
83
71
73
76
60
71
61
69
82
58
76
75
67
87
83
78
83
66
81
76
70
80
66
73
80
64
77
75
62
77
71
71
88
75
87
80
68
88
69
77
86
65
78
79
67
83
75
72
78
64
85
79
76
86
72
76
87
70
88
83
65
85
68
70
84
66
84
83
67
88
76
88
95
78
95
92
75
104
79
85
99
63
82
84
81
89
76
81
92
70
87
78
61
84
67
72
84
69
78
77
69
84
68
79
88
61
77
85
65
97
73
77
86
62
80
86
82
94
77
79
93
65
92
84
64
87
71
78
91
76
87
91
73
89
72
78
90
66
87
84
71
99
76
86
96
67
84
86
77
95
84
81
94
69
95
84
64
86
80
79
95
73
86
93
78
95
83
84
93
73
93
93
78
104
83
82
95
73
86
93
76
94
76
81
102
73
101
92
83
103
86
88
108
78
89
89
71
91
80
82
87
72
87
86
77
95
77
81
93
69
86
91
74
92
77
80
84
72
86
79
71
82
75
76
100
65
83
87
74
89
81
82
81
67
83
85
66
89
71
69
84
62
79
84
76
89
79
91
93
79
99
91
76
87
73
78
89
67
85
79
75
84
78
76
83
67
83
81
72
99
69
84
87
70
89
82
70
85
71
76
84
72
90
76
67
81
67
75
87
66
84
75
68
84
77
73
80
60
77
71
68
97
66
82
88
66
82
83
66
87
69
77
82
68
87
79
72
96
64
83
89
67
82
77
68
93
76
74
79
57
81
78
74
89
69
79
86
65
86
89
67
85
67
74
85
66
84
77
65
82
59
67
87
55
66
65
58
81
73
79
85
64
87
80
74
92
73
78
83
57
75
76
56
82
67
80
84
73
89
84
71
87
72
79
86
64
81
76
62
83
72
74
78
57
70
77
69
84
67
74
82
61
80
81
63
84
70
74
80
67
76
70
53
71
63
70
84
67
86
81
71
91
82
80
88
68
79
76
69
85
63
70
84
64
80
80
83
61
81
73
-95
-418
-451
-453
-443
-444
-434
-419
-422
-415
-417
-415
-416
-416
-416
-415
-416
-415
-415
-415
-414
-415
-416
-415
-415
-415
-415
-416
-416
-417
-413
-416
-416
-415
-416
-416
-415
-415
-415
-415
-416
-416
-418
-414
-418
-415
-419
-417
-418
-422
-426
-431
-440
-453
-458
-458
-459
-459
-459
-459
-460
-461
-462
-464
-467
-466
-465
-463
-461
-460
-459
-457
-414
-385
-336
-301
-257
-228
-187
-165
-139
-125
-99
-87
-69
-47
-33
-20
-16
-4
8
32
36
43
51
59
66
79
81
81
84
86
84
88
95
88
94
99
99
96
107
105
108
102
104
105
109
108
101
100
99
96
96
101
94
94
87
82
86
88
85
82
77
73
70
72
73
61
53
51
47
40
41
29
31
23
15
9
15
3
3
4
1
-2
-6
0
-9
-19
-22
-31
-37
-31
-47
-43
-47
-54
-55
-54
-63
-70
-76
-76
-79
-76
-74
-79
-79
-83
-83
-82
-77
-92
-90
-93
-92
-96
-91
-88
-92
-96
-96
-99
-98
-84
-91
-88
-88
-89
-88
-80
-84
-87
-85
-84
-83
-79
-73
-72
-69
-65
-60
-55
-46
-53
-47
-43
-43
-46
-38
-37
-33
-34
-27
-27
-27
-14
-22
-18
-13
-14
-12
-2
-3
-6
-3
0
14
18
20
19
21
23
30
32
41
35
33
38
38
37
48
45
55
51
50
50
51
52
49
52
56
52
56
68
71
73
78
74
81
89
87
88
89
89
89
89
93
85
82
92
89
92
105
95
104
100
100
100
107
101
100
103
104
105
102
115
110
103
104
102
102
117
111
113
114
111
119
118
121
118
113
120
118
117
123
114
114
112
103
103
105
99
107
106
113
113
109
119
117
116
118
119
112
120
110
107
109
103
99
110
102
100
105
89
108
105
103
112
98
104
110
96
117
108
95
119
97
96
114
91
111
108
88
112
92
105
109
94
109
103
88
122
101
97
110
86
102
101
83
103
94
97
109
88
115
108
88
120
104
99
124
96
110
109
91
115
99
97
110
90
109
105
85
121
99
91
109
86
104
107
96
112
103
101
119
94
120
114
90
116
102
98
123
97
114
111
95
120
103
101
120
98
112
115
95
126
101
102
115
96
112
120
105
125
114
107
126
104
119
116
98
120
107
107
130
107
117
125
101
128
125
115
124
106
121
120
102
132
116
112
127
100
114
122
103
125
112
112
126
107
127
122
105
125
110
109
129
104
116
116
100
118
108
98
108
93
113
110
96
126
113
111
129
113
123
130
108
122
107
104
118
105
120
113
95
119
103
102
131
105
119
120
102
127
119
114
124
105
123
120
108
127
112
113
122
98
112
119
107
128
116
112
124
109
122
118
104
124
110
106
125
93
112
111
99
120
117
111
124
105
126
127
119
135
122
122
131
111
126
128
111
126
115
112
122
109
120
121
99
121
104
107
124
97
112
109
89
116
109
100
113
90
111
105
97
113
96
100
114
90
113
110
92
120
101
96
106
100
109
107
90
118
99
100
120
99
115
117
103
127
115
104
116
95
113
108
103
121
110
111
125
105
126
124
105
124
109
112
124
106
118
116
96
115
97
104
116
94
109
108
89
113
97
92
111
79
98
95
91
104
84
92
104
78
99
86
73
92
81
84
102
82
107
105
90
110
96
108
114
93
111
102
86
113
98
95
112
86
106
106
100
106
99
99
112
90
122
114
95
119
100
100
111
91
113
107
95
119
98
107
110
95
119
112
95
130
116
113
112
100
118
110
100
115
98
101
110
91
124
111
95
121
102
113
131
107
124
118
102
123
106
111
115
92
114
105
92
130
108
112
121
95
117
103
101
126
108
110
121
101
124
110
98
118
100
104
120
94
108
104
92
114
96
98
106
88
115
109
90
124
92
101
109
84
103
106
93
119
89
108
119
97
129
118
103
122
106
106
125
93
115
110
94
119
108
110
117
96
110
106
89
118
96
96
111
76
99
102
81
108
86
91
95
72
107
92
83
103
87
90
109
66
95
91
79
97
84
87
93
65
91
88
72
100
79
87
101
79
104
110
90
121
101
104
109
97
112
107
80
112
94
98
119
97
116
107
94
126
112
111
119
101
116
115
106
126
108
116
118
95
119
110
97
120
106
102
111
100
114
112
101
122
104
106
125
98
117
108
97
112
110
92
110
89
113
113
105
129
106
112
126
101
118
120
101
114
96
99
107
95
119
110
99
117
92
107
110
89
110
101
93
111
109
106
117
95
117
108
103
122
99
108
114
97
123
115
100
119
103
110
118
102
124
113
102
116
99
114
113
97
114
109
97
119
120
123
131
108
130
123
123
130
118
120
125
108
131
130
113
131
119
121
125
111
132
126
114
133
115
126
125
111
135
115
121
128
139
116
133
125
124
137
123
123
128
110
140
129
109
136
110
117
130
117
131
124
115
129
114
134
140
116
137
127
114
142
121
125
127
105
122
109
118
133
121
124
131
110
141
133
124
142
123
130
138
124
132
131
122
140
120
135
138
112
137
130
120
146
128
139
144
122
138
142
130
148
128
134
142
122
151
134
120
133
118
125
140
117
141
144
130
152
138
150
148
129
150
133
121
143
130
134
144
117
135
132
124
142
126
133
139
111
143
133
121
138
123
123
143
123
134
131
121
142
126
134
133
118
137
139
124
148
129
134
142
118
135
137
125
138
120
124
124
110
137
131
124
139
121
126
147
129
154
139
134
147
129
145
144
130
145
139
129
151
124
133
140
121
134
132
126
132
124
132
133
117
134
136
125
138
124
131
143
119
135
128
125
138
135
140
134
112
125
123
117
141
116
128
132
114
134
132
127
136
131
138
141
134
150
139
135
147
120
130
134
122
142
130
124
137
135
143
140
123
141
127
123
143
115
126
127
115
133
132
120
129
118
122
128
120
139
129
125
134
125
131
141
120
132
125
116
141
123
131
133
108
128
115
117
131
112
122
129
122
137
138
130
148
119
130
132
117
131
124
119
128
111
119
133
110
135
128
117
134
124
130
129
116
134
124
126
134
117
124
127
110
136
134
117
135
116
131
134
124
134
133
127
140
123
139
141
115
137
116
108
132
119
129
133
114
135
131
128
147
124
133
142
122
150
140
125
139
126
131
132
124
133
129
126
139
117
132
136
115
135
131
125
139
135
141
141
124
141
134
127
142
122
129
135
121
143
134
125
133
114
123
133
125
134
129
122
135
117
132
133
118
132
126
124
144
131
138
144
116
137
126
128
138
119
129
129
116
139
130
125
134
125
132
143
128
135
124
122
137
121
137
132
122
133
132
122
143
125
129
135
120
137
130
133
140
120
130
132
119
142
134
130
135
114
117
125
109
126
114
118
137
127
143
141
133
147
134
127
143
118
131
133
120
138
124
127
132
119
134
134
121
145
132
126
134
120
133
136
121
132
125
126
135
125
141
129
115
128
122
122
146
120
137
133
124
136
131
128
137
116
124
124
109
126
115
112
128
111
127
127
118
139
129
130
143
125
133
131
118
134
120
120
136
113
128
128
116
131
131
120
124
109
128
130
119
143
125
123
144
121
137
145
122
136
129
121
136
125
140
136
120
138
127
124
147
119
131
132
119
134
133
121
134
107
126
128
114
141
126
126
136
119
128
133
111
130
121
117
135
122
133
137
123
136
127
125
139
120
129
134
118
137
134
118
132
111
127
129
127
137
121
125
139
118
131
145
123
144
136
130
143
128
137
135
123
134
129
129
138
114
125
130
120
136
139
135
147
127
140
139
135
139
128
124
134
120
128
134
112
128
122
119
130
120
131
131
124
134
130
133
141
114
127
127
115
131
129
123
127
105
120
120
118
127
120
116
134
116
135
134
116
130
121
122
127
116
124
125
114
128
119
124
136
122
141
136
131
149
138
136
137
123
131
129
122
127
113
115
128
114
139
125
113
125
114
123
129
119
125
125
117
131
119
130
132
114
127
123
116
139
131
128
137
117
126
126
119
133
122
121
127
108
133
123
109
127
109
114
131
115
124
125
115
134
116
132
132
112
134
125
107
132
120
118
125
106
129
127
114
125
107
116
120
101
131
125
106
121
109
112
129
106
126
118
107
132
117
124
127
106
129
128
113
140
123
123
135
109
129
131
115
127
115
117
123
107
133
130
119
134
124
127
144
116
136
135
121
135
124
123
121
107
123
123
111
144
122
126
143
118
133
136
123
132
123
123
133
112
138
126
106
130
114
115
139
116
130
128
115
130
125
124
134
110
127
129
111
132
114
112
121
101
112
122
99
117
108
112
125
108
133
130
115
135
120
119
133
111
121
119
104
124
119
119
126
103
124
121
113
133
121
119
125
111
129
140
119
131
120
120
127
115
131
127
114
125
110
112
124
106
122
122
107
129
131
126
125
112
122
110
105
121
107
113
128
118
130
135
115
130
120
121
125
122
126
118
111
125
112
119
131
111
126
125
113
129
126
123
122
103
121
113
122
132
121
120
128
113
126
127
121
129
117
120
124
116
123
120
110
130
116
120
128
107
128
121
106
122
113
119
121
108
134
131
133
142
125
127
130
111
129
123
111
123
107
117
122
115
126
119
109
129
120
133
138
115
131
121
112
127
116
119
121
101
120
110
110
124
108
117
120
105
140
128
118
132
116
116
121
108
125
114
106
122
105
120
109
89
112
105
99
125
110
118
126
109
126
117
110
125
99
111
118
98
127
118
100
122
102
108
122
110
125
116
108
128
108
121
123
104
121
113
103
127
104
110
115
96
114
106
105
116
103
112
118
98
128
116
103
124
104
107
120
98
116
107
98
121
105
116
120
99
119
114
109
132
109
111
116
94
122
114
108
119
105
112
115
99
128
114
104
119
100
107
117
101
117
108
100
116
104
117
118
98
117
109
100
124
101
105
116
95
117
110
101
112
99
106
108
91
122
101
93
121
102
109
119
99
118
110
101
120
109
116
112
91
117
101
95
127
101
113
117
103
122
116
108
121
101
109
114
96
120
110
104
118
97
107
111
93
114
104
99
117
102
114
116
100
115
103
98
119
99
108
108
95
117
107
89
111
86
108
110
99
119
108
106
122
104
118
127
101
121
109
101
112
99
106
107
93
116
105
105
126
102
112
115
98
117
116
107
125
104
116
116
101
121
103
100
118
95
110
115
91
119
105
103
116
110
113
114
96
118
107
104
118
97
103
107
95
124
115
104
122
102
112
121
109
128
118
108
123
100
111
119
94
122
103
100
114
103
110
114
97
117
101
102
119
99
117
116
99
121
114
104
120
103
111
114
101
120
107
104
122
104
116
118
98
119
111
107
124
111
114
121
101
121
113
118
128
112
122
128
112
131
124
108
125
100
109
111
104
121
104
107
122
101
123
120
104
122
112
109
126
110
116
116
98
124
111
117
123
103
120
124
104
130
119
110
128
110
123
121
108
123
108
110
124
103
122
115
92
118
100
104
126
105
120
121
104
129
123
127
133
116
122
121
100
133
117
110
128
109
119
123
110
132
122
113
132
112
133
131
114
130
114
111
132
113
120
118
105
125
109
114
122
102
120
121
101
133
116
112
124
108
120
125
103
119
104
104
115
96
120
115
96
123
107
111
138
115
120
125
104
122
110
115
125
101
117
121
101
133
117
111
125
104
115
122
98
123
111
112
122
101
129
123
103
126
109
108
126
104
117
116
102
125
116
112
123
101
115
117
101
129
112
106
116
97
114
124
101
125
109
109
122
107
124
119
101
121
102
96
119
95
112
110
96
119
108
108
117
97
112
112
99
124
104
108
119
100
110
119
93
118
106
107
119
105
119
114
100
125
110
112
130
106
118
116
101
122
112
108
111
89
102
103
92
122
101
104
116
103
119
131
110
123
104
110
118
104
116
113
96
119
100
106
122
98
118
116
100
120
116
112
122
103
119
117
104
124
104
107
117
99
118
120
98
119
103
109
118
107
121
118
103
130
118
120
122
97
112
111
92
123
111
112
116
101
115
114
111
126
111
117
121
103
121
123
100
121
104
106
116
103
116
114
100
124
101
111
119
93
122
118
98
124
113
109
118
99
120
109
107
121
104
112
121
100
119
118
103
125
110
114
128
114
122
117
98
121
99
112
122
98
117
120
103
127
114
118
129
108
122
117
108
125
107
110
119
102
128
129
110
132
110
116
127
110
122
120
104
129
114
120
122
100
117
118
101
127
109
112
122
102
122
124
111
127
110
115
123
104
130
126
99
124
101
106
116
97
113
116
107
129
119
125
131
118
125
125
104
132
114
111
116
98
114
112
95
121
101
110
120
94
126
111
90
125
103
106
116
100
114
113
97
118
102
107
113
91
112
113
99
129
110
110
116
99
115
112
102
113
97
99
104
87
112
102
88
107
97
102
115
102
121
118
105
129
114
109
122
99
116
112
101
131
107
116
114
98
118
118
105
121
104
114
118
102
123
113
103
122
107
110
121
93
107
109
93
122
105
116
113
94
123
104
96
122
102
109
116
99
117
119
103
115
99
111
113
101
127
116
105
127
110
110
125
101
121
115
99
118
106
115
118
102
122
115
102
124
105
113
119
100
120
115
97
118
93
115
117
102
122
113
102
123
100
112
121
95
121
111
97
119
105
109
103
92
110
106
91
127
97
107
114
88
119
115
106
129
112
119
123
111
122
116
101
123
100
111
122
91
119
109
101
122
111
113
121
103
125
114
102
126
102
116
116
98
120
114
101
122
104
108
119
106
121
115
102
127
103
117
124
103
121
114
101
121
109
107
116
93
122
104
101
124
99
118
123
108
124
125
106
129
118
107
116
100
118
111
102
124
107
114
118
95
115
109
98
123
111
113
122
100
121
113
109
120
105
111
119
102
118
114
98
121
93
105
111
97
115
107
97
116
102
113
114
97
108
103
90
118
103
106
110
96
110
110
105
116
102
108
