64
82
75
67
84
71
80
89
65
85
89
70
82
70
74
81
68
86
81
69
88
70
77
96
59
79
84
66
87
78
76
85
61
83
82
79
104
82
90
110
78
104
101
73
98
75
82
92
79
97
86
78
101
80
85
101
67
95
94
75
94
86
84
92
71
84
86
78
96
78
83
98
68
99
99
74
100
85
88
99
79
94
98
75
97
80
86
100
68
89
90
79
100
83
92
111
81
104
98
90
105
86
81
93
68
98
85
74
91
81
75
93
79
85
91
75
95
74
90
97
67
92
85
71
92
80
78
91
73
81
81
75
88
78
83
93
74
102
87
77
97
80
79
93
77
84
80
65
86
75
85
87
70
86
88
78
99
81
83
93
69
87
83
70
93
78
83
88
68
94
83
76
87
71
72
91
73
91
84
80
91
79
88
89
76
92
90
75
102
78
81
92
69
88
84
79
90
76
85
84
65
89
76
67
87
68
84
90
70
88
81
73
89
84
91
91
70
87
77
60
88
70
75
87
69
94
88
82
96
73
79
88
65
99
83
77
93
73
80
88
63
76
78
72
88
77
86
89
67
91
80
70
94
72
84
85
68
86
83
62
77
64
70
85
64
95
85
77
90
77
86
101
71
92
82
64
84
71
75
81
62
85
77
70
90
71
74
86
65
83
87
70
91
74
78
83
67
91
78
71
89
71
74
88
61
78
80
67
89
79
85
82
68
87
81
67
86
69
72
81
62
80
90
67
90
71
78
90
79
93
84
71
88
70
73
93
62
80
74
68
86
76
80
85
66
82
73
70
88
73
79
86
67
90
93
75
94
78
80
84
74
88
83
74
94
75
81
90
65
82
77
72
87
77
81
81
65
80
78
76
93
82
84
90
73
98
89
74
87
67
70
77
70
84
83
72
93
81
89
93
78
100
82
78
92
86
84
91
76
89
80
80
91
70
82
83
60
85
79
69
86
74
80
83
73
83
76
68
86
66
82
80
59
70
70
61
72
78
79
87
76
95
87
87
100
70
78
78
65
84
79
78
88
71
77
84
70
88
80
74
88
73
91
88
78
92
82
74
92
74
82
84
68
90
74
81
85
68
85
82
67
94
83
76
93
73
81
87
65
78
71
68
81
73
93
90
73
88
81
73
102
78
90
91
73
93
78
81
90
73
81
84
67
91
85
74
93
70
80
87
68
92
78
74
87
76
92
92
74
95
79
73
97
68
86
82
70
91
78
71
82
69
73
81
60
90
75
68
92
66
78
88
71
88
80
74
92
79
90
92
70
87
72
69
93
73
86
89
73
90
90
79
98
73
84
91
68
98
75
75
90
75
76
85
66
81
76
65
88
72
84
93
69
89
76
73
93
70
84
90
67
88
86
68
84
61
72
76
68
93
77
80
93
75
82
103
76
92
89
75
91
75
84
81
68
83
75
74
91
74
83
91
71
90
87
80
91
74
87
85
74
91
82
72
89
76
77
88
69
89
73
75
88
75
85
89
74
90
84
84
96
75
83
83
64
87
84
78
90
83
90
87
81
92
86
75
87
73
83
88
68
88
73
71
80
73
79
85
76
88
77
76
89
64
80
82
69
91
85
82
93
79
85
89
76
89
78
72
89
70
89
87
66
82
71
74
84
74
75
80
64
87
73
75
93
66
85
82
72
96
86
92
94
72
78
79
68
87
76
81
91
73
93
84
70
85
77
73
82
71
79
81
66
88
67
76
81
63
77
78
67
88
81
75
87
68
83
85
71
90
74
75
81
68
85
82
64
79
64
61
78
66
78
79
65
86
73
86
89
72
81
80
60
79
72
70
85
68
80
80
70
90
73
74
84
71
92
89
73
99
80
82
99
72
88
89
73
94
84
89
92
76
83
90
67
104
79
85
103
75
91
91
78
86
69
72
81
69
93
90
75
90
74
79
97
78
93
90
74
92
83
84
92
72
84
88
69
100
77
82
90
75
89
87
74
90
83
83
94
73
95
96
67
91
78
81
97
70
82
85
63
84
75
77
88
68
82
79
66
94
66
72
80
67
77
91
70
92
86
81
97
78
97
85
76
94
75
77
94
67
83
87
70
94
88
88
99
77
97
86
79
103
81
85
95
78
88
101
71
93
75
83
94
79
96
87
81
98
81
86
104
77
87
93
72
91
86
86
89
68
78
81
62
89
75
79
93
74
90
100
74
97
75
84
85
76
88
87
77
94
77
80
95
71
93
96
75
98
86
89
97
77
90
93
79
101
79
86
90
73
87
95
93
88
71
89
86
77
-447
-455
-454
-444
-448
-432
-422
-425
-416
-419
-414
-416
-417
-412
-415
-416
-414
-414
-414
-415
-415
-416
-416
-416
-415
-415
-415
-415
-415
-416
-415
-416
-416
-416
-416
-416
-416
-416
-416
-417
-413
-417
-414
-417
-415
-419
-417
-418
-422
-424
-431
-439
-453
-457
-458
-458
-459
-459
-460
-460
-461
-461
-465
-466
-467
-466
-464
-462
-460
-459
-457
-436
-378
-337
-299
-253
-222
-200
-169
-147
-128
-101
-89
-70
-53
-36
-24
-7
5
16
28
32
39
41
55
58
64
71
73
76
91
78
82
84
88
87
96
97
96
93
102
96
102
106
98
99
100
96
95
104
96
84
88
86
81
74
84
80
80
76
77
75
87
76
72
69
64
54
52
47
41
32
36
29
29
28
19
12
16
9
4
9
2
-3
-10
-17
-18
-25
-27
-34
-33
-42
-46
-51
-45
-55
-58
-64
-64
-68
-68
-71
-74
-79
-79
-83
-77
-79
-86
-92
-93
-92
-93
-85
-86
-88
-84
-86
-87
-83
-87
-83
-76
-82
-81
-78
-70
-79
-76
-74
-71
-73
-62
-63
-62
-61
-55
-57
-46
-52
-59
-54
-51
-48
-43
-34
-37
-39
-34
-30
-31
-21
-25
-25
-15
-18
-14
-6
0
-1
-2
-2
1
-2
11
13
12
15
17
18
30
30
32
32
35
33
40
47
47
42
46
49
46
50
47
48
54
52
56
63
67
66
69
71
76
73
81
76
77
73
77
76
91
81
82
84
80
83
97
90
96
91
98
96
98
104
101
100
108
104
107
114
110
108
113
106
110
111
120
119
129
128
133
131
145
137
138
138
133
127
132
133
129
129
129
128
131
132
128
121
126
126
125
136
133
125
126
128
128
130
123
120
122
117
120
118
128
125
116
118
120
112
122
123
119
116
118
114
124
120
108
122
108
107
116
109
117
118
102
125
114
114
127
105
119
122
103
124
118
108
131
111
117
119
109
125
115
108
128
112
123
125
103
123
111
105
128
120
116
125
109
127
118
117
129
109
119
121
104
125
120
109
131
109
115
120
108
124
119
108
128
111
122
125
107
133
126
114
138
127
130
138
117
134
122
117
129
106
123
128
112
135
133
120
138
120
128
134
122
135
130
122
138
121
134
139
113
129
123
110
136
124
125
129
115
130
129
126
137
118
127
129
112
132
122
108
128
108
115
119
108
124
120
112
136
120
131
135
122
136
131
117
136
118
120
121
104
129
121
114
126
109
113
123
105
132
121
110
133
115
118
129
114
123
113
106
125
109
127
123
105
123
114
104
132
114
119
125
106
128
122
114
130
113
112
112
93
128
112
107
122
109
115
123
103
119
116
110
130
112
125
121
106
124
118
110
133
114
124
122
108
128
124
119
130
113
121
121
109
135
122
116
130
114
122
133
119
130
126
115
134
119
131
127
111
128
124
110
136
116
124
123
106
126
118
115
130
118
129
129
119
140
128
123
141
123
134
138
112
129
118
114
132
117
129
126
115
136
124
121
143
118
128
136
118
136
133
126
136
118
131
125
111
136
121
118
135
116
129
143
120
135
123
116
131
122
125
127
109
130
117
108
134
107
117
128
116
135
137
134
149
125
138
140
119
139
121
111
131
111
125
132
108
126
113
112
134
123
131
139
114
133
127
124
140
120
130
139
116
130
129
114
133
109
118
119
107
127
119
113
129
111
122
129
109
128
122
105
125
105
113
115
96
119
114
111
126
103
119
130
111
130
134
115
131
110
121
126
112
130
121
113
129
110
124
132
113
129
125
112
135
127
132
133
119
136
131
129
144
124
122
130
112
132
128
121
137
126
125
124
114
126
120
114
130
112
122
127
105
129
127
116
128
120
128
133
117
132
125
121
130
106
112
121
103
131
125
116
128
117
127
134
134
140
126
123
139
120
139
139
122
132
121
117
128
121
124
125
110
129
122
119
129
110
123
117
103
125
111
111
115
92
105
103
84
100
89
95
109
92
117
107
94
121
107
107
115
95
102
99
81
107
88
108
108
90
108
102
88
121
101
97
113
94
110
115
103
121
102
105
114
92
133
114
95
119
103
96
113
89
112
103
90
113
96
103
110
89
107
98
82
105
87
89
108
81
104
103
86
115
89
101
115
92
116
106
91
111
99
101
124
91
117
113
100
123
109
112
120
97
114
111
94
133
117
114
128
106
126
130
118
128
121
118
123
109
133
130
109
132
116
116
142
108
125
122
108
122
116
114
127
107
133
138
114
145
127
125
139
114
127
133
114
125
112
111
132
115
131
131
111
139
125
124
143
117
132
129
115
133
132
126
139
114
129
133
107
135
121
120
129
114
126
132
115
134
118
115
130
114
125
123
106
121
104
108
118
94
117
117
102
129
133
122
137
115
133
128
128
117
118
115
127
103
123
128
109
133
118
108
121
106
126
120
110
125
113
118
132
112
117
120
107
128
124
117
128
112
122
117
111
124
115
113
132
111
126
130
112
133
119
118
119
114
123
117
109
124
120
127
137
111
129
128
112
132
124
115
122
103
120
120
122
124
110
109
123
102
125
120
113
127
112
111
118
109
122
122
107
125
108
119
131
111
126
115
108
127
117
119
124
109
127
119
111
123
102
109
118
100
126
113
107
122
111
118
123
112
124
126
112
131
119
129
132
107
122
112
105
132
123
117
129
110
123
124
117
129
111
120
125
106
137
124
110
130
113
113
123
103
128
123
109
127
107
128
130
110
131
126
106
133
120
121
129
109
132
124
107
121
103
112
122
109
132
127
115
130
123
129
145
114
132
124
111
132
116
123
133
115
128
124
107
141
121
126
131
113
138
135
125
136
126
126
128
112
137
127
115
142
124
125
144
111
125
121
117
130
122
128
141
116
132
130
108
133
112
117
124
107
127
128
122
133
123
121
139
121
145
137
120
134
122
125
139
117
127
130
119
134
125
125
137
114
129
121
109
139
118
127
131
117
129
140
124
139
130
128
137
115
139
128
120
136
129
133
145
119
130
133
122
137
128
128
131
110
130
130
126
140
131
136
143
124
132
142
121
138
120
124
126
121
140
129
123
134
128
133
147
125
138
131
119
136
126
126
133
130
145
132
124
134
124
126
136
120
136
141
130
146
128
136
129
126
137
131
121
136
125
125
131
107
120
111
117
133
135
138
142
127
141
139
126
139
120
122
129
115
132
130
121
135
119
123
123
115
135
132
122
132
118
130
137
115
132
122
120
128
125
114
126
106
128
122
115
128
111
124
126
107
133
125
116
129
120
120
120
108
126
117
108
131
116
126
128
112
129
123
115
136
130
126
127
106
132
123
124
136
116
125
129
113
125
124
112
135
121
119
127
110
125
118
113
128
114
133
136
118
133
128
117
137
126
123
130
114
139
127
126
131
117
120
129
114
129
126
114
141
124
133
141
128
143
131
130
151
127
138
143
121
125
117
108
133
127
133
132
117
137
128
132
141
122
123
133
119
143
127
117
133
120
124
129
114
126
123
116
132
120
129
135
117
138
123
114
137
116
123
125
104
124
118
116
119
105
109
117
99
137
124
117
136
122
126
135
120
127
119
112
129
112
123
122
104
123
114
104
127
117
123
125
108
123
122
120
133
117
126
126
106
135
117
107
121
106
119
123
102
120
110
106
127
108
124
124
110
130
118
111
126
103
110
116
100
121
122
117
134
116
122
118
108
139
126
116
123
108
115
127
108
126
113
111
128
114
122
121
107
126
112
109
127
107
119
125
105
121
119
118
130
111
118
118
108
126
113
110
123
108
117
129
102
120
106
100
122
109
116
114
102
122
113
112
139
115
128
132
112
125
119
115
126
110
113
115
104
129
122
114
128
112
125
136
115
130
118
117
127
117
124
123
109
131
125
113
130
107
117
119
107
124
115
116
127
112
127
122
107
133
118
112
124
101
120
126
100
116
101
103
123
117
126
127
110
130
122
126
136
114
122
118
103
118
114
108
125
108
113
113
103
116
110
113
122
102
124
128
111
126
119
112
128
121
123
123
105
128
115
115
126
99
115
118
107
129
121
111
126
105
119
119
113
128
116
117
130
110
126
135
116
130
117
117
136
127
131
124
106
129
122
127
134
120
127
127
114
135
127
120
135
119
129
132
120
129
123
123
132
116
130
132
117
135
121
121
132
124
129
130
115
133
123
134
141
118
122
122
108
134
115
116
129
116
127
127
121
132
122
122
137
122
141
137
123
134
119
106
124
113
123
124
108
125
119
126
133
109
124
121
108
135
119
116
131
112
126
126
111
123
113
114
130
111
132
130
116
132
123
117
138
116
126
126
112
123
113
122
128
103
118
114
106
137
120
121
131
120
132
136
118
137
125
122
134
109
128
125
109
131
125
118
135
113
128
131
121
128
121
122
131
112
128
126
113
133
113
108
121
105
122
130
115
127
113
104
124
106
127
122
113
131
117
116
137
108
119
119
106
122
114
120
129
115
122
121
104
133
115
116
124
104
117
126
108
122
107
112
120
107
121
118
104
126
112
112
127
104
114
121
110
123
113
118
132
114
129
128
112
137
119
117
129
111
124
130
112
120
109
113
121
110
120
114
100
112
103
109
131
107
122
124
113
127
120
117
125
108
118
114
104
124
111
117
127
103
123
128
114
129
118
115
123
112
127
122
109
127
115
118
128
106
122
117
107
120
114
111
124
106
123
120
109
127
111
119
126
100
113
118
101
117
106
108
118
112
123
122
111
134
120
126
134
111
119
109
99
119
115
113
123
101
121
114
108
123
104
115
120
104
123
127
113
131
118
119
123
113
124
122
110
129
116
123
130
108
119
117
107
131
122
122
128
109
121
113
106
123
105
112
118
98
122
121
108
125
108
113
119
107
123
117
107
121
108
120
125
108
124
122
108
131
121
119
125
104
121
118
114
127
110
111
122
102
126
119
110
126
111
116
126
108
121
119
111
123
110
123
125
103
120
115
97
121
108
108
118
103
124
121
123
138
120
122
133
114
141
134
123
134
122
118
125
111
124
124
114
130
116
128
133
114
128
125
108
131
120
118
125
107
120
116
109
122
107
111
124
105
129
123
110
127
114
117
129
113
120
115
107
124
108
118
119
98
115
115
105
129
116
121
132
114
128
131
118
128
114
111
115
99
124
115
105
123
105
114
121
103
120
115
108
123
107
120
119
102
122
118
107
130
109
110
119
99
118
119
109
119
106
112
112
101
128
119
102
124
109
109
122
100
117
107
102
121
107
115
119
105
126
115
102
127
104
112
116
97
116
116
102
123
107
117
118
101
126
111
101
121
105
117
123
99
116
106
104
125
113
119
121
102
121
114
105
127
102
109
116
98
118
117
101
119
96
99
106
91
117
103
98
120
102
113
125
100
126
115
109
125
112
113
117
95
121
103
97
118
95
115
116
99
117
120
103
121
105
112
121
102
121
107
98
115
94
112
120
92
115
104
93
117
103
107
110
93
121
104
102
122
99
106
108
85
107
108
89
113
88
99
101
92
117
107
98
122
102
114
119
94
114
102
90
113
97
105
108
91
119
104
94
113
91
101
106
85
111
107
95
121
92
105
107
96
109
99
89
109
87
110
108
86
110
92
88
108
97
99
102
89
111
98
96
106
88
98
103
82
109
104
92
114
97
100
106
95
107
101
90
109
85
107
109
85
115
100
95
112
96
97
104
87
109
96
102
110
91
102
103
87
117
100
95
112
95
107
109
101
115
106
97
113
92
118
112
95
116
96
92
114
92
106
105
94
114
99
104
115
99
108
108
93
121
105
94
116
95
109
105
93
111
97
94
120
94
120
110
95
117
101
97
119
95
112
111
89
117
99
98
109
89
106
99
90
124
105
99
112
92
109
113
96
117
101
96
109
90
112
103
89
114
96
87
121
93
117
118
97
119
105
113
117
99
109
110
89
125
104
96
116
93
107
111
90
111
94
98
112
92
116
111
92
120
107
97
123
93
109
108
88
113
100
99
115
88
106
102
80
121
98
97
108
93
103
108
88
114
102
95
117
97
113
114
97
120
106
98
120
91
109
107
89
115
108
100
117
98
111
112
93
121
104
101
115
92
108
119
91
115
101
92
116
97
108
107
92
119
100
99
121
93
111
112
93
115
110
101
120
95
102
100
83
108
92
95
110
86
105
117
94
121
112
104
117
102
109
107
84
111
95
95
118
90
102
107
89
112
109
99
111
95
115
109
95
119
103
95
115
93
106
113
94
111
93
93
110
95
109
103
88
113
99
98
115
94
108
106
83
111
100
94
113
90
112
107
95
115
103
104
115
96
114
112
95
119
99
98
106
96
99
104
90
112
98
103
109
89
103
104
89
119
105
101
110
97
104
102
98
111
93
100
109
83
109
108
87
109
94
95
107
94
110
104
87
106
90
100
105
80
105
99
85
106
102
101
109
89
113
105
97
114
94
100
110
84
116
107
95
125
104
102
120
100
113
110
91
119
96
109
112
92
115
103
90
125
106
99
107
91
119
114
105
124
102
107
113
94
122
109
96
120
99
99
111
90
111
105
91
117
105
115
122
101
120
118
98
127
106
102
117
88
111
98
96
110
92
102
107
88
117
110
91
120
97
94
120
91
110
109
89
114
99
102
110
86
104
100
79
116
89
99
109
88
108
108
93
118
98
97
107
84
107
102
83
111
79
94
116
89
111
112
95
119
100
109
118
93
109
108
88
122
101
100
109
95
110
112
94
117
98
99
109
78
117
107
91
117
95
98
116
95
109
105
88
112
103
100
114
94
108
104
92
111
94
103
101
83
105
107
82
110
94
98
103
84
111
101
96
111
98
104
115
88
104
99
76
103
97
95
108
84
111
98
86
119
97
98
105
88
105
108
92
111
89
99
99
88
111
96
88
113
96
88
115
89
108
101
86
113
98
104
106
88
107
90
84
104
80
96
95
81
112
105
93
