82
99
78
79
91
77
93
90
77
85
79
79
95
77
90
84
72
87
69
84
92
70
81
82
66
89
75
79
94
66
92
88
83
96
79
81
87
64
86
80
64
85
70
68
88
70
89
85
74
90
76
88
89
65
82
82
68
91
73
77
83
58
74
76
75
85
74
77
85
66
90
85
65
88
70
75
85
66
82
78
63
72
66
73
81
64
94
87
73
108
78
88
93
75
81
81
71
83
69
70
86
58
85
75
62
83
70
76
90
68
80
79
66
91
77
82
89
64
81
76
65
86
71
72
82
63
70
78
62
77
64
71
85
64
91
80
66
75
63
61
84
60
73
78
65
86
70
73
74
62
76
74
64
89
67
72
87
62
75
87
66
84
68
77
86
65
82
75
64
79
71
71
93
65
84
75
65
83
74
78
79
61
78
81
66
90
70
72
82
57
74
75
66
83
69
71
78
65
81
80
69
87
73
74
96
65
88
82
69
82
73
74
78
60
76
80
67
93
66
75
86
67
87
82
69
86
71
78
84
75
86
79
69
88
71
79
91
70
86
83
79
90
89
83
90
68
83
86
77
98
72
75
82
56
73
79
61
84
78
80
92
79
91
86
79
97
68
86
87
66
80
77
63
78
75
75
83
63
83
82
74
94
71
82
85
70
90
94
76
89
71
74
79
67
81
72
67
82
66
75
83
68
80
76
68
86
77
79
84
62
78
69
73
80
69
75
79
65
83
81
64
88
73
76
86
77
90
80
74
87
72
83
85
63
79
78
68
93
80
76
79
60
69
71
78
85
75
79
85
65
89
83
67
88
67
78
81
76
87
81
71
81
69
82
85
66
92
78
71
89
72
80
84
67
85
79
79
92
79
84
91
68
95
78
68
90
70
80
84
75
88
83
68
91
69
86
90
67
91
82
74
92
76
79
78
66
77
77
74
91
69
81
85
64
96
80
78
87
74
82
92
75
85
80
67
87
69
85
81
64
80
77
70
95
78
85
96
74
94
88
76
93
73
82
87
71
96
77
72
86
69
79
98
67
92
88
76
93
81
96
82
69
84
79
71
98
70
79
85
64
82
73
70
85
69
81
84
71
95
85
71
90
72
66
89
59
75
71
68
87
68
80
78
64
88
86
77
105
77
82
84
63
81
74
66
80
70
76
80
61
78
69
56
72
55
69
86
62
81
73
67
79
74
81
86
68
86
79
68
94
73
86
90
79
90
90
77
93
78
79
87
69
88
72
63
81
62
71
82
64
84
82
72
93
86
84
84
62
78
73
68
89
64
76
78
71
86
87
69
80
65
73
78
69
89
76
70
83
63
72
82
65
80
75
69
87
75
76
81
61
79
67
72
87
70
80
80
60
69
76
55
66
55
72
74
68
84
72
70
85
70
79
89
65
84
75
65
82
69
71
72
56
74
67
73
85
67
77
79
60
79
77
69
85
64
80
80
73
85
77
70
78
66
82
86
72
91
77
70
90
76
84
90
76
90
77
81
91
65
77
78
60
88
81
72
91
69
85
88
86
98
81
78
99
66
87
83
63
83
74
71
88
75
82
80
66
85
69
78
90
68
86
87
68
93
83
77
87
71
81
89
74
87
76
72
90
68
90
76
65
88
79
73
91
74
79
81
62
78
69
69
91
69
83
87
71
99
80
71
83
64
83
88
73
90
83
78
89
71
93
84
68
89
82
72
91
72
84
88
64
86
67
74
88
69
86
83
67
94
82
80
91
74
85
88
71
85
77
75
88
76
88
83
61
81
77
68
91
68
86
90
77
99
87
91
101
77
86
90
74
99
79
77
89
67
79
90
77
93
82
82
92
76
94
89
68
90
78
75
98
68
85
86
71
86
79
75
88
74
83
88
73
99
79
87
96
72
87
93
75
86
75
73
83
73
85
83
67
91
84
86
103
77
93
92
78
96
85
74
90
69
82
80
69
93
76
75
89
69
85
92
72
91
79
76
89
78
94
85
74
87
76
75
93
68
81
84
72
86
85
78
83
69
85
81
68
89
74
75
86
65
74
81
63
81
72
74
83
75
89
83
69
86
70
70
86
63
77
82
69
86
83
79
84
67
81
80
67
87
75
77
84
63
73
78
63
82
70
73
85
78
86
85
72
90
75
83
92
72
88
86
68
93
81
72
82
62
78
79
71
87
71
73
91
72
93
94
76
97
77
82
89
75
83
80
63
79
71
86
95
71
86
81
67
88
82
78
87
87
82
83
82
71
174
-455
-460
-453
-447
-449
-429
-424
-422
-415
-420
-413
-416
-417
-412
-416
-416
-415
-416
-415
-416
-416
-416
-417
-413
-416
-416
-416
-415
-416
-415
-415
-415
-415
-416
-415
-416
-416
-416
-417
-413
-417
-414
-417
-414
-419
-416
-421
-420
-423
-429
-435
-450
-457
-458
-458
-458
-459
-460
-460
-461
-461
-463
-466
-468
-466
-464
-462
-461
-459
-458
-453
-403
-354
-311
-271
-238
-209
-181
-152
-134
-112
-84
-78
-57
-38
-21
-12
8
22
25
33
37
39
56
65
62
65
76
82
83
94
94
92
93
101
95
102
100
95
104
101
97
98
102
96
99
99
99
95
106
97
96
91
99
89
96
91
83
85
81
77
75
76
67
59
48
53
44
45
40
34
33
34
29
37
33
21
23
18
14
11
10
2
-4
-17
-18
-22
-21
-25
-31
-33
-29
-38
-34
-29
-42
-42
-51
-53
-58
-56
-62
-62
-64
-64
-74
-73
-76
-87
-81
-80
-83
-81
-75
-77
-76
-78
-75
-78
-75
-79
-82
-76
-78
-85
-79
-72
-81
-82
-78
-74
-69
-55
-54
-49
-49
-48
-48
-39
-36
-45
-43
-38
-38
-36
-30
-35
-30
-34
-24
-28
-20
-19
-16
-14
-9
-9
-1
6
10
13
18
17
18
29
24
28
31
33
34
40
38
36
39
48
51
55
58
57
64
64
66
67
75
66
67
71
72
72
82
84
90
88
86
85
88
93
84
86
87
85
90
100
92
94
93
98
97
100
99
100
103
105
102
104
114
103
108
114
112
116
123
126
127
129
132
132
135
137
133
133
137
135
137
145
134
134
133
128
134
140
134
134
137
141
141
150
155
147
146
154
149
147
154
143
142
134
133
133
136
137
132
138
130
130
136
131
132
133
119
131
125
130
138
120
127
126
110
132
122
110
127
112
119
121
110
121
115
108
126
107
119
121
102
117
114
102
121
106
105
112
94
117
108
113
125
110
118
124
105
129
125
109
122
103
110
116
104
119
116
108
123
103
118
117
102
122
113
103
131
119
117
122
103
122
113
113
124
104
116
117
101
127
113
103
119
105
115
122
110
125
117
107
125
110
123
116
98
121
114
108
134
116
124
125
108
130
119
119
132
117
123
125
107
132
121
110
131
110
119
129
110
127
118
110
127
106
118
116
101
127
116
110
137
110
120
123
105
129
122
113
130
116
122
123
106
136
117
107
130
103
115
128
107
122
115
114
132
122
135
139
115
139
132
120
143
119
122
127
105
123
121
110
130
116
124
127
106
141
128
120
138
116
121
130
111
130
123
114
135
117
125
128
101
126
114
107
133
109
120
126
105
131
129
111
131
110
117
121
105
125
110
101
116
99
105
129
109
129
131
118
139
124
126
133
110
125
115
108
133
113
118
134
113
128
134
111
131
114
121
130
119
134
128
119
139
121
125
140
117
135
132
121
139
126
129
135
118
131
132
125
145
131
130
140
114
132
137
118
131
119
127
134
124
138
134
124
140
126
128
142
115
131
124
111
126
118
125
131
115
126
120
115
133
113
119
126
104
123
124
112
125
111
120
127
119
129
126
110
131
114
125
125
107
124
116
114
128
123
125
125
105
120
106
105
126
105
117
115
104
131
132
133
136
121
128
134
122
134
122
115
127
106
124
119
107
133
128
125
137
128
127
133
117
133
120
126
135
117
132
132
116
137
131
117
129
110
120
124
116
130
118
115
128
111
134
126
106
123
115
108
125
103
117
115
98
124
102
117
132
116
125
129
116
131
132
124
135
110
123
125
114
139
121
117
134
116
131
128
110
134
122
116
138
116
133
137
119
137
124
125
131
118
127
131
114
147
129
125
142
109
125
133
124
134
129
126
132
119
137
135
111
136
123
120
145
122
133
137
120
134
126
122
132
116
128
133
108
145
125
119
136
118
123
132
121
137
131
126
142
118
138
144
113
137
128
125
145
122
130
137
117
134
132
126
136
112
128
132
109
132
115
112
127
103
111
128
109
128
123
106
127
109
128
128
114
126
114
109
129
105
112
113
89
113
102
91
109
84
106
99
81
107
91
89
107
82
93
107
81
106
90
89
107
82
104
101
87
111
97
94
125
99
106
111
95
119
113
106
112
97
108
104
93
116
101
97
111
95
109
116
95
125
112
113
125
115
126
116
110
117
106
103
128
101
117
115
101
119
114
108
116
100
116
118
103
126
109
106
127
102
118
121
103
120
110
112
116
104
118
113
93
118
101
101
122
99
114
110
104
115
109
115
116
95
116
116
106
124
108
113
122
103
116
116
103
118
107
105
117
102
112
119
104
125
108
118
128
108
126
118
103
124
121
110
124
98
121
118
114
126
111
124
132
114
126
127
105
122
114
113
127
111
127
122
108
125
117
114
123
102
119
117
103
125
124
121
133
109
133
126
119
139
118
118
127
102
119
120
101
130
121
123
132
116
135
129
117
133
122
124
131
112
127
124
110
139
124
117
131
103
122
122
120
131
124
117
137
112
138
134
116
135
118
119
128
110
121
117
105
125
111
115
138
116
134
137
119
146
133
137
142
116
125
126
117
128
118
116
135
115
141
129
118
133
125
125
137
123
131
139
122
139
130
132
141
119
135
127
109
138
129
127
131
115
125
131
127
138
120
127
139
118
143
133
122
132
127
119
138
123
132
142
128
147
129
136
135
122
134
132
119
137
131
128
138
118
128
134
122
139
126
130
139
128
143
131
116
127
116
122
141
113
130
134
118
134
123
127
127
113
133
131
115
138
123
122
129
110
127
128
125
132
124
121
123
110
138
130
121
137
124
125
144
121
134
132
125
133
125
121
122
108
128
132
123
141
125
127
138
118
135
135
129
142
131
128
135
123
142
136
122
136
121
127
142
119
133
128
124
135
133
140
139
117
133
129
118
136
116
123
127
107
118
120
110
132
124
125
136
125
140
140
123
136
117
125
133
113
126
120
110
129
129
125
125
103
128
128
124
138
119
126
126
114
135
137
116
132
121
122
130
119
142
130
119
135
114
120
132
116
131
128
118
132
127
125
129
111
125
114
116
133
116
127
132
118
129
137
118
139
125
133
133
120
133
128
120
136
123
128
136
118
131
127
113
136
126
126
136
116
129
128
126
133
124
124
137
119
139
141
123
140
123
128
136
125
135
132
123
134
121
125
136
118
137
135
117
134
127
131
138
119
129
130
132
146
129
132
142
117
137
131
115
126
113
121
128
123
130
134
122
138
125
129
135
110
132
124
115
134
129
131
131
110
120
114
122
136
121
126
132
114
138
131
122
130
125
125
134
124
128
130
119
130
111
125
126
113
135
134
127
141
134
138
146
131
142
133
129
141
118
124
124
117
140
129
119
128
117
121
134
118
131
128
121
141
120
135
130
112
129
128
123
136
122
125
132
109
125
116
121
131
115
118
118
108
132
122
110
126
100
113
122
103
120
111
113
128
118
134
128
113
133
128
115
136
116
121
120
99
121
109
112
124
107
123
120
102
130
120
102
119
104
121
129
114
129
117
112
128
119
129
129
108
126
117
108
133
109
119
119
102
126
111
109
121
106
113
117
100
133
123
117
131
118
127
136
122
139
132
126
139
126
127
127
104
129
121
117
144
115
128
133
115
134
131
120
130
116
116
122
102
133
118
112
128
110
114
134
118
130
126
119
144
130
138
144
121
140
126
125
145
122
133
136
115
125
123
114
130
120
133
139
121
143
133
132
146
127
127
141
117
132
126
116
136
126
134
138
115
130
129
127
144
125
129
140
122
142
144
129
141
120
131
137
125
139
133
126
133
117
123
133
117
140
131
123
134
128
133
135
116
128
122
119
131
116
124
128
111
131
131
123
135
120
128
131
119
127
117
114
128
121
126
129
111
128
119
110
125
120
126
123
106
123
111
117
131
107
119
121
102
128
124
116
129
114
123
125
119
128
122
116
131
110
122
122
106
123
111
108
116
112
119
125
120
133
122
124
136
118
128
138
125
136
129
123
123
107
117
123
111
130
123
118
134
118
131
131
112
129
119
120
126
119
128
133
109
125
108
123
127
113
125
124
107
135
122
111
127
106
122
125
109
122
108
106
118
98
124
115
99
118
116
114
133
123
133
136
121
132
122
118
124
109
121
117
101
132
121
110
125
106
124
127
117
132
118
118
131
114
134
131
110
121
112
108
127
108
122
120
107
124
107
114
122
105
121
120
99
136
115
117
127
107
115
122
105
121
113
116
129
119
132
131
112
127
118
118
135
110
122
125
109
129
123
119
127
107
117
121
103
137
118
115
122
103
118
127
112
129
118
113
126
112
133
133
111
128
114
114
132
110
120
122
105
118
111
110
114
102
114
110
93
129
114
113
123
106
119
132
114
134
122
115
123
106
123
112
100
122
106
108
129
110
120
120
105
123
119
118
127
109
123
123
104
131
116
115
126
105
117
126
107
130
116
116
126
111
125
124
111
132
116
118
133
110
117
117
102
123
116
114
116
102
119
121
111
131
121
121
130
112
123
130
108
121
109
112
124
115
125
125
110
129
115
118
133
112
124
126
109
131
129
125
132
115
123
124
116
133
121
119
130
109
124
128
107
129
122
121
128
124
131
132
114
132
115
118
129
106
121
125
112
133
132
128
132
113
124
125
116
131
115
113
123
107
128
132
114
129
115
115
123
119
129
131
113
130
115
124
133
119
132
134
118
135
128
129
135
118
126
128
119
128
113
118
126
114
131
128
109
126
104
111
121
107
121
123
108
134
119
132
138
121
128
128
113
133
123
118
120
103
115
118
114
127
110
121
123
107
130
128
109
123
108
111
124
112
123
122
106
125
105
124
121
106
125
121
109
137
129
129
132
114
121
119
116
126
108
113
117
98
120
110
96
114
99
112
125
109
126
122
108
131
116
122
120
99
116
109
99
129
113
113
116
96
116
112
108
124
107
116
119
105
129
120
104
124
105
113
124
100
113
111
98
118
99
109
110
93
124
112
97
127
99
108
114
96
110
109
96
113
100
108
113
100
129
120
103
123
104
113
126
101
116
116
103
124
110
120
123
101
122
116
99
130
105
113
117
98
113
112
97
121
100
112
115
99
123
111
97
117
99
107
121
96
113
110
97
118
102
107
109
88
111
104
89
121
97
105
110
98
117
124
101
123
107
115
122
105
124
113
95
114
95
108
125
99
119
112
98
123
109
111
115
95
117
109
98
119
95
106
107
84
105
105
84
113
94
105
104
92
115
102
90
117
93
99
114
86
107
98
87
107
95
97
96
80
102
98
92
118
93
104
113
90
112
109
94
109
89
98
97
88
109
99
87
111
88
96
104
84
108
101
93
116
100
105
110
91
110
101
94
120
93
106
108
90
112
103
88
110
92
107
109
97
113
109
99
113
92
110
103
87
110
102
94
119
108
109
113
92
117
104
104
119
95
109
108
91
118
111
96
119
102
111
115
104
114
107
100
117
94
114
108
94
118
107
94
119
106
106
109
92
115
99
101
116
95
111
111
93
120
105
90
114
87
99
103
89
109
96
91
118
95
119
112
95
119
106
95
119
102
106
103
85
108
92
102
116
96
107
113
93
125
111
98
118
92
107
108
93
118
106
97
118
93
114
105
85
113
100
96
122
99
109
114
92
119
104
101
118
98
107
110
89
121
97
89
112
89
106
111
99
115
108
99
118
99
119
113
89
113
101
89
121
91
106
110
89
113
105
100
117
97
112
110
93
131
111
99
117
100
107
118
95
114
103
95
121
95
114
101
84
112
100
91
122
94
105
107
86
110
104
95
113
86
98
98
82
121
106
95
122
94
108
119
93
115
99
86
112
94
110
105
89
114
98
88
120
89
107
109
90
108
100
87
111
89
106
105
86
115
96
91
115
91
101
112
86
112
99
92
114
94
109
100
84
104
93
97
113
84
99
101
85
110
107
103
114
100
110
112
98
116
104
94
113
87
95
112
89
118
96
95
111
99
106
104
87
111
98
97
113
83
105
101
83
107
97
90
105
87
103
101
87
105
95
96
107
85
105
103
83
106
91
88
101
88
96
92
76
101
89
96
115
86
114
105
97
116
109
97
109
82
100
99
84
109
95
99
100
80
104
95
82
108
90
87
96
92
105
102
84
114
89
99
111
81
102
95
87
112
98
85
106
75
100
94
93
112
90
98
107
81
101
92
75
98
89
86
103
87
107
98
81
107
86
97
108
80
98
95
82
106
99
87
112
81
108
104
89
109
95
94
110
82
101
98
77
109
85
92
110
85
103
100
83
109
85
100
103
82
100
100
81
118
99
89
111
82
99
96
86
100
87
92
111
85
108
109
88
118
99
97
113
91
110
104
81
104
91
98
105
78
105
100
82
119
97
95
117
87
102
104
92
110
95
96
113
91
111
99
79
102
92
94
110
94
109
109
88
114
98
99
113
85
106
97
74
114
89
90
96
76
94
103
92
113
98
95
114
91
119
104
88
104
90
89
114
86
103
100
83
103
86
93
101
81
101
95
89
113
91
92
105
80
97
100
82
105
87
93
105
83
113
91
86
101
88
96
112
84
99
98
83
106
93
99
97
79
96
92
81
112
98
95
111
87
103
107
92
112
89
94
101
82
108
94
82
104
85
89
110
77
103
96
88
107
94
100
102
86
109
104
84
115
94
102
111
88
108
107
91
120
93
101
106
93
117
105
88
113
88
97
109
78
104
94
86
110
96
101
104
86
108
107
90
121
94
104
108
78
103
102
83
110
93
96
98
90
114
103
85
112
86
103
116
82
105
100
84
107
97
89
102
77
108
95
91
118
89
99
105
84
110
109
87
113
93
99
106
87
110
104
80
103
86
96
110
89
113
113
95
127
114
109
124
97
115
109
99
116
97
103
117
94
114
119
93
119
99
101
112
96
114
107
96
116
95
109
117
90
108
106
90
117
106
98
106
84
108
103
97
109
99
100
112
90
116
109
90
113
