77
100
73
84
94
71
93
96
68
108
81
85
96
75
92
91
77
95
79
83
96
75
103
96
76
97
77
80
102
73
88
90
68
98
78
91
98
78
89
91
73
107
83
89
101
71
89
97
75
104
84
90
102
78
106
94
83
101
81
88
106
79
96
94
82
100
84
89
96
70
93
91
79
101
81
86
103
78
98
108
89
106
89
92
104
78
107
95
80
100
79
86
111
82
101
96
82
106
97
99
102
84
99
93
78
110
82
98
99
80
98
101
75
98
82
85
96
79
106
99
83
107
87
86
111
83
100
93
80
101
86
89
95
68
96
91
80
111
87
97
104
85
105
103
77
98
82
89
97
78
107
94
75
97
76
88
100
78
93
94
77
104
93
95
106
84
101
97
86
116
85
97
101
82
96
99
72
109
83
91
102
86
102
91
80
107
81
92
102
71
91
90
71
96
90
90
101
76
98
89
91
109
81
87
100
76
99
99
76
104
82
95
105
80
98
91
84
104
81
93
110
80
96
93
81
104
92
99
99
81
102
93
87
103
81
85
101
77
103
94
76
98
70
84
92
80
89
99
76
97
76
92
103
74
98
93
81
107
94
99
99
71
88
84
80
104
85
91
104
76
108
98
84
106
87
98
99
85
97
99
84
108
82
94
98
74
105
94
82
108
95
97
97
76
97
95
90
108
85
95
98
78
102
90
75
90
78
84
97
82
97
94
81
108
84
105
97
78
98
86
75
98
80
81
90
68
90
89
80
103
77
87
95
71
103
94
83
104
84
88
99
76
96
85
83
102
79
93
91
78
89
92
70
103
81
86
98
73
95
88
82
95
73
75
81
70
98
85
72
94
78
85
100
74
95
86
73
92
79
85
92
74
87
89
73
103
70
89
94
73
87
83
73
89
75
74
88
69
96
84
73
94
73
79
94
75
86
82
76
95
79
85
86
66
85
80
62
92
69
76
77
61
70
79
72
87
72
80
85
66
95
84
67
88
62
70
83
66
86
77
66
86
75
79
81
62
82
73
64
92
65
76
80
68
83
81
64
86
63
72
80
61
83
75
66
79
66
75
85
62
74
72
60
81
69
76
75
53
73
64
60
83
70
78
90
72
93
94
74
97
67
81
76
69
88
74
65
82
61
64
83
53
78
76
62
85
76
84
85
68
88
80
74
93
69
77
90
67
89
80
64
86
66
81
80
70
86
76
66
87
70
82
97
62
85
74
64
81
72
79
83
63
79
75
73
98
69
83
88
64
87
89
73
93
71
85
85
74
84
82
68
93
74
80
87
63
82
78
69
87
78
83
91
76
90
90
79
98
73
84
86
70
100
88
76
87
74
76
86
78
85
79
71
94
69
86
84
66
87
81
71
91
87
87
94
78
84
73
69
85
66
79
78
68
89
85
75
92
78
77
92
77
90
82
72
97
71
89
85
65
83
81
74
91
78
80
89
68
87
78
86
93
74
86
82
73
92
84
68
80
66
68
80
73
87
78
76
91
74
94
91
78
92
87
72
94
74
87
82
66
85
74
78
83
75
77
80
63
85
82
70
89
69
86
89
73
89
76
69
87
74
90
82
65
89
71
69
95
68
82
82
73
82
81
78
83
69
72
73
56
81
73
67
91
69
82
85
75
90
79
74
90
72
91
84
66
89
73
68
90
66
79
81
72
85
78
68
88
58
74
81
64
94
76
74
88
67
77
85
68
84
77
67
88
66
87
78
59
78
70
72
95
68
75
81
58
78
78
79
97
66
85
82
71
100
81
83
94
74
82
88
65
86
77
67
86
73
92
85
66
85
79
69
90
64
73
80
60
82
76
66
84
60
70
76
64
87
75
70
89
69
80
93
60
82
77
68
85
77
84
77
58
71
64
57
84
56
72
80
64
90
89
81
95
80
88
86
75
91
77
71
92
69
77
89
68
85
81
74
85
73
82
86
65
86
79
71
96
62
76
82
68
85
83
72
83
69
78
84
75
88
78
70
89
66
84
87
69
81
74
66
75
63
73
82
66
80
72
77
90
69
84
80
66
82
78
64
81
67
73
79
72
85
72
70
85
68
81
81
66
78
76
77
89
81
88
89
71
90
77
83
88
68
79
79
69
89
87
75
82
61
66
71
67
81
65
73
80
64
80
77
58
76
72
68
84
76
86
85
71
87
64
74
73
59
74
74
57
82
70
66
79
58
76
71
71
80
65
66
77
61
77
72
55
67
62
64
84
70
81
78
67
83
68
79
87
68
79
82
64
92
76
73
79
48
67
70
64
84
71
69
86
68
93
87
70
102
77
83
83
75
83
81
65
162
-458
-461
-453
-446
-449
-430
-425
-422
-415
-420
-413
-416
-417
-411
-415
-416
-415
-416
-416
-416
-415
-415
-416
-415
-415
-416
-416
-416
-416
-417
-412
-416
-415
-416
-416
-417
-414
-417
-414
-418
-415
-418
-414
-418
-414
-420
-417
-420
-423
-428
-435
-450
-457
-458
-459
-459
-460
-460
-461
-460
-461
-463
-465
-468
-466
-464
-463
-461
-459
-458
-452
-396
-355
-310
-274
-242
-209
-173
-157
-132
-106
-88
-75
-57
-31
-24
-16
-11
9
16
38
37
42
48
50
54
66
75
78
81
89
96
92
105
105
100
106
105
100
110
99
97
103
104
100
106
107
108
103
101
107
99
108
97
94
97
85
88
96
86
78
79
69
73
78
70
63
57
55
46
45
53
44
30
38
27
24
27
20
16
12
-4
-11
-17
-17
-21
-26
-22
-22
-29
-20
-28
-37
-35
-41
-45
-47
-52
-57
-66
-69
-71
-71
-70
-78
-83
-80
-72
-81
-75
-80
-80
-83
-88
-87
-83
-88
-86
-90
-89
-88
-90
-77
-84
-88
-88
-95
-84
-77
-77
-73
-70
-74
-67
-55
-53
-59
-59
-57
-62
-61
-51
-53
-53
-51
-48
-48
-35
-41
-36
-26
-27
-29
-34
-16
-26
-24
-21
-19
-16
-3
-7
-7
-3
-3
1
14
13
10
5
12
20
19
28
30
28
34
32
30
45
35
31
44
42
40
42
52
51
51
47
54
53
62
59
62
60
54
60
70
70
69
74
73
78
83
86
85
85
87
88
90
93
88
82
85
92
90
101
101
100
103
104
106
104
105
105
104
104
104
104
116
117
105
105
106
106
112
116
113
121
114
122
122
129
123
121
123
122
119
123
122
115
114
113
105
111
112
106
119
113
116
118
126
123
123
125
124
121
121
117
117
111
107
113
111
120
116
104
120
113
108
132
117
117
127
110
126
121
118
128
114
118
123
103
131
118
109
123
112
113
123
105
119
111
106
126
113
123
126
104
116
116
102
128
110
112
120
102
115
119
108
121
110
117
125
108
133
122
109
121
109
115
128
111
128
123
113
129
121
125
124
108
124
119
117
140
120
123
130
115
134
137
125
129
117
119
124
107
131
120
109
123
104
111
126
101
120
114
104
117
110
118
118
103
123
115
111
137
119
125
130
117
131
134
118
128
115
120
126
114
131
121
112
129
114
122
133
112
126
117
112
128
124
122
124
100
121
108
106
130
111
117
117
101
121
120
108
121
101
112
113
99
119
110
105
120
93
110
111
87
120
111
102
122
111
120
122
105
127
117
112
122
103
108
117
101
121
118
101
121
100
110
122
110
127
116
109
129
112
121
129
103
125
113
108
126
116
116
123
101
121
110
109
127
110
115
122
101
130
126
108
125
106
109
117
103
115
104
100
120
103
118
124
102
123
117
108
125
114
118
122
102
123
113
108
125
105
115
121
102
123
120
106
125
104
111
119
109
124
117
105
126
109
127
128
109
125
115
107
125
110
117
125
104
121
110
107
118
105
111
114
96
123
114
102
118
102
112
118
108
121
112
105
123
106
120
114
91
110
99
99
121
106
112
116
101
117
108
108
114
102
110
111
94
122
105
96
109
94
101
106
97
112
105
100
119
104
117
116
96
119
109
102
120
102
108
112
91
115
93
101
105
88
105
109
89
125
103
101
119
104
110
116
98
111
96
92
112
90
110
101
86
111
95
94
119
91
103
101
88
110
99
97
109
87
104
101
85
114
96
90
113
85
102
104
82
106
91
92
108
85
109
103
86
112
90
88
111
78
97
94
84
107
92
92
104
79
100
98
80
111
87
85
103
74
89
97
67
89
79
75
89
73
88
86
65
87
73
71
101
72
89
89
71
95
92
85
101
77
95
100
80
108
86
89
107
83
97
105
80
108
93
93
105
85
101
97
78
111
94
97
119
96
112
112
96
120
112
101
112
89
104
107
91
121
101
102
121
97
114
125
101
125
109
102
120
104
114
117
95
121
101
98
117
94
113
109
91
116
110
103
120
99
108
108
96
114
101
100
116
90
107
114
84
108
101
95
120
101
114
122
103
127
115
114
129
102
114
113
91
117
109
101
113
89
109
105
105
117
104
105
120
96
112
118
101
117
107
106
117
108
117
112
96
112
102
107
117
98
112
113
96
116
113
104
117
94
110
103
97
113
97
99
117
96
116
115
101
120
103
110
125
108
114
112
96
115
103
115
116
98
110
107
92
117
98
102
111
91
106
101
97
113
101
100
114
95
120
113
96
116
97
98
117
102
107
113
102
114
97
103
113
90
114
108
93
117
100
98
113
96
110
111
103
117
103
108
121
98
126
116
97
115
97
94
120
99
110
114
97
117
116
104
127
95
119
111
95
119
98
99
112
85
101
99
89
117
97
101
110
87
111
107
91
112
97
96
114
91
108
104
86
108
86
95
104
77
99
99
91
121
96
101
115
91
116
114
103
110
98
98
106
86
115
105
88
111
90
94
121
90
109
106
94
117
99
107
115
91
112
105
85
124
94
103
111
92
110
106
93
113
98
101
109
90
120
112
96
112
95
95
106
84
104
99
90
116
106
108
114
96
112
114
97
129
107
107
122
93
114
120
98
116
102
110
120
99
121
110
96
118
98
98
117
98
114
115
103
120
111
111
125
102
120
111
104
132
113
111
120
97
113
117
101
117
99
106
119
100
115
110
96
117
106
110
129
109
122
124
105
125
105
112
121
95
117
103
101
126
102
107
121
103
118
130
112
127
115
112
123
111
123
117
108
124
109
113
128
95
124
121
105
125
119
117
129
109
122
112
104
124
107
109
124
92
119
116
103
112
94
113
117
107
123
120
110
128
120
123
132
109
119
117
108
127
115
116
124
103
116
113
95
133
116
116
125
101
124
124
104
121
103
113
113
107
118
114
109
125
102
114
121
96
119
117
110
126
119
116
126
106
119
119
107
122
102
105
119
98
129
123
105
129
116
112
131
120
127
120
103
120
104
121
125
101
122
114
104
125
115
115
125
101
123
114
106
128
107
115
121
102
122
122
109
126
111
114
124
105
122
116
105
128
111
121
120
101
123
112
96
121
103
105
117
92
123
111
112
122
105
119
124
112
135
131
110
115
102
106
120
104
129
120
110
128
113
124
129
112
121
120
101
131
111
117
122
103
122
114
112
123
113
120
124
108
139
134
116
140
118
124
136
111
125
119
111
124
107
121
115
94
121
113
105
137
116
125
134
115
132
135
126
132
122
119
126
102
134
124
109
129
113
121
128
117
131
121
116
134
125
132
137
116
138
129
113
138
118
122
128
115
125
126
114
128
110
116
124
101
136
124
108
130
115
120
128
108
121
114
107
132
122
129
137
117
130
124
116
139
124
127
132
111
127
131
115
133
116
118
121
110
134
127
118
132
115
114
129
105
126
122
109
133
119
124
126
104
129
122
111
134
117
121
130
112
125
124
108
127
103
115
119
104
124
110
96
117
102
114
136
107
128
123
111
132
122
128
130
108
120
109
103
127
104
115
121
102
126
122
114
130
111
116
117
107
124
115
106
124
104
110
125
99
124
115
113
126
118
128
130
114
129
127
110
135
113
121
119
101
121
116
103
116
99
104
112
100
125
119
111
136
114
127
132
113
132
115
109
120
114
115
122
104
120
110
110
124
108
120
117
101
123
118
109
123
113
112
120
107
124
113
112
128
109
120
121
99
117
112
104
125
114
118
124
102
124
108
111
112
96
108
111
101
116
116
102
127
106
116
121
113
131
115
105
117
95
121
119
103
118
112
102
124
108
115
116
100
123
110
114
120
106
115
124
100
126
119
108
128
112
120
112
109
123
113
107
123
107
120
117
98
118
105
100
124
100
109
109
93
118
111
116
123
108
114
124
105
137
118
115
130
108
114
113
105
118
115
107
124
107
124
125
108
130
120
112
133
120
123
125
110
126
118
116
125
103
121
126
103
136
120
116
130
115
119
127
108
124
116
111
127
108
121
118
98
116
100
104
125
106
120
126
104
125
124
125
136
117
130
129
110
129
116
106
118
104
113
123
95
127
113
110
125
104
132
124
109
127
117
109
130
113
121
123
108
124
115
112
122
103
116
116
105
126
113
111
122
108
119
131
104
119
105
97
114
102
119
118
102
117
110
105
132
113
126
127
108
125
116
106
122
102
109
108
99
123
109
107
120
100
106
116
93
112
101
104
112
103
123
112
96
117
105
98
123
97
116
113
97
112
108
103
111
96
110
110
99
121
109
100
115
92
117
120
101
120
102
103
112
105
115
116
100
114
103
99
112
90
111
105
96
114
111
106
118
103
110
112
100
124
107
107
116
98
115
120
105
117
107
106
115
110
118
121
104
130
118
120
133
110
120
118
107
123
122
115
127
100
111
109
103
125
114
121
131
117
127
130
117
129
120
111
128
115
120
122
99
122
104
114
121
101
118
117
102
124
120
112
126
105
125
114
115
130
119
117
127
106
124
122
102
122
110
109
126
114
124
117
108
126
110
123
132
113
116
117
97
119
116
109
119
94
112
109
105
125
118
111
125
101
117
121
105
126
110
113
125
108
121
118
103
122
113
117
123
104
117
119
103
129
115
114
125
115
124
125
113
125
114
108
123
102
127
123
101
122
106
107
119
108
113
119
100
112
101
110
117
96
113
111
100
128
115
114
124
106
116
114
102
113
104
104
119
102
131
125
110
127
117
113
127
113
124
123
110
127
111
114
122
97
118
118
108
129
117
116
122
102
117
122
109
125
112
115
121
100
121
107
96
106
99
92
117
96
107
110
96
117
106
117
129
114
124
118
107
123
106
106
116
94
115
116
97
112
100
106
114
96
118
117
102
123
113
110
123
96
110
109
96
118
106
114
115
95
112
108
98
125
106
112
117
96
116
119
103
115
99
101
105
97
116
110
95
124
105
107
122
103
122
117
108
120
114
114
116
101
116
112
97
131
109
111
122
98
117
118
102
114
103
109
124
107
127
119
103
126
109
115
124
106
123
118
107
120
113
112
119
97
121
117
108
131
111
111
115
91
115
116
105
121
104
107
122
107
125
121
109
126
108
112
120
93
119
121
99
118
114
109
121
100
124
111
107
127
108
116
119
100
120
124
104
124
110
107
119
106
120
113
106
124
116
118
131
103
116
114
98
119
108
109
118
95
116
106
97
114
98
106
115
101
124
125
109
127
108
108
113
112
118
112
103
116
109
114
121
97
117
119
104
124
114
113
121
110
123
123
113
127
111
114
124
107
126
126
112
123
107
110
119
113
124
119
108
128
116
119
124
101
116
110
105
124
108
108
117
101
116
110
101
122
109
121
125
105
128
117
101
121
105
110
116
109
117
113
104
122
109
121
119
100
114
112
105
129
119
108
122
103
122
118
113
121
105
113
117
98
129
118
106
119
100
106
114
106
118
109
101
110
97
113
111
95
118
108
103
128
116
118
119
102
118
106
99
110
96
107
111
96
119
110
101
117
101
105
109
95
116
103
95
119
98
112
108
89
109
99
95
124
100
107
112
96
115
109
105
115
101
108
108
93
120
104
92
110
85
97
104
85
109
100
97
114
95
116
114
101
116
105
96
120
92
104
106
89
112
105
93
114
90
106
108
91
123
105
100
117
97
105
116
92
113
103
94
113
93
107
105
83
107
92
86
117
92
102
104
87
107
108
94
112
86
101
98
79
110
94
93
113
91
100
113
85
113
100
94
114
95
106
105
86
110
99
89
119
94
107
110
90
113
110
93
114
86
95
109
91
114
102
95
114
94
104
113
86
110
98
90
114
100
102
106
86
107
96
89
120
94
107
106
88
108
106
90
120
97
103
111
100
117
109
100
117
94
109
110
85
108
100
87
115
100
104
112
97
119
109
102
116
97
105
109
90
113
109
98
113
92
103
101
94
113
100
94
113
91
108
111
90
111
102
95
113
100
105
107
88
108
93
97
107
90
102
108
90
120
117
104
119
103
109
107
97
114
99
92
113
92
114
107
88
111
100
100
114
100
103
108
90
117
103
107
109
92
105
101
86
115
102
94
110
88
104
99
98
114
101
96
109
95
117
109
92
111
92
93
109
92
101
105
92
115
102
109
116
97
114
113
97
121
108
94
120
94
115
107
99
114
97
96
115
91
125
117
94
117
100
99
124
103
115
114
102
123
111
114
123
99
110
110
94
123
108
106
121
95
112
111
97
118
104
99
118
96
115
111
94
124
106
100
127
102
116
119
100
126
112
107
116
92
112
113
96
128
113
107
126
102
120
125
101
126
116
109
123
103
127
120
97
119
103
101
128
106
116
117
98
122
111
109
122
98
112
113
94
128
106
99
114
93
108
115
89
118
108
107
127
105
127
125
110
131
123
109
137
109
117
117
99
119
118
111
125
102
114
119
102
131
119
109
130
112
122
134
113
128
119
106
125
104
121
115
98
117
104
100
128
105
118
114
99
117
118
108
121
101
107
109
94
122
104
104
119
100
113
121
101
121
116
109
123
110
116
118
99
115
107
104
123
97
113
116
98
116
115
102
113
91
109
102
101
120
105
105
119
98
114
121
100
117
106
102
117
106
117
112
99
115
103
106
119
100
115
108
93
117
107
99
113
96
113
110
103
120
109
108
122
100
116
119
96
114
102
104
118
104
114
109
96
116
103
108
121
97
116
107
94
116
105
101
112
90
110
100
96
114
97
97
113
91
117
115
99
120
100
104
116
101
117
110
97
115
97
104
112
90
119
108
101
125
116
117
130
111
127
121
111
123
107
108
116
89
122
113
94
120
96
101
120
103
119
115
99
121
107
114
127
98
123
115
101
127
113
113
126
96
113
109
103
122
111
113
126
99
129
123
98
121
106
100
117
99
116
109
97
122
106
117
121
99
120
124
104
127
110
