107
80
83
96
73
84
94
72
91
78
78
91
70
87
80
63
84
78
81
101
67
84
86
70
96
84
83
91
68
84
77
64
94
76
75
88
67
82
93
76
94
84
82
96
74
93
89
68
83
73
73
94
68
80
85
64
83
72
73
81
64
81
78
65
93
73
76
89
65
76
86
66
83
70
72
82
68
83
81
61
76
71
72
91
64
81
80
62
79
74
67
79
58
74
82
66
93
76
76
84
62
77
81
65
82
66
69
81
69
84
77
64
80
69
73
86
61
77
78
66
81
72
67
78
59
72
76
67
88
66
67
80
58
74
77
63
79
65
68
75
68
79
67
54
70
54
62
77
53
70
68
63
77
75
78
81
65
82
75
68
83
59
64
77
54
69
74
60
77
66
71
78
67
85
81
68
89
67
75
85
61
75
76
65
86
71
67
77
53
76
74
67
82
70
79
83
63
83
81
61
80
65
71
77
60
72
73
56
74
60
73
85
63
85
82
71
95
80
77
84
56
75
73
71
85
69
71
83
61
82
79
59
89
72
78
86
72
87
80
69
87
68
80
84
58
76
76
61
86
72
71
83
56
75
79
73
88
71
75
84
57
85
74
57
78
64
73
83
70
83
80
70
89
69
81
89
65
87
74
61
84
71
72
85
64
81
79
69
84
64
70
83
61
84
77
61
75
66
75
88
65
82
79
66
86
69
78
79
60
76
75
65
93
71
70
78
56
69
74
60
73
63
65
72
50
76
76
64
81
66
75
90
63
78
77
62
71
56
68
68
54
74
70
61
84
72
72
81
62
70
80
68
83
66
75
77
61
84
73
56
74
62
64
88
61
76
75
64
83
69
82
77
58
75
72
63
83
63
65
71
52
68
72
65
82
67
76
79
71
92
80
73
88
68
71
86
62
76
72
68
87
73
77
79
64
84
76
67
90
67
72
80
63
78
75
61
77
63
66
74
61
77
66
60
74
54
65
80
53
78
70
64
83
72
71
74
51
64
58
54
76
56
66
72
55
78
72
58
78
64
70
75
58
71
61
51
70
46
59
66
49
67
61
49
68
65
69
75
48
75
69
68
84
62
69
75
57
73
74
58
74
61
68
78
61
82
71
61
81
57
67
82
59
74
66
54
74
66
75
81
57
86
75
73
88
69
75
71
59
75
75
53
72
59
67
72
61
77
73
67
86
66
75
84
61
74
69
53
76
64
65
70
51
64
61
63
76
60
65
80
56
82
75
57
77
59
64
71
64
74
59
57
69
51
61
69
50
73
77
61
79
68
80
83
66
82
69
70
82
61
64
77
57
77
68
61
67
53
72
76
66
78
75
61
78
61
71
78
59
75
66
60
82
66
74
76
54
69
67
67
85
63
66
72
53
83
69
63
73
59
63
68
58
66
62
57
74
59
76
72
52
82
71
65
86
68
72
81
67
82
72
73
83
63
74
80
64
92
71
65
79
59
69
82
59
76
68
59
80
64
85
78
59
71
68
68
84
60
67
73
53
75
67
70
80
58
68
70
55
80
64
64
74
49
61
78
61
78
75
74
83
61
77
68
51
74
70
63
89
63
69
78
63
81
72
68
80
65
79
75
60
81
69
63
76
50
66
81
61
77
67
66
79
63
72
77
54
73
65
59
82
56
69
73
51
76
63
48
65
52
61
62
48
82
66
68
87
60
75
84
68
84
68
64
75
66
74
72
51
78
69
68
99
58
73
79
68
82
77
68
87
60
71
79
58
87
73
68
82
58
64
84
66
82
70
66
92
72
84
87
60
80
71
68
80
59
69
74
59
79
78
62
80
62
81
94
75
91
80
79
88
66
79
90
61
82
76
69
93
76
84
83
64
79
71
79
92
69
80
87
67
87
91
73
90
67
87
81
73
90
82
71
87
60
74
84
63
85
76
71
86
69
82
79
62
74
73
75
88
65
76
82
65
87
79
70
83
63
77
80
71
82
73
74
91
75
94
89
70
91
81
79
90
83
87
83
67
88
75
79
96
66
81
83
67
98
80
81
92
73
88
88
80
89
80
76
92
66
88
77
65
84
71
72
83
71
86
90
73
89
76
85
95
72
87
81
70
94
76
70
80
58
75
85
76
89
73
80
86
63
87
81
67
87
75
75
88
67
79
79
60
78
64
77
86
65
84
75
66
90
75
69
79
52
70
73
63
72
58
61
66
47
64
66
54
75
70
73
92
68
95
85
73
92
74
81
82
66
76
76
63
86
78
72
85
61
79
83
70
76
67
75
89
69
69
65
86
64
134
-452
-454
-453
-449
-452
-431
-426
-423
-415
-420
-414
-417
-414
-416
-416
-416
-415
-417
-413
-417
-413
-417
-413
-416
-416
-416
-416
-415
-415
-415
-416
-415
-416
-417
-413
-417
-413
-417
-412
-418
-413
-418
-415
-418
-415
-419
-418
-418
-421
-424
-430
-436
-451
-457
-458
-458
-459
-460
-460
-460
-461
-462
-464
-466
-468
-466
-464
-463
-461
-460
-458
-454
-401
-361
-318
-282
-248
-216
-195
-162
-131
-117
-94
-74
-59
-28
-26
-12
-4
4
19
29
35
33
39
42
61
70
82
81
84
91
90
93
109
97
94
101
98
99
101
100
104
102
100
94
94
106
94
100
101
93
98
106
95
93
93
82
88
82
83
74
72
72
63
56
57
46
39
34
43
38
41
35
34
32
31
30
20
22
8
3
2
-4
-16
-6
-15
-20
-30
-38
-34
-35
-32
-46
-42
-45
-48
-52
-45
-54
-65
-66
-68
-70
-62
-76
-77
-81
-84
-90
-87
-89
-89
-93
-85
-86
-91
-79
-86
-82
-83
-86
-87
-83
-87
-88
-84
-90
-82
-82
-73
-71
-77
-76
-71
-63
-55
-61
-60
-61
-61
-56
-47
-45
-47
-50
-42
-45
-45
-32
-38
-28
-32
-33
-31
-20
-23
-20
-14
-15
-11
-5
4
4
7
4
5
10
19
13
14
26
23
27
37
29
28
32
34
31
41
41
42
40
44
51
47
62
58
59
66
70
71
78
81
72
67
65
72
75
85
85
83
86
88
89
96
91
92
93
98
90
99
95
104
102
102
96
100
103
102
105
106
111
107
117
114
115
119
112
118
121
128
121
120
119
117
120
126
120
116
117
124
127
139
137
137
141
144
140
145
148
141
136
136
135
124
131
131
131
127
123
120
122
128
122
125
118
120
116
127
125
120
116
115
116
116
108
110
110
110
111
104
112
112
99
118
103
99
120
101
111
111
97
110
107
96
111
97
99
109
93
127
103
98
112
95
115
124
103
116
108
102
119
108
116
114
97
114
104
99
123
104
109
110
94
108
105
95
122
103
108
111
98
121
110
102
114
100
107
124
100
115
112
102
119
104
108
112
100
121
112
106
129
110
114
119
98
117
119
111
124
110
118
115
111
131
125
112
120
97
105
121
95
119
108
96
116
111
114
111
96
112
108
102
121
102
110
119
96
116
113
101
121
107
113
112
107
126
115
108
126
107
113
123
99
118
101
103
116
107
108
103
79
104
101
95
117
91
115
110
94
122
112
102
112
95
104
106
96
110
101
90
114
88
106
110
93
119
98
95
120
108
107
114
94
115
108
108
118
100
111
113
97
122
108
93
115
98
107
111
102
119
106
104
123
97
117
113
93
115
103
97
115
103
108
109
97
119
111
117
134
112
120
123
104
122
114
101
122
101
110
113
100
120
112
109
121
100
115
113
100
119
110
104
125
108
119
129
108
123
114
116
124
107
116
127
107
132
121
107
123
108
121
125
113
126
114
110
122
106
122
116
102
128
124
116
139
125
131
133
117
127
116
120
127
112
118
127
114
146
137
119
131
116
123
131
120
130
130
115
127
110
121
118
104
131
121
112
134
116
123
126
113
132
126
123
133
119
123
130
115
140
123
111
122
108
116
124
105
120
115
120
134
116
130
134
118
137
125
115
131
115
119
121
107
121
115
113
131
117
121
123
115
139
130
125
133
119
128
140
113
125
116
112
128
111
118
117
107
126
113
112
130
113
125
130
111
126
123
116
123
107
116
112
105
129
115
107
117
106
116
130
114
132
128
128
135
118
119
118
97
117
105
101
124
102
114
119
101
120
115
105
119
104
120
120
106
129
118
113
126
108
115
125
103
122
110
111
122
109
110
115
99
118
110
112
128
109
118
116
99
121
110
106
116
99
113
112
100
120
102
102
108
94
106
110
83
104
89
92
97
86
94
101
80
102
84
91
104
79
96
93
79
95
91
86
98
83
97
95
90
110
92
96
105
88
107
107
85
108
97
95
110
97
104
104
82
104
88
100
105
87
103
103
90
118
111
103
116
101
113
114
104
122
110
105
113
93
111
109
92
118
103
105
120
113
118
116
99
117
99
108
116
93
111
111
95
121
104
98
108
92
116
111
101
119
104
107
116
101
123
118
99
121
104
100
116
102
105
104
89
117
102
118
123
104
117
119
106
129
118
111
123
99
116
115
106
123
110
112
121
101
124
118
99
125
112
110
125
113
120
123
107
129
116
123
124
106
119
123
107
142
120
113
124
102
124
125
114
128
116
120
125
100
123
119
100
119
105
106
119
108
121
123
105
123
112
119
124
104
115
117
101
129
117
114
124
103
117
125
108
128
118
117
129
111
126
121
100
122
107
114
131
112
122
128
128
121
120
123
105
121
122
107
141
120
114
118
99
108
117
101
122
109
112
122
101
127
123
107
126
113
112
132
115
123
123
104
119
109
110
120
106
122
118
101
130
115
116
127
107
121
125
110
130
115
118
124
104
126
120
104
122
113
113
134
113
126
125
110
131
124
124
127
110
124
123
109
137
118
115
120
100
115
126
108
136
122
126
138
128
143
139
124
135
117
120
135
112
128
130
118
133
127
120
125
114
131
133
122
145
127
129
144
125
139
144
125
146
131
135
143
131
146
138
122
137
119
130
147
120
135
136
123
139
132
130
133
114
126
123
114
141
125
131
142
118
134
143
131
156
130
136
142
127
135
135
122
142
121
130
144
120
133
136
121
136
127
128
140
117
139
142
132
148
132
138
145
126
144
143
124
141
125
125
135
126
137
135
120
136
120
133
143
119
134
127
109
133
126
125
135
115
132
132
128
142
127
129
141
113
132
132
111
134
119
123
132
127
137
137
123
142
126
135
138
115
135
137
122
141
132
131
133
113
128
132
128
143
126
128
139
119
140
139
120
137
125
130
139
129
142
137
119
134
115
126
135
119
136
134
124
147
137
142
148
133
145
139
129
146
127
131
140
123
141
140
122
140
128
136
146
131
141
138
127
148
130
147
145
126
138
136
123
150
132
136
141
121
132
138
130
144
125
130
137
122
145
138
120
136
119
122
128
114
129
133
119
134
117
134
134
120
138
134
119
146
124
127
129
117
126
125
119
133
118
123
127
110
139
127
114
129
121
121
140
122
134
129
120
136
120
135
128
113
131
124
111
143
120
127
129
110
130
127
123
134
118
125
130
115
136
126
113
133
121
129
142
118
136
130
121
138
121
128
126
109
130
127
113
143
121
129
136
116
135
135
121
138
118
122
127
115
139
130
117
134
114
126
142
119
136
127
115
138
124
132
138
119
135
129
114
143
120
132
136
108
125
120
107
130
115
122
129
118
137
129
123
142
120
126
137
114
126
116
111
130
117
119
127
103
131
126
110
141
114
126
133
119
133
140
121
137
118
129
138
124
142
135
122
135
112
125
141
121
134
132
122
140
128
140
144
115
134
127
120
142
120
124
129
115
131
137
121
144
132
137
141
127
145
135
120
133
121
125
138
115
138
134
122
142
132
134
134
111
133
132
135
149
126
134
145
127
142
141
124
139
123
130
132
124
134
131
121
132
114
122
133
113
132
123
103
131
122
126
124
107
124
119
114
134
115
123
135
116
131
129
117
126
107
120
116
113
126
124
121
134
116
126
131
114
128
121
114
132
123
119
123
107
121
116
114
135
115
117
125
109
137
130
125
134
119
134
130
120
132
129
120
128
106
128
121
106
127
117
116
137
132
134
137
122
129
131
129
140
112
126
120
102
127
112
105
125
110
125
129
120
134
122
118
133
116
138
131
121
135
128
119
132
119
126
126
107
129
118
122
136
114
127
125
108
138
125
115
127
107
121
125
102
124
108
111
131
111
132
129
111
134
127
118
140
125
134
133
116
138
122
125
132
115
124
123
111
145
127
118
133
111
128
136
118
133
126
121
137
117
132
132
111
128
120
110
140
114
131
137
111
129
120
117
134
117
128
133
112
138
125
111
135
109
125
130
113
136
124
121
136
122
132
129
108
133
124
114
140
116
128
131
112
131
131
123
138
115
123
126
109
143
129
124
136
114
128
144
123
132
125
117
136
120
129
134
111
130
120
111
134
112
120
122
106
118
119
103
123
102
109
113
99
127
112
116
132
117
123
136
120
127
112
110
129
114
121
118
93
124
112
110
129
109
120
126
110
123
124
115
131
106
119
117
109
129
119
118
121
100
113
124
104
129
115
108
125
113
124
121
110
120
108
119
128
105
113
113
96
113
111
107
114
108
119
119
118
131
125
119
126
100
114
121
97
121
106
112
119
111
117
112
95
120
106
113
130
107
120
119
106
126
118
116
120
106
119
114
107
128
118
113
128
100
121
117
105
127
108
111
122
107
117
116
96
112
98
110
120
96
116
107
102
127
112
110
120
99
115
115
105
122
105
111
122
100
128
123
105
125
109
106
121
107
122
116
101
124
100
117
128
103
120
115
104
130
120
111
128
107
123
118
113
129
114
117
127
99
128
121
102
120
106
105
122
108
129
134
114
136
120
129
138
114
130
135
115
137
117
109
122
98
123
125
114
130
118
116
125
103
131
131
111
130
119
114
134
115
128
128
107
123
108
116
128
115
121
125
107
142
120
120
133
114
124
126
112
124
121
112
124
103
126
120
102
134
121
119
140
123
137
136
123
135
126
123
131
113
122
121
105
138
122
120
128
118
122
131
121
129
125
118
132
105
134
132
117
132
121
119
136
113
127
126
112
126
115
116
124
100
123
120
110
136
120
115
121
104
110
116
93
122
107
106
120
100
122
113
107
120
110
110
126
105
116
113
100
117
113
116
121
100
118
109
105
124
113
112
116
98
111
121
105
123
106
109
115
104
119
113
108
120
108
107
125
98
116
111
98
117
105
106
113
96
111
101
94
119
98
104
114
92
121
117
102
118
103
114
112
108
115
105
94
114
94
106
120
95
116
106
101
114
107
114
114
98
118
106
100
127
102
106
114
87
112
105
93
114
97
105
111
105
116
112
99
116
97
108
116
94
117
103
95
111
96
98
105
84
114
111
105
125
106
119
120
98
123
118
102
115
100
103
115
102
115
111
92
115
93
114
119
99
120
113
100
113
108
105
117
92
117
103
98
114
96
105
116
89
118
112
92
116
98
99
112
100
118
108
94
120
98
113
113
92
112
103
101
122
114
107
117
98
124
116
111
122
104
110
115
98
118
113
99
121
100
102
112
101
116
113
100
117
100
112
116
100
114
115
99
125
115
110
121
99
117
109
106
120
107
110
123
100
121
116
98
118
102
108
115
97
115
111
103
114
109
116
114
104
120
116
104
131
112
110
110
82
107
102
104
115
104
103
112
94
124
111
100
118
99
105
114
99
109
104
97
106
92
108
105
89
111
100
83
119
99
102
107
95
114
106
108
113
97
103
109
84
119
97
92
105
90
103
112
99
113
107
104
118
103
113
110
92
111
93
96
115
96
102
104
87
107
100
95
114
91
97
104
89
119
101
101
111
97
102
114
90
115
105
99
116
97
109
107
90
111
97
97
117
95
105
107
91
113
107
92
111
87
106
104
92
133
104
101
114
95
110
124
99
122
107
100
114
97
112
108
94
119
103
100
118
101
105
109
81
107
103
94
122
97
108
109
94
119
107
101
122
99
106
119
92
120
106
100
116
100
108
110
89
112
102
93
118
91
106
107
87
120
114
103
122
103
113
112
105
126
115
99
117
93
108
124
96
119
108
105
123
114
114
123
101
119
107
102
121
99
111
117
98
117
113
96
114
101
106
117
106
121
116
103
121
99
109
116
92
119
102
98
116
103
100
105
81
105
98
105
120
96
112
122
102
120
119
107
118
105
106
111
99
117
103
101
115
95
113
115
97
113
108
100
118
111
108
110
93
116
104
107
116
99
107
110
94
111
103
92
112
93
110
109
97
112
104
94
113
94
113
102
91
110
93
90
109
97
102
105
86
114
103
110
112
97
103
106
91
115
103
93
113
89
104
103
96
105
102
100
105
89
108
100
86
112
96
92
117
97
105
107
94
114
95
105
108
88
105
108
91
121
97
96
104
86
105
102
92
109
93
97
107
89
114
100
90
118
100
102
118
101
113
102
84
103
85
98
103
86
107
100
83
116
92
96
105
88
102
102
88
105
91
98
107
84
109
101
84
112
91
94
116
90
107
101
85
118
96
98
107
90
107
103
86
116
90
95
105
78
99
104
86
107
93
101
110
92
118
108
90
112
90
93
120
88
105
105
82
108
94
98
107
89
105
101
88
123
99
96
116
88
103
108
85
107
93
93
107
88
106
97
77
106
90
91
118
86
104
106
86
112
100
89
107
79
97
96
81
109
93
96
108
90
106
116
96
113
99
101
111
96
104
101
85
105
93
94
115
84
101
99
83
106
97
92
109
88
105
106
95
123
103
102
117
96
103
115
96
114
102
97
106
97
101
105
91
112
99
102
119
89
105
104
88
112
107
100
111
93
110
109
101
118
105
105
113
94
106
111
90
114
99
96
107
102
112
113
100
111
95
102
115
96
107
114
98
114
110
102
109
95
115
108
101
117
103
107
119
101
113
113
93
115
100
102
113
103
109
104
84
105
85
101
112
94
112
114
107
120
114
111
120
99
109
108
104
116
100
105
113
90
113
104
96
116
101
102
115
100
112
109
98
112
97
109
115
92
112
106
91
117
99
98
111
90
112
105
103
111
95
105
110
90
121
110
87
108
88
95
107
94
112
106
95
114
100
112
123
99
111
110
94
120
102
107
117
94
117
107
102
117
100
103
116
89
121
108
96
113
98
101
111
96
112
113
97
118
101
107
115
94
116
112
95
126
103
100
110
87
105
104
91
115
91
103
108
86
116
102
86
115
96
103
119
94
114
112
95
112
92
100
103
88
111
104
91
123
99
103
115
93
110
108
95
115
95
105
