81
90
90
79
79
77
82
68
91
88
-420
-200
-449
-452
-452
-435
-441
-421
-419
-418
-413
-418
-413
-416
-418
-413
-417
-414
-417
-413
-416
-416
-416
-416
-415
-415
-415
-416
-416
-415
-417
-413
-417
-414
-417
-413
-417
-414
-418
-414
-417
-414
-419
-415
-419
-416
-421
-418
-420
-424
-428
-434
-447
-454
-458
-459
-460
-460
-460
-461
-461
-461
-463
-466
-468
-466
-465
-462
-461
-460
-459
-457
-417
-369
-320
-287
-260
-221
-189
-155
-129
-104
-89
-67
-52
-31
-26
-2
-2
8
20
26
30
47
51
56
65
78
82
92
96
94
98
100
97
101
113
109
107
109
115
112
110
109
106
104
108
111
112
118
108
114
108
107
104
105
102
99
95
92
90
94
87
81
77
78
71
76
82
77
71
68
66
64
61
49
43
34
29
27
27
26
15
14
9
1
-3
1
-9
-9
-16
-20
-22
-22
-25
-34
-34
-33
-44
-43
-41
-52
-57
-57
-63
-57
-57
-65
-67
-73
-73
-71
-67
-65
-77
-72
-75
-77
-77
-73
-81
-75
-82
-75
-75
-66
-69
-66
-69
-64
-62
-60
-52
-57
-58
-53
-55
-50
-46
-48
-44
-42
-52
-49
-41
-40
-42
-41
-35
-32
-38
-27
-37
-25
-31
-25
-19
-12
-17
-9
-7
-3
-4
-1
2
6
5
10
10
17
22
15
22
20
20
29
38
32
31
39
41
46
50
58
56
61
61
62
65
75
65
73
70
70
71
76
75
80
80
87
84
88
96
86
94
101
86
97
102
98
94
95
99
97
99
102
97
100
105
106
109
116
108
113
115
118
118
122
117
118
111
113
108
113
113
111
110
115
109
116
129
132
131
132
134
143
142
139
136
131
131
130
130
136
131
134
136
135
132
136
130
132
129
135
132
141
136
138
136
142
133
127
137
131
129
136
125
130
143
119
131
123
110
134
119
129
129
111
130
121
105
129
106
113
120
104
126
128
111
134
119
120
121
109
129
123
109
125
110
116
132
110
124
119
103
128
120
121
127
104
128
126
107
136
115
115
131
110
126
130
113
136
119
124
130
121
129
130
114
133
118
121
138
117
128
122
105
127
116
115
125
102
125
131
124
143
125
126
136
117
131
131
116
132
114
118
123
109
120
122
108
131
116
126
138
115
133
128
117
132
128
124
129
113
125
125
115
130
113
115
123
108
133
136
116
132
123
120
129
120
127
126
110
135
105
123
130
109
127
120
109
130
125
127
135
119
134
130
127
140
116
120
123
111
125
123
106
129
118
124
127
110
125
119
111
135
118
129
135
125
134
134
119
138
126
125
131
114
134
130
131
144
122
126
129
119
140
134
115
132
117
125
129
120
131
124
119
130
118
128
135
124
140
136
110
140
118
124
127
105
125
119
120
135
119
126
127
110
133
125
111
133
118
128
135
117
122
116
108
126
111
119
128
116
131
130
116
139
118
128
134
112
127
122
120
130
115
110
118
98
131
120
106
132
113
123
130
121
133
128
120
140
122
132
131
109
136
122
103
127
105
119
127
109
116
117
116
130
113
121
125
100
130
119
103
122
97
112
119
98
112
102
91
126
100
109
110
91
119
110
101
117
100
107
113
93
112
107
94
122
96
103
111
87
122
110
106
123
102
115
135
109
119
113
96
120
99
113
109
93
121
104
100
123
94
103
118
92
114
107
93
116
89
107
95
87
111
93
87
105
80
89
110
83
102
91
86
105
90
111
106
90
113
111
94
123
98
104
117
97
120
112
109
128
110
125
124
108
128
122
110
130
112
117
134
111
134
129
120
131
126
124
126
107
121
117
110
132
103
114
118
103
128
126
111
131
118
119
125
111
130
124
109
130
108
120
130
110
131
120
111
124
111
119
123
105
121
119
113
139
122
134
137
125
132
132
113
127
111
118
123
98
125
108
104
127
100
117
123
105
122
114
105
122
109
117
120
106
124
111
118
132
107
113
113
99
118
118
94
122
96
111
112
103
118
102
100
115
92
111
107
91
114
100
90
114
97
112
119
100
123
113
114
129
108
114
115
95
119
114
103
120
96
117
115
101
113
99
96
114
97
109
111
93
119
105
98
118
100
110
113
95
122
102
111
117
99
113
110
88
125
110
100
117
90
112
108
95
109
96
89
107
85
112
107
85
121
104
99
120
97
110
105
94
112
96
105
123
99
117
119
97
124
113
109
121
100
116
119
110
121
106
103
120
100
123
120
101
125
110
108
133
108
118
118
101
121
111
114
128
107
116
111
84
121
106
101
121
95
114
123
111
128
121
114
133
111
137
132
112
128
114
110
127
98
114
109
103
126
113
118
124
104
119
119
103
127
112
110
125
102
111
118
102
122
108
103
116
101
129
125
104
123
112
112
137
116
121
120
105
128
118
110
120
102
120
113
101
132
123
117
131
117
121
136
120
138
125
121
130
116
133
131
113
131
130
125
147
129
132
130
118
140
132
134
143
132
141
144
126
149
131
127
140
120
132
143
123
142
123
121
125
115
131
137
123
133
127
125
139
113
129
124
113
130
126
124
137
123
133
138
116
137
126
120
133
112
126
133
115
130
124
122
133
123
134
132
119
134
124
126
143
113
129
129
113
131
136
118
129
117
132
134
123
142
129
137
139
116
128
134
117
131
125
124
126
107
125
122
100
119
108
120
138
117
133
134
120
135
138
130
138
113
136
133
123
136
122
118
132
119
127
137
120
138
129
129
139
126
130
134
121
141
126
132
142
122
127
123
109
133
128
127
134
115
132
130
124
128
123
119
128
115
125
123
104
129
112
112
121
109
126
127
120
138
126
134
146
123
132
128
112
131
125
120
125
111
131
135
130
135
123
116
126
112
137
134
115
136
126
124
135
122
123
127
113
132
119
126
127
109
133
130
113
132
126
122
134
118
128
123
121
130
121
118
128
111
136
127
115
138
130
135
142
121
129
129
115
131
113
118
131
115
132
133
117
137
128
127
131
115
124
126
120
132
115
116
124
108
135
129
117
131
119
120
136
121
132
136
120
136
121
128
136
115
133
125
105
127
108
116
126
103
120
126
118
133
122
129
131
109
139
132
120
128
118
112
132
117
123
120
109
134
120
130
133
120
130
131
116
142
124
123
132
112
122
127
114
131
115
116
119
102
130
130
114
126
112
115
138
112
126
117
105
126
114
117
116
100
119
119
103
130
110
115
124
108
129
127
117
127
115
115
117
101
122
115
105
124
110
111
133
106
120
112
104
121
118
125
128
114
131
130
115
136
118
120
126
107
126
126
113
133
124
122
124
109
125
125
114
136
117
124
137
115
131
128
117
133
134
131
139
121
140
135
125
144
123
130
135
118
129
136
120
134
124
124
127
113
130
128
119
133
114
116
130
113
120
118
103
114
119
118
122
100
121
116
112
144
122
127
129
115
128
137
118
133
116
125
131
118
132
121
113
132
119
125
136
123
137
138
125
145
137
136
144
118
138
128
127
132
117
120
128
116
133
136
118
141
125
131
136
124
137
126
118
131
122
126
135
120
139
131
114
132
124
127
136
118
134
128
131
142
126
127
135
118
141
139
114
127
112
117
120
111
125
118
115
137
123
131
139
115
135
128
115
129
119
122
125
106
124
118
120
134
117
114
122
103
134
126
113
124
115
124
123
114
127
117
108
130
114
124
123
102
126
114
105
124
112
119
129
113
119
114
111
130
111
117
120
98
135
124
113
130
119
127
137
134
138
127
107
130
112
128
129
117
135
129
121
138
122
124
133
116
131
126
120
137
124
125
121
103
130
123
116
126
109
116
127
108
125
117
112
120
100
117
116
103
121
111
98
126
104
104
116
100
119
111
115
130
116
126
129
113
135
126
114
129
111
115
126
105
119
109
107
121
110
130
125
106
124
115
107
132
115
116
121
106
126
114
110
124
109
114
115
96
125
114
112
122
103
115
126
106
131
117
110
124
106
117
115
94
121
105
102
126
97
114
118
107
126
122
117
130
117
118
121
104
130
116
107
128
106
117
131
111
129
118
107
126
115
128
127
107
128
121
113
140
114
120
118
102
119
118
112
126
108
122
119
97
123
106
107
124
104
114
128
109
123
112
103
116
111
122
123
103
126
117
115
134
115
120
121
102
123
120
106
126
107
120
123
106
131
118
112
125
106
113
124
102
126
107
109
120
107
117
119
107
123
109
116
129
112
122
127
104
127
118
112
129
111
118
122
111
121
106
102
119
101
113
125
103
124
115
114
131
124
126
125
106
123
110
114
126
105
113
112
90
123
117
109
124
107
122
122
114
133
122
115
131
112
124
131
116
133
125
115
122
113
121
128
119
130
118
120
132
118
129
131
112
127
123
117
127
107
119
118
107
122
111
106
129
114
130
131
117
132
122
116
131
116
120
123
108
125
114
123
131
116
121
120
109
130
126
120
128
113
121
124
118
133
123
119
130
112
131
132
114
129
121
112
126
111
120
123
105
123
110
118
123
111
121
120
106
126
117
112
128
115
123
130
123
130
121
118
122
102
125
117
100
122
113
110
134
117
119
116
102
124
106
117
124
105
116
114
92
125
126
110
119
123
116
127
115
114
121
102
126
122
109
127
113
113
130
111
117
109
100
119
108
118
129
120
127
128
117
145
127
121
133
114
120
125
108
126
112
111
127
109
135
131
119
129
120
115
138
113
127
126
112
127
116
116
126
106
123
117
103
130
109
110
128
104
116
124
108
128
118
116
127
103
119
114
102
120
104
105
132
104
120
124
112
127
121
119
130
113
126
124
107
130
110
109
119
99
111
123
102
122
106
106
120
94
121
117
102
125
109
112
134
105
118
119
101
124
113
112
124
99
118
116
100
123
104
101
117
94
113
117
98
114
100
101
113
97
111
114
101
119
106
109
131
98
110
110
85
118
108
105
119
96
110
112
102
127
104
103
121
96
114
118
98
118
104
101
110
99
108
109
95
123
99
102
123
92
118
112
95
116
106
100
112
90
109
103
98
113
95
94
110
88
110
113
95
121
108
111
124
112
117
113
99
111
96
105
116
94
111
106
91
110
105
98
110
90
112
112
101
120
104
107
114
91
117
114
95
118
101
105
111
95
108
104
91
115
97
113
115
93
113
109
99
115
102
101
110
86
106
105
104
114
99
105
111
101
126
121
108
123
108
108
119
99
111
108
95
118
101
116
120
99
120
112
95
127
104
111
119
95
119
108
105
115
100
106
113
96
118
113
96
119
101
110
117
97
115
108
102
122
104
115
121
96
116
114
96
130
110
115
124
104
124
120
121
130
111
107
113
90
124
110
96
116
103
112
122
104
119
111
98
117
103
112
120
98
118
111
96
121
95
109
114
93
117
111
101
120
104
110
117
91
124
111
99
119
100
105
124
90
112
99
85
114
99
111
118
97
126
121
109
139
116
113
122
99
115
113
97
116
99
108
111
92
126
114
103
121
101
105
124
97
115
116
98
119
101
111
112
89
110
101
87
118
91
97
108
88
110
106
89
118
92
104
111
88
115
98
87
108
87
100
111
90
113
104
93
119
105
109
114
97
110
106
93
122
96
100
110
88
107
108
90
116
94
105
104
89
109
102
94
115
97
103
120
91
118
109
96
111
105
105
110
93
115
108
100
117
91
100
102
86
110
103
93
107
87
100
99
91
113
103
95
121
97
103
127
98
114
102
91
106
98
106
108
88
112
98
93
120
91
106
102
83
108
98
85
109
90
99
98
87
102
91
92
111
83
100
102
84
111
96
91
109
97
99
101
80
103
91
93
113
78
89
90
77
102
97
86
110
88
106
106
96
113
96
88
114
81
101
97
81
105
90
84
98
85
97
104
79
102
90
99
116
82
99
95
79
104
94
81
108
83
96
98
82
105
87
85
108
83
104
101
82
106
95
89
114
86
98
108
77
105
89
99
109
89
99
92
81
122
106
93
116
94
107
113
93
111
96
92
115
91
110
109
83
115
101
84
108
87
102
103
83
111
91
98
112
95
104
109
82
120
111
89
112
88
103
105
85
104
95
82
107
86
104
97
73
106
92
87
113
89
99
105
84
108
100
94
117
99
94
102
78
108
90
86
107
78
102
108
92
110
100
83
113
90
107
101
84
113
100
91
116
91
98
97
87
105
99
95
113
88
103
101
81
112
93
88
109
87
99
110
97
100
87
83
100
78
104
95
88
111
103
95
122
97
101
104
87
108
94
90
108
85
98
95
83
106
92
97
100
82
100
106
80
108
90
94
104
87
104
94
85
103
92
91
108
83
95
98
77
105
97
92
108
92
109
103
87
115
90
84
99
77
94
111
84
112
97
92
110
96
113
102
85
105
88
90
113
82
107
97
79
107
94
90
107
85
100
96
81
103
86
93
112
81
106
112
90
115
97
96
108
93
107
102
85
111
93
99
116
80
101
97
79
105
99
88
105
84
97
96
81
110
89
95
116
85
108
117
91
114
99
90
106
85
106
104
84
117
98
98
117
90
106
105
90
111
101
91
114
84
106
103
86
110
93
95
113
88
106
106
84
113
97
93
121
95
111
109
88
111
94
106
108
86
101
98
77
111
102
88
116
93
111
109
103
119
102
98
111
85
101
105
82
113
105
94
113
94
106
104
89
113
98
102
120
96
107
115
88
119
99
94
114
89
110
107
99
108
96
93
114
92
112
106
89
117
100
97
109
89
100
95
82
105
92
98
115
99
105
109
90
121
108
102
114
94
107
110
94
113
100
94
117
89
115
107
88
118
100
99
113
96
108
108
99
112
107
110
118
93
114
106
101
118
102
99
110
93
107
108
90
109
94
97
105
88
113
99
85
107
93
95
110
91
111
110
92
113
98
108
109
93
114
101
89
114
93
89
108
87
106
109
95
113
98
107
107
85
116
99
85
112
97
99
113
87
108
98
89
117
97
110
114
95
110
111
94
124
100
96
110
91
111
107
93
111
85
94
100
80
104
98
91
115
100
103
122
94
116
107
94
112
94
104
107
89
107
100
83
114
89
97
107
86
109
110
91
109
94
97
106
92
112
101
86
112
92
100
113
80
111
98
84
112
99
97
108
87
112
102
86
116
89
95
101
75
99
102
85
104
91
97
103
90
113
109
92
120
96
100
118
89
110
105
91
113
104
97
109
87
110
103
92
120
95
99
109
88
107
107
95
120
103
103
120
99
112
115
88
117
95
108
118
93
109
101
85
112
102
98
109
86
109
101
90
111
96
100
108
91
111
119
94
119
102
98
107
89
103
100
88
109
92
104
114
89
107
105
88
113
99
94
108
88
108
105
101
105
93
100
102
87
105
108
88
113
98
99
106
97
105
103
89
106
95
105
109
89
102
94
81
99
92
94
103
89
110
105
105
110
102
102
108
89
112
100
84
103
94
101
96
90
102
92
96
102
91
99
105
85
107
99
99
107
98
96
98
83
102
97
93
110
94
98
103
86
113
99
91
109
95
104
105
95
108
101
82
100
84
107
102
86
109
92
92
110
93
102
106
90
109
100
99
105
88
101
97
86
118
98
89
111
94
97
105
87
106
99
86
113
90
113
108
86
106
97
87
120
94
99
105
84
111
98
94
111
83
99
100
82
116
98
84
107
87
94
105
86
112
103
95
116
94
113
112
93
112
106
88
122
91
100
101
82
109
99
95
108
95
108
113
92
120
107
91
110
95
107
120
89
115
101
89
110
95
103
110
89
113
102
92
128
100
99
105
87
113
108
102
112
97
95
107
81
107
97
91
118
98
107
125
98
111
114
94
111
100
103
110
88
114
100
86
120
89
99
104
89
109
113
92
110
91
101
108
91
116
95
93
113
90
99
109
88
106
95
90
107
101
101
106
82
109
99
86
114
93
96
92
76
93
100
75
101
75
95
101
81
103
93
91
106
93
99
107
86
105
104
88
111
99
100
103
88
110
98
93
109
86
93
95
78
97
99
82
106
85
92
95
87
97
87
83
97
79
92
105
74
98
84
77
93
85
89
95
80
94
88
84
98
75
88
98
78
105
100
92
111
91
102
93
90
99
81
80
99
81
96
101
82
102
90
93
107
96
95
99
82
103
91
99
104
83
96
97
78
107
99
90
107
88
95
99
89
107
92
90
107
84
101
97
76
100
84
81
96
81
84
93
76
99
91
93
109
86
99
101
80
109
91
85
101
81
95
99
83
104
90
82
106
83
109
98
83
101
93
92
111
96
99
100
82
100
93
100
110
88
103
101
78
116
96
87
118
91
106
106
92
113
97
86
102
80
108
101
81
108
99
84
107
91
100
107
93
114
101
102
109
87
104
103
82
110
98
87
108
85
105
101
89
108
91
90
112
94
119
106
93
112
101
90
121
98
103
102
90
111
99
98
109
89
104
101
79
110
92
93
108
83
100
107
80
102
93
92
109
87
108
106
86
110
90
94
122
87
100
97
82
101
91
94
105
90
107
105
86
117
95
94
111
93
105
112
93
112
98
89
107
90
115
108
89
117
104
97
122
96
108
107
95
114
110
100
115
100
111
110
92
118
97
93
115
95
112
121
99
119
113
106
123
109
117
113
96
112
101
95
118
92
105
99
87
111
107
98
111
90
105
102
91
120
100
97
111
92
106
115
97
114
102
95
115
97
111
113
97
115
107
105
126
101
116
113
96
112
107
92
110
89
106
100
93
113
98
99
117
96
110
118
91
114
101
98
107
94
106
101
90
112
96
100
116
86
106
102
84
112
105
97
105
90
110
100
95
114
95
97
105
84
100
104
85
111
94
93
103
84
97
94
83
105
86
92
105
79
94
92
76
101
92
91
108
86
103
102
89
107
87
84
103
79
101
96
76
103
86
90
104
89
104
97
82
106
90
100
107
86
103
94
82
105
96
91
109
86
104
98
90
108
95
91
106
81
107
98
83
105
88
87
100
78
88
91
81
99
86
99
106
83
107
103
89
114
98
91
115
86
101
99
87
104
88
89
106
82
112
102
84
108
95
92
110
92
105
103
86
111
94
106
110
86
104
100
83
108
97
92
110
89
107
105
96
106
98
94
108
83
107
99
80
102
88
94
110
85
105
101
91
118
104
111
116
97
107
108
91
119
99
99
114
93
109
108
96
110
101
96
107
90
118
108
96
114
102
101
122
97
114
108
97
114
102
107
109
94
114
104
91
123
99
98
113
92
108
106
96
105
97
96
106
91
119
104
92
116
102
