89
66
82
72
63
93
73
76
89
67
85
91
72
86
75
74
83
63
82
78
66
89
73
73
93
62
71
76
64
77
70
70
78
57
75
77
67
92
73
77
85
66
78
86
67
81
65
65
76
62
82
79
65
87
76
80
95
70
84
84
69
88
80
80
86
66
83
77
69
88
74
79
85
66
84
92
73
93
83
84
89
80
91
88
73
93
74
79
88
65
83
79
67
91
88
84
91
80
98
86
81
94
72
76
83
65
85
86
68
85
70
68
75
74
90
83
74
89
72
79
91
70
90
85
72
89
81
80
85
70
90
79
76
88
72
80
89
69
91
90
81
91
77
78
83
72
84
79
71
84
69
79
93
70
88
83
77
97
82
82
87
66
91
84
81
96
75
87
91
71
91
88
76
94
75
78
85
73
92
85
75
89
75
92
93
73
94
85
74
93
85
87
93
74
94
86
83
91
73
80
85
64
92
85
71
92
77
86
95
82
100
89
85
100
80
95
95
71
90
82
71
98
80
88
93
77
98
86
90
103
79
87
95
72
99
83
78
98
76
82
91
74
95
87
84
99
74
97
95
81
101
92
80
107
83
90
93
68
91
80
76
88
72
78
89
70
98
84
82
102
80
94
104
77
91
83
75
92
71
90
95
75
94
85
72
100
76
91
95
75
100
94
91
106
85
97
94
79
105
89
80
103
78
90
100
73
93
87
81
96
79
96
96
76
100
86
79
104
76
85
97
70
102
95
90
105
84
89
96
74
109
89
82
102
81
87
103
73
100
85
82
99
76
95
97
71
98
87
76
103
80
91
99
75
100
92
82
101
81
90
92
76
105
89
79
95
77
87
96
68
92
81
73
89
75
80
85
66
90
83
79
103
76
90
96
71
92
92
77
96
69
79
85
70
95
85
79
94
73
86
99
70
95
84
76
93
80
86
86
69
92
80
73
95
70
84
91
75
90
93
78
98
75
90
91
76
97
80
75
92
73
87
92
69
88
77
71
98
87
96
93
83
105
92
92
108
78
88
91
69
90
89
76
93
74
83
83
70
93
84
78
96
72
92
95
77
98
79
78
94
80
86
88
69
92
80
77
90
71
80
89
71
93
86
78
99
72
84
87
72
89
74
67
90
74
88
95
74
96
79
76
97
83
91
91
71
91
79
86
100
74
89
94
74
102
84
78
98
74
87
89
76
89
79
77
93
70
92
95
76
96
77
78
93
81
88
92
71
96
79
90
103
69
85
87
71
93
85
78
93
73
88
96
77
97
82
82
106
74
99
95
77
94
80
71
88
72
87
90
68
91
81
87
95
79
92
83
69
100
80
78
97
71
87
94
71
87
74
76
93
74
94
93
72
96
83
79
105
79
91
96
73
93
81
85
91
74
83
84
72
107
94
87
104
82
101
104
88
108
90
89
104
76
94
98
74
106
91
87
110
79
98
94
80
100
84
98
105
85
102
97
77
110
85
84
98
76
95
104
80
97
82
83
102
85
96
95
79
106
81
83
105
74
85
88
73
96
86
94
108
80
94
95
78
107
89
88
96
74
95
103
88
99
85
83
104
80
100
93
87
101
84
84
107
73
91
97
78
98
91
91
105
78
93
91
75
104
83
87
97
72
91
100
68
92
76
75
92
76
90
81
75
94
87
95
108
80
98
100
83
103
94
94
104
77
93
89
76
97
82
82
98
72
85
105
77
107
84
86
98
79
101
84
73
97
83
83
102
75
99
90
81
97
85
91
103
80
95
97
84
102
82
86
100
73
93
99
74
98
68
79
92
83
93
94
77
107
84
96
105
79
97
92
76
106
90
89
106
80
93
94
87
101
82
92
106
77
103
100
82
105
87
91
103
90
104
98
82
106
88
100
111
73
97
93
85
102
92
89
109
77
94
92
85
101
80
87
104
76
105
104
91
111
91
94
104
90
104
98
73
102
80
95
103
79
97
95
82
103
89
91
106
75
102
93
89
103
81
91
103
77
103
97
83
107
89
91
111
82
101
93
84
102
85
103
101
77
94
91
76
102
83
83
97
74
101
95
92
105
91
91
103
77
102
99
76
105
77
83
98
72
96
93
82
103
86
105
105
85
98
94
81
103
82
84
94
82
91
90
78
94
73
75
93
65
99
91
78
99
76
85
99
74
94
90
73
88
72
82
88
62
76
81
69
102
79
83
95
77
91
91
80
95
78
76
90
65
87
82
76
85
73
73
89
68
85
86
72
87
73
79
90
67
86
79
68
95
73
80
84
63
79
91
71
90
90
74
87
67
89
-449
-459
-455
-444
-449
-435
-423
-425
-415
-419
-415
-416
-416
-415
-414
-415
-416
-415
-416
-416
-417
-412
-415
-416
-415
-416
-416
-416
-416
-416
-416
-416
-416
-416
-416
-416
-417
-413
-416
-417
-413
-418
-414
-418
-414
-419
-417
-419
-421
-424
-429
-435
-450
-457
-458
-459
-459
-459
-460
-462
-460
-462
-464
-467
-468
-466
-464
-462
-461
-459
-457
-437
-390
-350
-324
-271
-240
-211
-185
-160
-138
-115
-90
-76
-50
-34
-22
-11
6
17
25
40
41
47
62
63
71
75
81
84
93
93
94
101
97
102
103
116
109
113
116
117
114
117
119
108
110
110
99
101
109
102
100
103
96
94
102
100
94
97
94
93
93
85
77
73
63
61
57
64
59
55
47
51
45
41
33
28
28
25
21
17
21
12
6
2
-2
-11
-11
-14
-19
-26
-32
-35
-24
-35
-43
-52
-51
-61
-57
-54
-67
-72
-79
-79
-81
-79
-83
-79
-80
-81
-81
-79
-72
-79
-77
-78
-84
-90
-84
-86
-81
-83
-88
-82
-77
-80
-75
-77
-73
-79
-70
-68
-70
-72
-67
-67
-61
-52
-58
-49
-55
-47
-48
-41
-40
-44
-31
-34
-28
-34
-16
-29
-20
-17
-23
-15
-6
-8
-12
-12
-10
-13
-2
5
11
11
20
20
31
41
28
36
29
35
29
45
35
38
41
47
45
42
55
47
56
56
54
58
69
72
69
73
73
77
77
83
77
77
82
80
85
87
80
82
87
82
90
104
92
98
91
100
95
102
97
95
105
96
96
96
107
102
109
113
105
111
119
127
125
124
119
123
126
127
123
124
128
124
126
129
132
133
131
136
133
138
130
127
126
130
133
133
144
130
137
134
135
132
140
136
130
127
124
122
128
132
116
120
121
113
119
119
115
107
116
111
112
115
110
115
111
116
114
113
123
117
114
114
104
97
112
93
115
103
100
119
110
115
121
103
117
119
102
124
106
105
125
105
123
120
105
124
111
112
129
120
122
121
108
131
125
113
140
114
125
126
108
126
128
116
120
100
106
116
98
126
103
101
129
112
129
137
112
131
126
110
125
111
115
117
102
127
116
111
129
110
118
122
103
123
125
108
127
108
122
124
107
128
115
106
120
97
110
123
100
117
111
103
125
108
115
121
105
132
120
112
126
103
109
112
90
109
112
101
123
100
113
112
105
120
115
110
123
105
113
119
94
120
108
99
119
105
114
115
102
118
110
109
118
100
105
115
101
117
114
108
126
104
115
114
112
118
115
100
115
101
115
123
100
116
105
95
119
105
113
109
97
113
104
106
117
100
114
120
100
125
119
111
124
109
110
109
105
113
109
105
119
102
123
122
103
126
116
115
128
125
127
125
110
126
119
123
126
105
117
115
105
128
120
114
124
112
123
121
113
128
116
110
123
97
124
118
103
115
96
95
113
98
107
112
95
118
113
121
134
120
131
126
109
139
119
115
128
117
127
131
116
129
115
116
127
110
139
130
120
130
123
118
136
117
123
127
107
133
123
128
136
109
121
118
109
137
122
117
133
116
127
129
116
132
118
119
132
112
128
131
115
130
121
109
137
116
131
130
112
128
120
119
125
104
121
119
104
130
116
110
132
112
127
130
114
130
121
116
129
115
132
129
113
127
113
112
136
112
125
118
100
121
111
114
123
99
108
114
95
128
108
101
110
92
112
112
90
116
103
99
111
92
109
110
90
113
94
87
107
73
92
92
77
98
94
88
101
75
90
92
76
106
79
87
97
76
97
102
80
96
88
86
103
96
104
103
90
118
101
100
120
99
108
115
95
117
113
108
120
99
109
104
84
121
107
110
126
106
116
133
119
124
112
106
117
102
113
109
95
118
107
106
119
98
108
114
101
121
115
105
119
101
121
121
113
124
114
118
121
105
119
125
106
120
110
111
115
111
121
118
106
118
114
112
120
99
108
106
88
115
107
102
111
101
119
116
105
115
101
103
113
93
111
112
92
118
104
107
113
101
113
108
98
117
107
114
120
94
116
108
98
117
110
109
118
104
117
114
110
125
108
114
126
102
124
122
109
130
109
106
112
102
112
110
93
114
95
109
114
93
120
112
104
125
113
113
123
99
112
107
94
119
97
104
116
93
122
113
100
123
105
109
120
103
118
115
98
120
102
118
121
96
114
106
92
126
107
108
122
103
122
126
113
130
113
114
121
100
124
113
98
115
102
105
117
96
116
119
103
123
112
127
129
110
129
127
102
132
114
108
126
104
127
128
116
127
112
111
129
108
132
127
110
134
122
118
132
114
126
122
111
130
121
124
127
107
125
118
101
135
124
121
131
115
126
126
115
133
120
112
122
102
125
120
113
133
124
119
137
116
126
129
119
131
124
125
132
114
129
134
119
140
122
119
129
114
129
138
119
131
119
120
131
119
137
128
117
132
118
125
140
120
127
128
118
133
127
127
130
119
131
128
116
132
111
113
128
112
125
134
123
138
131
137
141
129
137
136
127
143
130
131
141
119
130
129
122
133
128
135
136
122
136
135
124
141
125
129
139
120
136
145
123
138
120
124
128
121
135
130
124
141
128
132
146
119
137
129
124
135
128
125
125
110
130
120
113
129
115
127
136
122
140
143
124
135
122
127
128
120
133
128
121
137
121
125
136
115
135
125
117
139
134
136
139
122
140
135
133
150
126
130
137
114
132
133
119
134
118
123
125
111
133
126
113
132
113
125
126
104
127
119
108
123
114
118
125
109
129
124
114
128
108
114
122
99
117
118
104
125
110
120
124
110
125
118
106
129
113
122
125
103
122
114
104
128
122
117
125
108
131
126
113
129
113
119
125
108
133
127
108
130
115
115
122
103
116
111
104
121
105
121
122
107
132
132
117
137
122
119
124
106
122
114
108
120
104
106
120
102
128
123
108
131
118
117
125
110
120
111
102
119
102
118
121
100
122
112
102
128
116
119
122
105
124
115
115
130
118
118
127
101
122
106
96
118
99
106
120
103
115
113
107
128
111
124
127
107
124
116
101
124
100
106
109
93
117
112
110
120
99
106
111
96
124
112
105
125
111
118
126
109
121
116
104
122
102
118
119
100
122
109
99
123
103
115
121
101
119
113
102
117
101
110
110
96
129
119
108
129
115
123
133
111
125
116
111
126
109
123
124
108
126
113
106
134
112
116
123
104
124
121
110
125
106
117
118
103
133
120
108
126
105
116
128
109
128
118
110
127
107
120
118
102
124
111
106
127
99
110
112
95
122
115
115
132
120
130
136
118
136
124
111
126
108
121
132
109
125
112
109
132
120
128
132
113
133
125
119
138
112
120
124
101
127
124
112
126
108
116
117
104
128
121
110
128
109
120
131
109
130
119
105
120
107
114
116
97
118
109
103
132
106
120
125
108
134
134
122
133
113
122
119
111
127
117
110
131
112
122
133
107
125
112
101
128
119
120
121
102
121
114
114
131
114
116
124
103
124
117
107
128
111
121
118
108
121
115
112
128
109
121
126
103
121
114
105
126
110
118
122
105
128
123
118
131
106
113
117
97
119
113
106
122
105
118
121
115
125
112
106
122
99
123
125
105
121
114
106
120
111
116
121
102
123
117
117
129
110
116
119
99
124
119
110
122
101
116
112
93
115
98
98
115
97
118
118
103
127
115
114
129
117
120
119
104
118
108
115
116
99
114
114
102
128
119
108
122
108
122
118
109
126
112
103
122
102
121
119
102
119
105
97
124
101
119
119
105
121
114
120
127
106
123
118
105
130
112
102
119
97
112
112
105
116
105
108
124
104
123
121
106
124
109
107
123
98
115
111
95
117
108
112
122
99
117
110
92
131
107
107
122
103
121
121
108
118
105
107
123
95
124
112
99
118
102
99
121
95
115
110
94
113
107
105
117
89
116
109
91
131
104
106
121
104
119
125
102
117
101
99
114
92
119
109
96
119
106
105
118
102
116
116
95
123
107
106
123
98
111
108
95
130
110
105
125
97
115
124
97
124
109
109
124
100
118
108
97
121
108
100
124
90
111
108
92
122
113
109
125
104
121
116
110
131
117
111
126
96
117
129
101
120
106
108
119
106
119
115
99
121
110
105
134
108
117
118
102
121
111
114
128
111
122
116
104
126
117
112
132
109
127
134
111
126
117
112
121
108
121
115
97
121
112
112
122
97
118
114
108
126
124
116
130
109
119
116
108
118
103
108
118
90
123
120
103
116
107
106
117
110
119
116
103
122
111
118
125
105
124
117
103
120
116
108
122
103
118
112
103
122
105
110
125
98
116
119
107
116
104
109
118
102
113
114
104
120
110
124
126
103
122
111
100
119
110
104
122
102
122
117
115
125
104
113
118
96
119
119
105
126
107
112
119
100
119
114
104
123
111
126
126
101
122
119
102
126
115
113
122
105
129
118
105
121
102
103
119
96
125
118
106
128
118
120
131
112
139
126
109
124
109
121
125
98
124
114
105
134
117
119
130
113
130
128
117
123
114
112
124
96
129
118
102
131
111
111
126
107
120
120
108
133
115
123
129
104
129
127
110
136
114
110
121
102
117
123
106
126
111
118
135
111
139
133
119
134
121
120
137
113
129
128
113
132
117
126
139
112
126
116
107
132
117
116
130
111
129
137
119
136
122
124
130
109
131
121
109
133
120
114
134
108
122
121
108
130
117
121
125
103
120
123
106
132
116
115
129
110
135
135
120
132
113
111
119
106
128
125
110
130
123
114
139
112
128
125
106
123
115
116
120
100
118
113
102
128
115
116
125
104
128
129
118
132
124
120
123
108
126
119
105
123
108
110
121
98
111
102
98
115
113
113
125
107
131
127
119
142
117
118
122
107
116
118
104
115
100
105
114
98
119
110
100
120
100
110
120
102
122
109
101
117
110
109
116
98
117
107
108
116
96
105
108
94
116
117
96
116
100
107
111
92
112
98
89
110
93
108
113
91
113
101
92
119
110
112
115
96
113
100
106
117
95
102
108
89
114
112
93
120
95
110
105
97
111
100
99
117
102
118
117
93
120
105
94
118
102
113
110
97
110
104
99
112
97
102
114
95
115
104
93
114
94
110
109
102
117
111
102
120
105
120
123
99
121
104
91
117
98
104
109
93
118
109
105
116
101
100
108
87
123
103
100
120
98
104
107
94
109
102
95
117
96
112
114
91
118
105
98
118
100
101
108
88
111
103
96
113
92
101
102
82
120
101
101
116
103
114
119
107
117
110
98
118
97
118
115
94
116
102
94
119
102
105
116
95
119
108
99
116
95
112
108
89
121
99
95
116
95
107
114
95
114
110
100
119
102
124
117
105
121
117
103
123
103
101
109
91
115
105
105
117
99
106
111
96
123
115
100
114
103
103
115
98
119
104
100
114
106
110
111
95
118
107
94
129
103
113
119
96
117
107
105
114
106
113
113
100
119
106
99
119
101
114
120
102
122
106
104
113
105
115
116
92
116
105
99
123
98
108
116
109
124
122
117
120
103
108
111
94
128
114
103
123
104
114
122
107
121
113
108
117
107
115
119
99
118
107
110
123
100
113
112
97
112
113
99
113
96
109
113
97
121
103
102
116
101
114
114
98
114
102
91
120
107
119
117
102
125
111
115
135
116
113
116
96
113
110
98
117
99
111
110
102
123
105
105
116
99
112
124
101
127
113
100
116
103
112
111
101
115
110
106
123
98
104
113
94
129
119
106
126
100
110
106
101
113
98
96
109
96
107
121
91
119
106
105
116
115
119
117
102
117
107
106
126
102
108
116
95
125
109
104
110
99
107
105
96
112
102
100
114
98
114
120
96
118
105
106
113
102
106
113
94
113
98
102
111
91
103
95
93
118
101
95
109
90
102
113
101
113
104
104
120
100
119
117
96
115
100
99
109
101
103
111
89
113
101
106
115
96
107
101
83
109
101
91
109
91
103
103
90
110
86
93
105
82
114
106
92
113
100
98
112
95
106
106
91
117
97
99
106
90
101
98
88
117
110
103
118
89
112
112
103
119
96
96
106
95
112
105
91
110
96
94
117
94
110
109
95
117
96
110
115
103
110
113
94
121
103
100
114
91
111
107
92
110
90
97
107
92
116
110
87
116
92
100
113
81
100
95
83
106
93
102
104
92
107
111
92
130
105
101
111
91
108
110
97
116
104
95
110
90
114
107
88
116
97
100
113
89
106
101
90
111
100
105
108
91
112
106
81
120
91
100
107
90
101
107
88
108
91
94
109
87
116
102
86
113
97
104
119
100
105
112
99
121
113
109
118
97
103
99
83
114
93
101
106
92
109
116
94
122
99
96
109
95
116
109
96
110
97
97
115
89
108
109
91
115
105
103
114
97
112
111
102
125
100
106
117
92
110
118
93
117
96
99
104
100
117
116
101
121
105
111
118
102
111
111
95
115
100
104
108
95
114
109
96
111
97
102
113
93
113
116
96
117
102
108
107
100
109
104
91
114
99
107
118
91
108
100
93
117
108
109
112
100
113
110
95
111
91
98
106
87
113
117
98
122
101
106
110
103
115
115
95
116
95
110
117
98
117
108
98
115
101
104
114
96
109
107
98
111
100
102
115
97
115
115
99
114
103
103
116
100
114
117
104
123
106
115
119
91
117
106
89
115
105
102
111
95
112
108
107
124
102
109
116
102
118
115
95
118
99
97
109
97
109
107
94
118
99
114
111
97
110
111
93
125
108
108
117
99
116
114
103
114
100
104
114
99
117
119
105
122
105
108
119
101
112
109
96
112
93
111
109
88
110
104
93
125
107
108
120
101
117
119
109
120
102
108
108
92
116
107
91
119
96
100
108
89
102
104
91
113
95
115
114
94
115
108
91
127
99
105
109
92
110
106
95
109
88
96
105
86
118
106
93
114
93
101
111
90
103
93
90
106
90
104
106
90
111
105
88
119
94
101
99
79
99
