78
65
87
78
68
90
72
77
92
69
80
73
67
81
73
76
78
55
65
71
64
93
72
84
90
78
97
87
81
91
75
82
82
66
85
80
75
86
71
78
84
70
89
79
79
89
83
84
88
72
86
84
80
100
72
84
87
72
90
87
70
84
73
83
88
76
93
81
79
90
72
81
86
65
83
75
63
77
75
81
80
68
90
73
79
96
67
81
79
69
85
83
73
87
69
81
85
79
93
80
79
95
75
89
94
75
98
80
82
93
81
88
91
78
98
77
84
95
75
85
91
76
98
81
75
88
65
83
80
71
87
73
76
88
73
91
91
72
96
78
81
94
82
89
87
64
83
69
78
93
75
90
89
73
101
81
82
96
66
86
88
82
97
80
84
100
70
96
88
72
97
81
81
98
78
88
93
79
99
85
91
102
74
94
92
71
100
81
74
87
66
80
89
80
93
82
78
95
74
98
89
70
92
75
73
91
70
81
84
65
84
68
70
86
67
80
83
64
92
78
75
89
70
77
82
70
89
78
71
91
69
87
83
64
83
74
71
89
67
78
86
67
87
74
70
81
60
65
75
63
89
77
75
93
75
81
92
75
91
75
74
86
70
93
84
69
87
75
81
101
73
86
90
74
92
81
82
87
74
85
88
70
97
79
75
90
72
85
90
74
87
75
75
81
68
86
81
64
84
75
76
94
68
79
79
69
90
86
82
91
72
86
88
72
98
73
74
83
62
71
80
68
88
74
74
86
72
92
84
76
89
74
75
96
66
85
82
70
85
78
73
80
61
74
78
64
87
74
73
87
67
82
86
64
82
70
64
81
62
74
67
54
70
57
63
88
63
79
83
70
91
82
79
86
60
71
73
68
90
71
75
88
63
75
83
63
81
72
74
86
69
82
78
66
89
65
73
91
62
78
78
61
78
73
71
79
55
74
73
69
85
65
69
79
57
70
79
54
74
61
61
77
69
82
77
64
85
69
70
90
63
75
76
59
85
77
75
86
60
76
78
70
90
68
70
87
61
75
77
57
76
63
65
78
61
76
79
64
86
69
73
88
58
76
75
61
83
76
68
82
56
65
69
62
70
62
57
81
61
83
88
70
90
79
81
92
75
89
85
70
83
67
74
88
66
87
85
70
91
80
77
87
65
76
79
73
88
68
72
85
60
79
78
58
73
69
73
85
69
82
83
65
88
69
82
85
63
80
77
66
83
71
71
80
63
74
80
74
93
80
82
93
71
91
85
68
85
68
71
88
62
75
74
64
84
69
79
81
66
83
83
66
96
74
82
96
69
88
83
75
88
73
76
84
69
94
81
67
89
70
79
95
70
88
83
70
90
72
81
84
63
83
82
69
105
78
88
99
70
87
83
77
91
80
81
86
69
92
82
73
91
71
76
93
69
87
81
72
93
73
78
83
58
82
80
67
95
71
79
87
66
88
81
73
90
74
75
84
66
88
76
63
79
62
71
88
65
81
75
74
91
80
87
91
71
91
86
73
97
68
80
85
65
78
87
69
93
77
84
89
72
98
83
76
98
69
78
96
64
88
79
66
92
77
79
81
59
82
79
71
87
69
79
87
68
85
85
64
85
62
67
72
57
76
71
63
81
64
73
93
66
89
85
72
99
78
80
80
61
75
72
68
89
67
74
81
62
76
79
61
80
67
77
79
69
83
74
64
85
66
71
84
59
78
72
63
80
73
73
78
56
72
73
69
88
69
73
83
58
78
68
63
80
69
76
81
72
90
85
73
91
69
76
87
63
78
77
65
84
80
76
86
65
84
82
74
89
61
71
85
62
81
79
62
75
60
69
77
64
79
72
61
81
57
74
79
58
73
71
63
82
74
79
81
57
69
64
65
81
65
80
79
72
98
84
75
90
76
79
84
59
77
73
64
86
65
79
74
64
83
80
69
88
78
77
85
73
87
73
78
91
67
80
83
68
91
80
57
75
61
72
84
69
85
74
68
87
65
82
77
59
70
70
50
74
61
65
76
51
76
65
70
88
71
81
78
58
82
68
61
78
59
70
87
70
83
75
72
83
66
71
79
59
81
78
66
92
70
80
84
63
82
74
73
86
66
78
82
61
92
78
67
84
62
72
84
62
73
67
58
71
59
73
77
57
77
73
66
95
68
80
84
66
76
70
64
82
63
70
77
53
83
73
63
82
60
65
76
60
73
69
61
84
67
75
74
50
70
67
62
80
62
70
76
58
77
75
61
80
81
74
56
83
74
-398
-411
-454
-452
-447
-434
-436
-418
-419
-415
-415
-417
-412
-416
-416
-415
-415
-415
-415
-416
-415
-416
-416
-415
-415
-415
-415
-416
-415
-416
-416
-416
-416
-416
-416
-417
-413
-416
-417
-412
-417
-414
-418
-414
-419
-415
-421
-418
-421
-424
-430
-437
-451
-457
-458
-458
-460
-460
-461
-460
-461
-462
-463
-466
-467
-465
-462
-462
-459
-459
-458
-438
-393
-355
-299
-268
-241
-204
-182
-148
-129
-104
-92
-75
-56
-40
-25
-12
-7
1
13
32
36
51
52
62
63
69
81
83
89
89
94
93
95
93
105
99
96
95
97
97
107
107
103
101
98
99
99
112
104
105
106
102
102
111
103
96
91
90
83
84
81
76
75
75
64
59
65
61
55
55
51
40
52
38
31
30
23
24
18
24
9
5
1
0
-3
-4
-15
-22
-30
-29
-32
-29
-40
-42
-50
-51
-55
-65
-64
-63
-67
-81
-83
-83
-81
-84
-81
-86
-81
-79
-76
-71
-80
-84
-91
-95
-91
-88
-85
-84
-81
-83
-81
-71
-84
-86
-81
-78
-76
-77
-70
-67
-67
-66
-67
-67
-54
-61
-55
-53
-56
-53
-44
-43
-48
-49
-45
-39
-32
-24
-24
-26
-23
-23
-20
-12
-18
-23
-18
-12
-7
-4
-1
3
6
12
13
12
23
17
25
27
30
24
40
36
38
42
39
44
48
54
51
54
54
56
58
65
66
66
68
70
72
75
70
72
76
78
75
78
83
83
83
85
87
81
94
95
96
89
91
90
98
96
91
98
94
103
104
114
112
107
105
113
111
112
106
108
117
111
108
116
113
110
114
119
118
118
127
129
130
128
128
127
133
134
134
135
130
134
136
141
127
126
122
131
130
140
132
134
137
132
133
133
138
127
128
131
125
120
120
120
118
115
120
112
126
124
124
119
120
115
119
124
113
108
114
106
110
123
96
115
110
103
118
103
105
110
96
113
112
102
120
105
108
119
103
119
120
106
120
104
105
114
106
118
113
92
113
100
108
127
96
113
107
97
113
110
109
114
100
114
120
102
124
110
116
131
107
117
119
95
118
109
106
117
108
123
120
103
122
109
114
126
98
117
114
104
123
118
102
116
95
119
118
110
129
112
112
124
105
122
121
102
120
110
113
120
107
121
118
97
113
94
107
117
97
116
114
105
128
126
119
130
110
120
119
112
126
110
116
124
110
124
120
105
127
116
120
125
113
124
124
111
132
120
126
133
115
127
122
105
122
116
110
121
98
117
118
116
123
109
116
122
110
129
126
106
124
102
106
116
101
119
119
110
127
110
121
126
108
126
123
102
131
117
114
125
105
120
120
117
123
111
114
118
106
126
117
100
117
108
113
123
109
119
118
104
119
106
115
117
96
117
113
97
124
112
115
115
95
115
103
112
124
102
105
118
97
126
125
111
124
113
120
131
116
128
129
110
121
105
112
117
100
124
121
108
135
116
115
121
104
119
121
113
129
120
114
123
108
139
123
107
121
109
115
131
109
120
119
109
129
120
123
124
102
123
114
104
128
109
111
112
94
110
111
110
123
105
114
117
101
136
128
118
129
119
111
128
114
118
117
102
126
105
117
116
100
120
119
103
129
114
117
123
103
119
121
105
124
103
111
117
108
131
124
107
118
105
113
134
114
128
124
114
126
117
124
121
102
116
117
106
130
112
114
126
103
123
121
105
125
109
114
116
105
124
116
103
121
105
107
125
102
121
111
105
122
118
120
118
101
116
117
107
130
108
115
114
97
117
114
102
120
104
110
110
98
116
110
98
114
92
103
115
91
119
99
92
113
108
111
116
102
119
108
106
128
102
107
110
94
112
107
95
112
100
103
108
101
118
108
102
118
94
105
112
91
107
100
89
109
103
99
105
84
103
95
97
118
93
107
105
94
115
114
98
118
94
106
105
89
113
97
88
108
85
99
100
92
115
104
91
119
109
106
113
90
106
97
99
111
92
103
107
92
120
106
91
114
93
110
107
98
108
97
92
114
93
104
101
81
106
98
81
104
92
95
98
74
95
83
89
103
79
88
96
75
101
93
77
96
74
91
91
87
101
92
94
113
90
105
105
83
111
96
88
109
94
105
109
91
111
98
98
112
101
101
108
92
124
109
99
114
103
106
117
103
116
108
103
121
100
120
122
98
121
112
101
122
108
115
121
104
112
106
104
119
102
111
117
100
131
123
115
133
114
124
131
120
122
114
104
122
99
115
114
99
123
113
109
129
114
119
126
110
125
119
112
127
110
121
120
102
128
120
106
122
104
112
122
105
121
115
114
125
106
125
122
107
121
111
98
125
102
114
116
101
122
115
113
125
110
125
122
106
135
118
107
126
108
119
126
106
124
114
112
128
112
119
122
105
120
115
120
114
122
127
107
130
125
118
127
109
116
122
105
134
121
112
128
107
115
126
106
125
116
112
123
113
117
119
102
121
107
111
137
115
126
129
116
128
125
108
121
107
119
119
101
128
119
110
127
106
121
127
106
124
116
108
126
110
120
117
102
121
109
106
124
103
114
112
98
118
120
110
123
105
115
118
100
124
110
105
116
93
108
112
92
116
108
106
123
110
122
121
109
127
111
107
126
98
111
113
103
122
119
107
123
102
116
116
106
124
115
113
126
106
119
125
106
126
115
109
127
115
120
119
101
119
107
112
128
111
121
124
106
126
125
115
129
108
115
116
106
121
109
110
124
107
122
126
103
128
122
111
123
109
119
118
103
123
108
116
128
112
122
121
108
129
123
109
124
105
120
124
118
131
123
113
128
109
124
126
108
129
123
117
127
116
125
127
108
129
119
120
133
115
121
121
105
131
127
117
132
116
124
127
119
133
128
128
140
116
129
125
104
125
114
114
130
118
126
127
113
132
126
130
138
116
124
121
111
137
127
119
130
110
116
122
115
128
123
121
136
118
136
133
115
130
127
121
142
123
129
133
115
125
111
118
126
108
129
131
121
147
135
133
146
123
130
133
126
134
125
120
132
115
136
128
118
131
125
120
139
120
134
135
119
136
127
132
140
119
133
132
117
143
128
126
133
113
124
130
123
135
125
123
135
119
139
135
120
134
119
117
136
116
130
130
118
134
129
136
143
127
138
141
123
148
130
130
144
124
141
147
130
145
131
133
145
128
147
137
122
138
126
128
153
124
142
142
131
149
140
138
145
122
139
139
126
152
134
136
147
119
132
140
124
136
130
129
140
121
141
138
125
148
134
135
159
130
147
147
128
148
138
133
142
117
139
141
126
152
136
139
148
126
139
148
124
141
129
130
145
126
141
135
117
131
121
122
142
117
131
136
120
137
134
133
146
118
134
138
129
147
131
131
142
118
131
140
116
142
132
134
148
132
149
148
133
152
134
135
151
120
137
142
124
148
143
137
143
125
139
144
132
152
135
140
149
126
141
148
126
141
130
131
139
133
143
141
124
139
126
130
151
124
137
139
130
150
138
138
149
123
133
129
127
142
127
127
140
121
134
137
123
131
128
127
128
122
129
124
111
135
119
122
134
114
132
128
115
132
132
125
133
111
127
127
123
138
127
123
136
118
140
136
124
135
126
125
135
123
138
135
125
133
118
127
126
108
126
121
108
131
133
132
143
123
136
136
137
146
132
135
139
118
137
129
117
128
120
121
129
120
134
131
121
137
121
130
132
111
127
125
109
136
123
120
128
104
122
114
115
129
113
118
125
110
137
127
112
131
113
113
126
107
126
118
106
125
107
121
125
104
132
133
116
147
127
132
139
117
132
126
118
134
120
121
129
114
141
131
117
133
116
127
142
120
135
130
124
138
125
130
140
112
131
127
110
141
121
123
127
103
125
122
113
131
121
119
129
105
131
118
110
130
107
114
129
112
129
124
112
137
125
128
136
109
129
126
108
133
110
117
129
112
126
134
116
130
114
118
125
105
140
126
108
129
113
118
134
114
130
131
117
137
133
134
138
113
131
126
109
134
117
120
128
107
118
117
98
122
103
113
122
102
133
129
118
130
120
120
137
115
129
124
108
131
120
118
121
102
122
124
117
135
118
121
131
115
128
135
115
133
118
122
126
118
134
128
118
129
116
119
137
117
136
131
114
138
132
136
137
118
130
123
118
133
114
120
126
106
127
129
122
132
125
128
134
125
135
135
121
130
116
113
131
109
128
121
113
129
129
122
128
112
124
119
118
134
116
119
128
114
134
133
120
131
118
125
127
116
130
128
118
134
114
125
125
111
130
119
109
127
120
122
126
104
117
113
113
137
117
128
138
124
146
134
120
131
116
127
129
118
130
121
117
132
116
133
129
112
132
126
113
123
117
123
126
104
126
113
123
145
116
126
127
112
133
126
113
131
110
120
123
110
131
117
112
132
106
122
114
98
120
113
104
128
116
121
124
110
136
128
130
138
115
118
114
102
134
123
105
128
105
120
127
110
131
116
111
131
115
131
128
104
128
114
108
132
116
123
127
106
126
109
112
129
116
117
126
106
142
135
119
131
108
116
119
100
119
108
102
124
106
121
122
100
128
122
112
138
116
124
125
108
123
119
114
126
105
118
125
104
138
122
110
128
104
115
133
119
130
127
117
138
123
131
135
112
133
124
116
140
122
125
132
117
125
120
115
132
116
124
125
102
136
118
109
131
116
116
132
122
126
119
111
129
115
124
122
105
121
112
106
129
109
117
125
109
128
126
111
125
103
115
117
100
129
117
113
121
102
110
123
95
122
105
100
121
108
122
119
107
119
113
109
125
108
116
123
105
119
111
102
113
101
111
114
102
129
119
110
126
106
115
125
98
124
107
103
114
107
125
113
93
118
104
103
128
101
116
114
98
123
113
111
117
103
117
113
100
122
110
106
120
96
110
117
100
125
105
105
115
106
112
112
95
124
95
107
113
82
109
102
92
115
102
94
113
91
116
111
98
120
101
103
115
90
113
111
91
112
99
96
105
96
111
106
87
116
92
105
115
88
106
103
89
112
103
97
116
88
105
104
91
116
95
104
115
92
111
109
86
118
102
96
115
97
110
112
89
118
103
111
119
102
115
120
102
129
117
94
116
85
108
105
100
120
101
107
117
96
117
123
92
125
106
103
117
105
119
117
97
118
102
108
125
105
118
124
104
133
122
109
122
102
116
116
107
120
106
106
118
103
112
115
91
122
106
112
123
112
121
124
109
132
127
127
134
116
119
120
99
132
117
116
123
113
115
125
110
123
114
111
128
115
131
131
112
128
113
112
123
107
117
120
98
116
106
110
115
100
117
111
103
126
108
108
118
103
107
112
89
114
100
102
118
101
126
118
99
121
113
112
124
106
118
118
101
119
106
120
117
100
118
116
103
133
119
105
120
101
119
125
110
128
111
115
123
110
129
124
109
125
112
114
129
107
122
119
103
122
104
112
112
94
108
109
96
118
102
103
114
102
113
123
108
129
115
115
121
108
121
113
97
119
101
105
121
96
114
112
101
120
109
119
121
103
113
112
96
124
106
115
124
100
115
115
94
118
101
105
112
103
118
114
98
123
100
108
121
93
115
110
93
116
96
99
105
84
113
110
95
128
104
111
119
99
117
116
93
114
98
98
103
99
115
113
92
118
93
105
120
90
111
107
93
113
106
102
113
90
115
107
95
125
99
106
112
90
108
105
89
120
99
100
113
98
111
112
90
116
95
106
111
88
107
109
94
122
110
105
115
97
113
114
104
117
98
108
114
97
115
123
95
127
104
107
114
102
112
110
94
117
100
108
120
98
112
114
93
124
112
110
119
100
110
108
102
113
99
104
114
101
113
112
89
113
92
100
100
92
112
112
99
116
103
113
118
99
113
114
97
119
102
100
103
89
104
104
104
109
99
102
110
96
117
111
94
118
102
107
110
106
111
115
98
114
97
106
110
94
114
106
104
118
109
107
105
93
114
107
101
111
95
101
101
82
111
94
95
111
97
112
112
102
115
112
98
117
103
119
114
97
109
100
92
121
102
101
105
89
108
102
97
112
91
107
106
93
129
110
100
115
99
104
112
97
110
110
100
117
93
116
111
95
114
106
92
125
98
103
108
89
120
99
97
107
87
107
107
97
122
112
101
113
95
103
109
84
109
100
92
121
91
112
103
86
104
98
84
122
92
105
104
83
108
96
87
111
94
105
103
88
115
99
87
114
90
107
115
87
112
99
91
114
96
101
104
85
106
98
87
124
95
114
110
97
121
120
102
118
100
102
111
88
114
97
81
107
84
98
109
88
111
99
90
112
93
101
104
83
105
97
82
114
83
100
100
84
103
108
87
109
90
102
107
93
121
100
96
118
97
101
116
94
109
99
90
112
104
102
110
90
116
114
102
127
103
113
117
97
110
118
95
118
98
102
105
93
120
107
98
110
99
101
111
95
114
109
97
119
106
107
113
96
108
106
102
118
97
109
114
97
109
112
94
121
100
110
110
109
114
106
98
116
100
112
120
101
117
115
104
127
114
118
113
96
110
99
103
116
99
109
114
96
113
113
98
117
98
108
107
102
113
103
94
114
93
109
108
91
115
101
99
110
104
106
108
97
113
104
102
112
93
108
109
93
118
98
88
107
85
109
102
95
114
104
100
120
101
124
111
90
112
97
98
115
102
99
107
88
110
96
102
115
98
109
110
98
124
105
102
117
94
110
109
99
117
103
99
114
90
116
105
89
110
106
102
119
101
112
110
95
121
106
103
114
86
108
106
87
119
104
94
121
94
111
111
99
118
103
95
116
86
116
106
90
115
101
93
128
97
102
105
86
108
93
99
103
87
106
104
85
116
97
92
113
90
103
107
85
109
94
92
111
84
104
101
81
108
93
90
114
82
98
90
86
113
101
99
113
94
107
108
90
123
104
90
108
82
93
107
84
110
102
96
111
93
110
108
89
111
95
96
117
91
107
107
90
107
101
91
106
89
106
103
88
117
94
97
112
91
105
110
86
108
94
91
