70
89
84
81
77
62
82
78
76
94
64
79
84
63
86
82
69
84
64
70
72
62
70
68
63
82
66
83
89
75
93
79
75
92
79
82
91
65
83
75
77
92
69
80
81
73
88
76
66
82
68
79
87
73
93
83
75
95
73
89
82
65
84
75
74
91
76
82
87
65
84
77
90
90
69
78
80
62
85
74
60
73
60
65
81
71
90
78
72
82
57
75
67
54
75
69
64
84
68
79
81
63
81
69
81
86
66
67
76
64
90
74
69
77
64
77
82
70
86
67
74
82
69
88
79
62
81
72
67
88
68
84
75
55
67
64
70
80
66
79
82
64
92
79
81
89
66
79
81
63
77
65
60
74
59
72
69
55
78
68
68
88
59
77
79
67
86
73
73
79
63
67
71
53
83
62
61
77
54
67
79
61
74
70
72
84
66
81
75
50
71
57
54
78
54
67
73
54
71
73
67
90
68
86
84
62
84
68
67
78
57
69
79
61
79
69
67
83
63
74
74
54
81
72
71
89
66
75
77
59
80
81
71
84
65
78
76
62
86
69
75
80
62
70
92
69
93
78
71
83
74
86
88
68
92
84
85
106
76
88
96
65
93
85
73
89
72
85
83
74
94
80
78
90
75
81
91
68
92
72
73
83
81
81
83
65
82
76
77
92
66
78
83
64
90
84
78
83
71
77
78
74
84
74
71
83
57
69
82
64
84
76
77
87
84
90
95
72
85
74
79
88
66
82
82
69
83
77
79
79
71
85
87
78
93
78
80
89
70
87
82
73
90
78
73
85
76
81
83
64
82
72
91
90
72
86
83
74
95
84
85
88
71
84
82
71
84
69
81
84
68
93
80
74
91
79
72
83
72
86
83
69
88
71
87
86
68
77
79
64
90
74
74
81
63
77
83
77
95
72
85
89
75
94
86
70
93
76
79
86
76
92
85
67
78
66
86
86
72
79
78
62
93
75
80
87
66
86
88
79
99
77
82
90
66
82
74
58
83
67
78
87
70
89
88
73
94
76
89
98
73
88
90
70
103
73
86
84
66
85
91
77
92
78
84
89
75
102
87
70
96
72
83
96
70
91
91
66
81
68
76
84
68
90
82
72
106
81
91
95
73
85
95
71
90
70
73
84
67
94
86
67
90
79
83
93
72
86
88
72
96
76
81
90
68
89
82
71
98
79
79
86
67
81
91
71
92
73
79
90
72
88
81
67
86
64
72
89
67
81
88
66
90
79
79
86
75
89
80
65
84
66
65
77
51
68
86
62
83
65
73
81
73
84
79
67
83
72
77
93
70
82
86
70
91
80
79
80
71
82
82
69
95
81
80
87
61
72
84
65
84
67
69
72
67
78
78
63
82
71
83
94
72
88
83
70
85
74
71
75
68
86
83
74
91
77
81
90
70
86
86
73
87
71
70
78
73
83
76
64
79
66
80
82
64
78
68
67
83
82
85
77
64
78
73
67
77
62
66
67
53
59
63
55
79
69
73
81
74
90
80
68
83
59
73
72
57
70
70
62
79
69
66
70
52
72
72
72
88
62
74
79
65
90
78
68
88
69
76
79
70
85
70
63
73
62
81
85
69
81
76
65
88
77
80
80
60
76
70
68
85
66
77
85
64
87
82
66
96
65
79
74
65
82
72
64
85
63
79
79
66
84
77
64
89
65
73
79
56
79
78
73
82
64
73
79
64
96
78
66
91
70
78
83
69
87
78
69
87
65
78
78
64
86
67
63
91
79
79
86
71
90
88
83
98
76
86
90
68
98
80
65
89
76
79
94
73
89
89
78
98
69
88
89
69
96
81
73
101
66
79
85
68
85
87
78
94
75
82
89
71
97
81
72
88
74
78
89
63
77
76
63
75
64
73
76
60
82
79
71
101
77
85
89
69
83
83
69
87
69
78
83
67
86
77
66
82
72
83
95
72
87
82
67
90
77
84
80
68
85
80
68
96
67
83
84
64
81
84
77
93
74
84
86
78
96
82
79
89
73
78
91
68
81
77
75
88
79
87
83
73
90
82
71
98
67
77
86
72
89
85
76
92
73
86
85
72
89
76
67
86
67
81
88
68
87
77
73
91
83
88
85
70
88
77
75
92
69
87
78
64
81
75
68
84
66
76
76
66
82
72
69
83
64
82
89
68
90
80
72
87
74
75
76
61
82
76
75
92
67
82
84
66
88
82
72
88
68
79
81
74
90
75
67
85
57
76
81
62
80
72
65
85
77
83
85
64
88
74
76
89
62
73
83
59
69
70
58
75
62
72
81
75
94
82
74
97
65
82
80
58
74
64
58
76
67
77
77
58
78
73
70
91
75
82
68
139
-451
-460
-453
-447
-448
-429
-425
-424
-415
-420
-414
-416
-417
-413
-416
-416
-415
-416
-415
-416
-416
-417
-414
-418
-413
-417
-413
-416
-416
-416
-416
-416
-415
-416
-416
-416
-417
-413
-417
-415
-417
-415
-419
-415
-419
-416
-421
-419
-421
-425
-430
-437
-451
-458
-458
-458
-459
-459
-460
-460
-461
-462
-464
-466
-468
-466
-464
-462
-461
-459
-458
-453
-405
-363
-322
-290
-246
-220
-200
-174
-147
-134
-108
-82
-70
-51
-32
-25
-6
8
19
26
35
38
46
56
57
58
58
67
76
84
87
90
93
94
94
99
102
91
100
93
96
96
101
100
98
98
92
91
96
94
91
97
90
92
93
99
88
90
80
79
76
82
76
67
64
61
47
43
46
29
40
35
30
33
32
27
25
21
19
10
12
7
-5
-9
-12
-16
-16
-14
-25
-31
-34
-34
-34
-29
-44
-48
-52
-49
-55
-59
-54
-63
-67
-74
-76
-81
-73
-80
-81
-82
-83
-86
-78
-82
-83
-82
-84
-86
-81
-78
-79
-78
-82
-85
-83
-72
-76
-73
-74
-66
-63
-55
-49
-52
-54
-48
-48
-48
-42
-48
-38
-40
-39
-34
-26
-36
-33
-29
-30
-28
-22
-17
-19
-19
-18
-21
-14
-2
-6
-1
4
8
10
23
24
23
20
27
27
33
36
33
36
42
39
37
49
37
41
48
52
52
56
63
62
66
75
79
81
95
88
89
92
87
89
94
87
84
81
83
93
100
95
99
96
99
98
99
108
102
106
107
109
108
111
106
111
108
107
108
110
121
113
115
117
117
118
125
120
126
125
121
125
131
126
122
121
124
122
118
130
125
119
131
135
136
143
133
146
140
139
138
140
141
131
130
133
132
137
143
136
134
132
129
132
144
137
129
141
137
134
139
133
134
130
125
135
129
134
141
131
134
138
117
138
130
121
131
123
125
135
125
131
129
115
124
111
122
129
112
127
122
113
136
125
122
127
109
129
126
114
127
113
117
128
110
134
125
114
130
119
120
128
114
124
118
102
125
106
126
128
108
124
115
106
129
114
115
121
99
120
117
108
122
103
110
115
96
119
111
99
120
100
104
119
97
115
114
106
123
107
120
124
104
120
114
98
132
109
110
116
93
121
121
108
123
108
120
126
102
134
125
107
130
117
117
132
111
128
121
105
125
104
118
125
106
125
122
107
137
119
121
129
109
126
124
110
125
108
109
123
97
123
110
92
128
116
118
136
113
133
134
118
131
122
114
125
98
120
115
102
134
117
117
120
99
121
129
114
125
112
115
125
108
130
125
105
132
114
115
133
108
127
126
110
126
116
111
129
110
128
119
111
137
117
121
130
109
121
129
108
127
113
116
131
120
135
127
110
130
121
116
130
106
120
121
104
128
124
117
128
107
124
119
108
133
123
119
126
102
120
127
109
133
110
119
130
121
131
130
117
132
121
122
135
113
128
130
115
131
122
115
123
108
122
117
111
132
122
121
134
111
132
138
116
136
121
119
128
119
123
117
106
122
112
122
134
110
126
121
113
133
127
121
125
108
124
120
113
130
116
117
122
98
123
118
115
131
116
116
125
120
129
125
101
128
114
123
125
102
121
110
98
121
106
107
112
95
123
121
115
128
116
125
131
114
132
124
110
125
106
110
122
108
125
116
102
123
103
122
126
104
124
113
112
134
126
122
125
103
131
122
117
133
116
125
128
108
126
115
110
133
116
119
131
115
134
124
111
127
101
121
118
103
114
120
110
140
123
122
127
102
124
122
118
129
111
119
118
101
132
120
104
138
114
113
124
104
125
115
103
111
103
123
128
112
129
124
110
143
119
123
125
105
131
125
119
130
112
116
128
104
129
117
96
123
102
108
113
97
116
110
104
129
119
125
133
115
132
120
108
139
116
120
116
100
124
126
119
133
118
118
130
113
138
125
107
134
114
120
133
112
128
129
119
127
111
119
127
105
128
109
108
135
113
123
127
108
123
123
111
124
107
111
125
99
130
115
105
125
115
120
136
118
130
137
125
137
124
125
126
103
129
117
108
132
117
119
124
99
117
125
111
135
110
120
129
116
134
125
116
129
115
121
136
112
126
118
111
128
113
118
117
103
132
123
112
130
119
116
120
94
118
116
99
121
104
116
120
111
127
120
114
126
112
118
131
109
122
112
108
126
114
121
117
103
120
111
102
125
102
115
122
99
120
114
101
123
106
113
117
110
125
117
103
128
106
119
128
105
124
111
106
125
111
110
112
97
119
108
111
124
105
120
124
103
129
126
116
129
119
115
121
109
123
108
99
118
95
117
125
99
121
107
108
123
112
119
121
97
130
126
128
130
105
118
119
100
114
114
106
129
113
117
123
108
122
117
114
131
108
129
130
112
126
116
114
129
119
115
118
97
129
126
129
136
118
130
136
115
137
125
109
132
113
121
127
115
138
127
122
130
113
132
134
113
130
123
114
143
123
133
133
114
137
122
126
140
115
128
135
115
137
124
113
136
114
127
126
114
130
120
118
132
110
123
120
103
125
117
117
145
122
130
135
115
126
119
123
130
111
116
130
113
139
126
113
129
111
126
128
117
135
124
122
132
114
127
131
119
137
132
123
142
120
130
135
118
134
137
131
141
124
128
138
118
142
125
119
131
114
127
132
115
130
130
126
140
131
137
137
117
141
129
129
151
128
132
131
116
126
125
127
138
119
131
136
119
150
136
135
140
126
134
144
127
134
131
133
148
122
135
132
122
137
131
129
150
127
133
142
121
143
134
132
145
119
129
130
120
139
121
120
127
111
126
137
122
137
130
136
148
131
142
131
122
130
124
120
145
122
133
137
117
134
126
129
141
120
130
129
122
136
126
123
138
116
130
140
118
132
120
121
131
121
121
116
103
128
119
116
137
112
134
127
108
128
122
117
127
109
116
123
112
136
124
123
133
110
126
136
118
130
119
118
130
125
130
133
115
133
120
124
133
111
126
127
111
120
118
115
132
117
123
126
118
140
122
123
142
115
131
137
119
136
121
121
136
128
131
128
109
129
116
119
122
102
123
121
113
131
126
117
136
118
129
132
124
136
117
117
121
99
120
127
112
129
119
117
135
122
129
128
109
127
110
122
128
108
121
123
108
128
120
105
128
112
129
130
127
132
120
124
131
113
132
137
121
138
119
116
132
115
123
119
109
123
117
133
144
123
134
143
124
148
131
130
139
117
130
127
119
132
124
123
135
117
135
133
122
136
126
123
136
125
135
133
122
128
121
131
139
115
124
127
112
136
118
116
124
104
129
129
121
126
117
120
129
110
129
119
100
123
106
115
128
118
126
127
112
122
113
128
131
113
121
117
110
136
116
120
124
111
126
128
119
127
114
117
129
109
131
119
102
128
117
117
134
116
129
132
122
133
119
128
136
117
133
130
122
141
121
117
119
106
122
125
111
126
109
118
127
107
136
127
120
133
124
128
134
108
121
116
99
117
102
117
121
103
117
113
105
129
118
125
128
108
124
127
109
129
115
121
128
114
133
121
109
131
118
121
135
112
128
131
118
131
123
126
127
108
124
112
105
130
113
111
118
99
124
132
121
133
123
128
139
126
142
132
116
127
113
112
130
105
126
121
111
126
113
113
119
105
121
117
110
138
115
116
123
97
116
120
106
128
112
113
118
105
120
115
97
124
106
114
132
105
125
116
107
120
111
110
112
102
119
118
114
132
116
122
130
111
126
131
124
134
119
118
127
116
129
127
113
132
118
124
130
112
125
120
114
128
123
114
124
108
130
127
118
130
113
122
124
108
127
130
113
128
116
114
123
116
131
129
113
126
105
120
126
105
122
123
112
136
137
132
135
120
138
130
132
142
119
124
125
103
119
118
108
130
120
119
124
118
131
126
114
125
111
123
126
102
122
122
112
129
118
110
113
93
126
113
114
124
109
112
120
108
124
111
106
125
106
111
116
103
113
102
93
113
101
114
124
108
127
119
111
134
121
117
119
100
117
112
121
122
109
117
123
100
129
120
111
131
117
117
121
113
124
120
114
127
108
121
121
99
119
113
108
131
112
111
111
96
119
111
109
118
95
116
116
97
122
108
98
112
96
110
110
99
117
110
103
119
102
120
115
99
118
108
100
123
106
113
113
93
117
109
104
118
97
112
116
96
128
110
96
118
100
107
117
99
126
114
105
124
104
114
111
99
116
105
100
127
104
109
114
90
121
110
102
118
91
111
110
97
126
113
102
130
111
115
126
106
121
109
100
116
99
114
114
103
123
112
104
129
110
117
126
103
121
118
110
125
104
111
116
96
121
108
96
117
101
112
125
98
119
111
106
121
112
111
122
95
121
106
95
123
94
110
106
91
116
115
105
120
103
114
122
105
124
111
100
111
97
105
113
95
117
112
103
115
105
110
108
96
113
106
104
124
105
113
116
101
120
120
106
122
105
111
115
106
121
110
101
116
100
114
122
103
122
111
102
116
105
112
109
97
121
108
108
130
113
120
121
100
118
116
109
124
104
113
115
112
127
116
108
124
103
120
124
102
119
115
110
122
110
118
118
102
123
111
114
129
112
118
125
108
130
126
115
130
112
118
119
113
133
120
112
121
99
119
117
100
120
109
113
128
123
129
132
117
131
121
119
126
108
118
123
98
119
111
104
121
106
117
122
114
125
115
115
128
109
124
119
99
120
111
109
122
107
113
115
97
121
108
116
123
102
116
119
101
128
117
104
118
99
108
106
100
119
105
97
113
93
120
118
103
124
113
113
125
108
119
116
99
116
103
110
119
103
119
118
102
123
108
103
123
107
117
120
107
122
109
108
123
101
119
112
100
120
107
105
124
99
110
111
94
117
109
115
122
98
113
112
98
125
106
101
116
96
114
118
110
125
119
116
126
104
122
119
103
125
111
109
128
111
121
123
106
123
112
115
122
103
115
114
97
124
105
100
116
97
109
116
95
121
107
107
116
97
119
117
100
122
107
103
124
100
114
110
92
109
101
104
113
94
114
114
94
132
118
118
126
111
121
130
112
128
120
109
118
97
117
112
105
121
108
106
126
107
118
116
99
116
112
110
120
100
111
114
100
126
103
103
115
96
113
122
99
118
109
104
121
106
124
116
103
119
99
99
120
90
112
107
93
119
109
108
119
99
118
112
105
126
107
104
114
88
105
110
90
111
100
104
114
95
111
105
86
118
101
102
123
97
113
112
93
117
101
99
110
89
114
104
96
115
101
101
107
84
108
116
94
118
99
100
109
94
112
104
85
111
97
102
118
98
118
115
94
115
101
95
111
90
108
98
90
116
96
98
109
85
112
111
90
117
94
101
107
95
103
103
85
111
94
106
117
90
112
104
88
117
104
99
110
89
113
100
94
117
97
96
106
81
106
105
86
109
91
102
114
104
116
119
102
124
105
112
114
90
112
102
89
111
96
93
110
85
108
98
92
113
96
100
113
87
112
106
90
112
91
106
114
97
110
106
88
113
99
111
118
94
117
113
94
122
105
102
108
83
109
98
95
112
93
99
103
82
113
106
101
121
101
105
120
101
112
106
93
111
94
108
112
92
116
108
93
124
100
101
111
92
119
108
104
117
102
105
111
88
122
108
94
119
98
98
116
95
117
102
90
111
90
110
111
88
108
103
85
116
93
97
101
82
111
102
92
113
93
109
111
89
119
104
92
115
91
101
112
90
115
105
91
116
96
105
106
90
107
104
90
121
93
99
102
75
107
100
86
112
90
101
107
85
121
100
90
113
89
97
112
88
108
102
82
103
83
97
97
81
101
93
89
122
95
109
110
91
109
113
94
113
95
104
104
84
111
96
76
111
91
101
116
90
112
105
90
109
94
102
100
80
105
92
84
112
86
92
100
78
101
101
90
112
91
98
106
88
118
104
89
112
89
94
105
77
104
92
83
109
92
98
111
92
114
100
95
121
95
106
103
79
103
100
87
110
88
100
99
87
103
92
82
102
81
94
107
76
95
94
86
104
93
99
94
82
104
91
92
111
83
94
98
72
97
95
83
100
80
89
98
80
97
85
78
95
79
89
106
74
107
92
91
100
87
93
94
80
102
87
89
108
87
100
101
79
103
98
88
113
84
95
103
85
102
91
82
100
79
103
100
81
106
93
87
107
91
99
87
79
104
92
93
112
87
103
90
80
96
87
82
103
82
93
100
89
110
97
89
112
86
107
102
81
100
85
88
102
85
92
98
77
104
83
95
108
86
101
97
80
111
93
89
111
83
93
104
87
106
94
87
102
78
105
101
77
106
98
85
115
90
103
100
80
108
86
89
102
69
97
97
79
106
92
90
109
87
102
103
87
109
93
90
107
80
106
102
82
110
98
86
117
87
98
97
72
111
98
100
109
94
108
107
84
116
101
90
113
86
102
105
85
112
98
83
105
88
109
108
93
109
92
86
113
82
97
101
84
109
104
94
110
93
106
104
83
115
91
76
106
82
96
101
81
106
92
85
107
83
102
98
78
102
86
81
112
86
94
99
77
99
97
88
108
82
92
102
80
112
91
86
103
83
100
101
82
102
92
82
98
74
96
96
73
104
87
92
119
96
107
108
91
108
100
92
112
82
101
102
87
109
88
89
100
87
99
108
83
103
94
92
112
93
107
104
91
117
95
93
115
86
100
101
75
102
99
92
109
83
105
100
87
115
97
89
104
81
97
103
76
104
91
89
113
91
107
101
92
115
100
95
118
88
104
105
82
108
100
92
114
88
104
100
93
114
97
90
110
86
107
115
85
111
97
96
108
98
107
97
82
111
93
94
119
89
110
106
83
108
97
94
109
84
100
96
89
109
93
97
113
89
113
109
92
115
100
99
111
93
102
100
83
111
94
101
115
89
108
