104
101
76
103
88
74
100
78
85
92
71
92
85
82
99
77
94
98
71
107
90
85
102
79
91
97
75
94
85
80
100
74
91
92
67
88
85
77
99
76
87
98
73
95
85
82
94
72
77
86
66
98
80
79
91
77
87
96
81
99
83
82
96
77
97
91
77
91
90
80
105
79
92
93
77
90
85
80
91
79
91
92
76
104
87
86
100
77
93
101
77
96
81
82
100
77
100
88
76
98
82
89
106
74
88
87
68
89
87
86
94
77
93
92
76
102
82
85
94
72
82
89
75
94
81
81
93
79
97
89
79
101
79
82
105
76
89
92
79
100
86
85
93
73
96
86
75
103
81
84
100
75
95
96
75
98
77
83
99
76
96
82
67
85
72
75
97
69
95
91
76
108
92
91
104
77
93
92
81
104
81
85
99
69
90
98
70
104
84
87
98
84
101
95
84
109
87
95
113
78
100
96
79
103
93
85
100
70
94
97
76
104
82
83
110
70
96
98
70
95
82
79
96
81
101
95
81
106
86
94
114
83
99
91
82
101
93
86
106
75
96
98
79
102
83
86
103
77
96
100
73
100
86
85
100
80
99
96
81
102
85
90
103
77
94
98
78
105
103
85
105
75
88
90
86
99
80
79
99
76
104
101
78
106
102
88
105
88
102
96
77
95
82
84
97
77
93
96
72
102
90
87
104
75
93
96
84
99
86
87
102
85
99
93
76
96
83
90
101
88
95
100
81
99
86
97
100
86
95
97
70
101
77
80
87
70
81
85
89
100
86
91
102
78
104
98
81
97
82
86
95
77
90
92
89
95
81
86
89
71
89
88
78
103
81
86
96
72
94
91
80
96
75
79
95
73
99
81
72
92
79
90
97
71
91
92
74
91
79
98
85
68
83
81
74
99
82
89
96
73
90
92
82
98
76
88
96
73
108
87
79
101
79
84
104
74
95
91
79
97
76
88
92
70
101
87
77
105
84
90
99
72
95
96
80
105
80
88
99
73
101
86
70
92
76
80
100
64
91
85
73
99
79
95
102
74
98
90
78
111
78
87
91
64
88
87
70
92
78
78
87
73
96
86
75
100
76
84
108
70
92
91
75
99
85
86
102
67
93
90
78
106
77
92
101
73
101
97
76
97
75
80
89
72
89
85
65
90
73
79
100
70
93
96
78
106
87
85
95
70
87
85
71
95
76
79
89
66
82
94
63
80
72
74
88
70
93
82
68
92
71
78
93
64
83
80
67
87
79
72
84
60
79
81
78
96
79
82
93
68
84
88
67
88
67
72
81
70
89
86
74
90
75
76
93
70
84
80
64
88
78
77
89
67
84
75
70
84
71
75
87
65
84
85
67
90
73
81
84
83
88
83
77
92
82
89
97
64
89
84
72
92
84
80
82
65
79
71
75
80
65
71
92
66
89
88
83
91
78
82
85
75
86
81
64
85
68
82
81
67
87
82
71
90
81
88
88
74
89
83
76
91
72
85
89
72
98
77
73
87
68
70
85
74
91
85
74
91
68
89
84
68
85
74
69
91
75
80
79
62
80
80
78
95
79
91
95
75
97
80
74
92
76
81
91
76
92
84
74
92
66
90
86
67
92
82
72
99
77
89
96
70
98
86
90
97
73
85
89
73
101
85
75
92
75
82
90
71
97
76
75
97
72
91
92
67
88
83
73
104
81
96
96
69
92
85
78
98
73
81
89
70
99
83
75
104
77
90
104
70
98
85
85
101
82
95
93
75
94
88
77
110
80
93
101
75
99
90
81
96
75
85
95
76
106
84
72
90
66
72
87
66
81
74
74
91
78
86
96
71
95
94
77
103
73
82
85
68
79
89
73
92
77
81
92
70
98
81
75
97
72
85
96
69
84
82
70
87
75
82
85
65
85
79
70
94
77
84
84
69
86
88
72
86
66
70
72
57
79
74
64
76
66
69
83
70
87
80
71
92
84
83
81
64
81
73
67
86
69
76
84
63
76
78
63
77
65
79
78
72
84
77
72
85
73
83
91
70
88
79
74
91
83
92
85
74
92
79
80
99
76
86
94
76
90
86
83
88
76
86
85
80
95
90
85
103
79
88
95
70
89
73
74
86
79
84
81
67
86
78
73
92
70
84
81
67
87
79
73
87
68
79
81
79
90
81
76
92
71
91
90
71
98
76
78
91
80
82
84
67
84
87
79
90
66
-17
-448
-453
-453
-444
-447
-434
-419
-423
-416
-419
-416
-417
-413
-417
-412
-416
-416
-416
-416
-416
-416
-416
-416
-416
-416
-417
-412
-416
-416
-416
-417
-413
-417
-413
-417
-413
-417
-414
-417
-414
-418
-415
-418
-415
-419
-416
-422
-419
-422
-426
-432
-439
-454
-459
-460
-459
-459
-461
-460
-460
-460
-461
-463
-466
-467
-465
-464
-463
-462
-460
-459
-444
-400
-350
-313
-270
-240
-207
-185
-152
-133
-119
-94
-74
-64
-31
-29
-12
0
8
20
35
41
40
49
50
60
60
75
75
80
85
87
87
95
100
89
99
94
96
95
107
101
97
97
100
98
108
108
104
106
106
98
99
98
89
92
88
90
83
94
87
81
77
82
75
74
68
58
55
47
43
37
41
31
28
22
20
19
20
12
9
4
2
-5
-1
-6
-12
-13
-24
-26
-24
-22
-31
-34
-45
-48
-56
-50
-60
-64
-57
-63
-61
-58
-56
-63
-62
-70
-74
-76
-74
-81
-85
-84
-92
-94
-87
-93
-96
-92
-87
-90
-89
-82
-85
-81
-82
-76
-72
-64
-66
-69
-66
-71
-66
-57
-50
-59
-54
-56
-51
-48
-40
-42
-42
-35
-35
-38
-23
-28
-29
-28
-27
-29
-23
-22
-16
-10
-10
-9
-2
6
6
11
14
21
16
28
24
25
29
29
30
33
37
36
35
42
45
49
58
54
52
54
64
70
77
75
79
78
80
75
81
88
81
82
82
89
84
97
90
93
88
83
86
90
93
90
97
88
91
87
101
92
96
94
103
104
112
112
111
114
110
108
116
114
106
113
114
113
116
125
120
120
117
123
122
128
127
121
123
120
121
120
133
125
115
119
120
122
132
130
132
131
136
128
137
139
134
132
134
132
128
138
133
130
125
118
116
122
121
119
124
122
123
129
138
136
143
130
140
134
132
136
121
120
126
108
132
123
113
123
112
116
128
113
127
130
114
129
124
126
130
112
124
120
110
132
119
116
125
102
115
111
110
118
106
110
120
99
124
120
106
122
113
105
120
97
111
109
101
115
105
116
122
101
121
123
109
134
121
110
121
93
119
110
108
120
109
106
119
104
124
111
96
111
100
107
119
102
113
110
97
114
101
110
117
101
115
111
96
121
105
109
115
98
111
110
105
120
109
105
113
95
122
109
96
118
101
105
122
103
122
123
112
126
111
116
120
99
119
112
100
124
106
113
123
104
122
120
107
123
108
108
118
99
123
111
101
121
100
111
127
100
119
117
104
120
114
120
123
105
124
114
108
130
114
118
121
96
111
112
96
116
104
114
117
104
131
126
114
131
120
113
129
100
115
112
100
119
108
113
118
95
125
116
108
126
111
112
122
103
125
119
107
124
109
117
122
105
126
115
102
120
106
107
130
107
123
116
103
128
120
115
123
102
117
110
104
121
106
110
122
102
124
126
109
133
124
120
128
117
130
124
111
134
121
121
135
114
130
129
114
133
129
122
125
103
125
120
117
135
118
121
134
115
132
137
120
132
123
123
130
123
132
129
115
131
117
118
132
113
123
121
107
126
117
114
127
109
126
124
119
138
124
123
131
118
131
129
110
119
108
117
123
115
128
128
113
129
117
124
127
110
123
122
109
132
127
121
126
105
121
116
120
131
118
120
127
110
134
132
119
128
117
116
127
117
129
123
110
121
108
117
120
106
130
127
112
132
128
128
139
121
133
124
118
132
116
116
123
105
127
121
109
127
109
119
123
112
123
117
114
128
120
128
130
112
125
117
106
129
117
117
117
98
114
105
109
122
108
109
116
93
124
107
99
113
90
102
105
88
109
102
98
117
102
117
116
97
119
113
105
123
104
115
119
100
121
112
108
120
106
112
118
97
124
108
95
115
89
111
116
96
111
101
91
109
89
108
99
78
105
86
81
107
81
92
96
73
96
90
83
104
80
93
99
80
117
94
91
118
94
104
117
96
120
109
100
113
93
113
108
88
118
104
97
122
101
110
115
99
122
115
105
118
98
109
114
96
124
108
97
115
97
105
117
96
118
110
105
129
113
122
125
103
117
110
103
127
102
111
115
93
117
112
102
121
105
114
122
105
131
119
108
128
107
108
126
95
123
107
102
118
107
111
115
91
117
104
102
126
101
108
117
95
121
116
102
114
99
108
114
98
121
107
99
117
96
105
122
96
120
106
99
117
104
113
114
92
115
103
92
121
95
107
109
92
115
109
99
113
97
108
111
94
117
104
95
118
97
107
113
92
116
100
97
113
103
106
108
89
113
98
99
118
97
107
109
94
118
113
105
118
97
109
113
103
118
108
102
117
96
105
107
89
113
99
93
115
100
110
111
96
119
103
108
123
98
113
113
96
115
104
93
116
90
109
109
105
119
106
111
122
112
112
118
98
120
109
105
122
112
116
114
98
118
106
110
122
102
111
115
95
125
112
108
119
99
111
113
100
114
105
100
112
92
114
114
89
121
107
109
125
109
124
118
98
119
104
105
116
99
112
109
93
127
111
106
119
96
110
113
104
119
106
105
118
102
124
120
96
121
103
101
119
103
114
118
97
118
105
110
120
103
117
117
95
134
114
106
122
105
112
116
106
123
110
112
129
111
130
128
106
124
110
105
129
110
116
119
99
128
116
115
128
106
122
120
101
133
117
108
121
99
112
119
106
130
118
110
124
105
122
121
104
119
110
106
129
109
119
121
101
123
110
110
122
101
112
114
95
134
117
113
126
108
124
131
114
133
118
115
123
104
118
117
98
117
108
110
133
107
121
122
99
122
123
120
127
109
121
121
103
137
117
112
128
109
119
128
109
123
109
112
123
110
129
125
105
131
113
113
135
109
114
116
100
121
115
110
124
105
122
127
111
141
125
121
129
116
122
127
102
125
111
114
125
107
126
120
101
129
107
108
129
108
119
124
110
128
127
117
125
107
116
119
107
130
111
111
120
101
112
116
90
127
110
105
120
110
118
118
101
122
102
108
128
109
115
122
97
128
128
117
124
100
116
116
102
122
105
110
118
99
117
124
98
125
106
113
119
107
119
119
106
125
108
104
129
110
120
120
101
122
117
118
125
101
121
119
111
131
115
112
130
109
131
128
101
125
104
109
117
105
122
127
113
135
124
129
136
111
129
126
105
125
114
111
118
101
105
117
110
129
116
114
126
107
126
127
103
125
105
108
121
112
120
121
101
123
104
114
122
100
124
121
107
124
118
117
127
110
120
119
105
125
107
110
121
95
124
119
102
127
109
117
133
119
127
127
107
132
113
122
116
99
117
117
103
128
119
113
122
100
115
115
106
130
112
116
114
102
127
125
104
126
109
108
123
104
120
120
102
124
105
117
120
105
118
121
104
131
114
109
120
95
120
106
101
122
106
117
125
110
132
129
108
123
106
104
125
99
117
115
100
122
111
124
120
105
116
118
101
133
109
116
122
98
121
117
105
122
98
112
119
106
127
123
103
129
107
112
130
110
119
114
101
115
98
110
111
86
111
110
93
130
106
111
118
109
126
124
113
126
115
116
123
96
126
113
94
126
103
115
131
112
125
123
110
124
118
120
129
113
122
122
108
133
113
120
118
101
115
117
102
125
113
116
124
103
126
118
97
129
109
113
122
99
118
112
93
125
109
111
119
96
123
118
106
137
116
120
125
110
122
128
106
126
107
117
125
110
131
128
116
127
113
113
130
111
126
122
107
131
122
120
124
104
122
114
109
135
115
120
125
104
127
127
103
129
111
122
123
113
123
120
107
124
110
115
129
107
118
122
113
133
128
131
130
110
125
119
113
132
119
121
129
110
131
133
116
130
113
120
126
117
127
122
110
131
114
119
130
110
131
126
112
134
124
122
130
116
129
125
115
134
113
117
121
100
124
115
99
124
103
111
118
108
122
121
105
134
116
127
125
102
126
115
103
116
108
111
111
93
117
107
104
127
103
113
119
100
126
123
112
122
105
110
116
102
123
116
99
119
94
115
107
96
117
110
104
125
112
115
122
103
122
118
105
117
94
110
109
93
121
113
97
117
104
118
127
110
124
121
103
122
102
123
112
101
113
112
95
129
115
111
115
95
117
101
103
119
107
113
116
98
123
112
96
121
94
109
115
97
113
105
97
113
96
113
111
96
110
106
92
123
93
105
105
91
115
102
101
116
102
112
117
95
128
115
98
119
93
113
114
95
117
107
104
118
103
120
116
93
112
101
98
124
101
114
114
97
111
110
93
123
105
116
122
102
127
113
112
126
104
114
121
103
120
117
107
123
108
118
113
88
113
100
98
128
113
112
118
108
126
126
108
123
107
121
116
100
128
115
105
123
106
105
129
110
125
117
103
126
108
121
121
102
121
109
107
132
112
117
120
100
120
114
104
124
105
123
120
106
124
115
113
128
117
117
126
98
118
107
101
119
105
118
116
104
120
116
112
137
114
116
124
99
123
120
109
117
100
115
115
107
121
114
104
121
105
112
121
97
120
108
104
124
112
119
120
103
114
112
104
125
100
116
113
99
116
115
102
110
98
110
108
100
116
105
97
117
97
111
120
94
119
114
113
125
120
120
122
99
119
105
105
127
101
115
119
105
124
120
111
121
105
117
122
113
128
123
110
128
111
122
118
102
121
108
107
122
109
109
120
100
125
111
111
124
102
115
112
98
116
108
97
115
86
111
113
105
119
106
105
118
102
127
125
108
120
112
103
118
108
107
111
94
116
99
108
117
103
114
117
99
122
118
105
124
100
111
111
101
120
105
105
116
97
114
110
97
114
105
99
118
102
112
111
102
119
99
110
111
93
106
106
94
121
105
101
118
92
114
113
108
121
112
107
117
101
116
111
90
113
99
95
122
100
113
110
97
108
98
101
115
99
112
117
96
130
110
108
117
98
114
111
105
114
106
104
115
96
115
109
91
119
100
102
116
96
113
103
91
114
104
102
112
92
115
109
98
127
110
104
113
94
106
110
96
111
104
99
118
92
121
109
96
114
99
100
119
93
108
109
92
111
101
102
112
93
116
107
92
126
105
106
120
103
109
119
95
119
100
102
117
96
117
105
92
106
93
95
115
96
106
113
98
124
113
111
124
97
113
111
99
124
108
107
123
95
116
119
91
120
100
102
110
92
114
104
95
111
102
99
120
91
116
115
94
122
105
102
107
99
113
118
103
122
107
103
122
99
117
117
98
117
101
103
109
100
110
109
93
119
106
108
131
107
116
113
98
113
108
106
112
95
110
112
96
118
107
104
117
96
115
113
99
118
109
105
116
104
113
116
101
122
104
104
117
92
114
105
101
118
112
101
114
95
113
112
104
116
101
101
109
95
115
113
98
117
107
103
121
111
119
118
101
122
102
110
116
95
118
117
106
121
124
113
127
99
117
115
112
129
114
115
125
101
115
117
100
120
111
108
121
104
121
116
110
122
111
119
122
102
116
116
100
120
109
100
109
83
104
100
99
113
104
108
113
99
124
126
104
123
106
114
114
99
108
107
93
115
97
103
114
95
117
111
96
124
106
106
114
96
115
111
108
116
104
104
116
94
131
118
100
120
105
113
121
107
120
117
104
122
109
118
119
100
122
107
100
126
106
111
123
107
115
121
113
127
116
117
124
100
128
119
100
120
105
110
124
106
119
117
105
127
105
116
117
100
123
114
104
123
113
121
125
107
122
117
106
119
108
114
124
101
128
116
101
115
106
113
133
110
121
116
101
123
109
118
119
103
122
118
111
135
119
117
121
94
117
114
100
120
106
111
118
101
123
115
101
114
98
103
124
96
115
113
96
117
104
106
111
97
119
110
99
128
107
107
116
95
119
113
102
120
108
110
117
103
122
107
95
115
93
106
120
95
116
114
104
121
113
120
122
98
116
111
94
125
95
107
111
91
114
108
94
114
94
109
111
97
114
107
94
117
96
100
114
93
114
105
94
114
104
103
108
85
114
109
100
121
100
110
116
96
115
116
91
110
95
99
103
92
115
104
91
110
88
106
118
94
115
100
86
104
93
101
102
84
107
96
90
114
90
99
104
82
106
102
85
112
93
101
105
94
116
99
95
115
96
100
110
93
110
104
95
113
104
99
100
82
109
100
99
113
90
94
105
80
107
106
91
117
95
105
106
97
116
107
93
114
90
102
108
85
110
99
91
113
102
105
111
89
110
100
100
111
95
108
110
90
114
102
88
109
92
104
107
100
113
108
99
113
98
107
109
90
116
101
92
114
100
98
102
82
104
95
103
115
95
107
110
91
121
110
100
112
95
104
106
90
109
97
91
112
88
111
105
86
112
101
92
114
100
102
107
91
115
103
103
116
95
103
105
86
118
100
89
109
91
103
105
93
113
98
91
116
92
110
101
82
109
97
88
118
97
105
108
91
117
102
104
116
97
102
105
89
121
103
91
114
91
104
110
93
111
101
94
114
92
111
103
87
115
97
92
123
97
103
111
93
114
100
100
113
99
104
112
88
126
106
93
114
90
100
114
91
113
99
97
111
91
114
110
90
118
105
98
129
105
110
113
88
107
96
96
114
96
107
111
94
127
110
106
122
104
109
122
101
124
114
106
121
104
114
115
93
124
114
107
130
110
118
120
100
124
121
107
121
105
111
113
98
123
105
98
116
96
108
123
101
123
119
112
131
119
125
129
111
125
107
99
123
97
111
116
95
121
111
97
117
102
112
110
98
125
111
109
124
104
112
120
99
118
108
103
117
108
112
110
93
116
105
105
128
109
117
123
105
119
122
103
120
97
107
112
101
123
109
109
122
104
112
124
105
124
109
101
117
105
111
118
98
117
102
105
125
102
115
118
98
114
108
102
116
100
113
115
105
123
109
105
116
101
113
122
99
124
105
104
117
104
112
113
92
117
105
105
118
91
110
108
84
119
113
104
119
98
114
113
107
122
107
105
117
95
114
109
90
117
103
102
118
111
116
117
100
123
102
109
122
98
113
116
94
126
109
99
116
96
112
109
102
122
108
102
126
102
121
119
98
120
108
103
122
108
114
113
92
