74
94
87
71
96
77
81
96
69
90
85
68
93
76
85
86
69
86
88
68
95
76
82
90
70
88
91
73
94
75
78
86
66
86
81
61
80
59
68
80
59
80
76
74
94
82
84
94
77
91
93
73
91
68
81
82
59
74
78
60
83
67
75
82
67
92
81
68
91
71
80
85
64
80
75
67
90
76
77
79
61
86
85
74
90
72
82
84
69
76
81
65
83
63
67
77
59
75
79
64
83
66
76
91
69
95
85
71
101
74
80
86
66
83
74
70
79
65
75
81
66
83
77
63
80
69
80
82
67
87
79
68
91
69
76
88
62
78
79
65
88
72
74
76
57
73
74
70
89
67
74
79
61
77
73
60
81
62
75
70
66
87
82
73
86
68
75
75
59
73
69
59
81
68
75
83
64
82
85
77
93
71
79
85
66
89
66
62
78
64
74
80
67
81
78
65
88
68
80
84
64
87
81
66
93
81
83
81
59
69
67
65
83
54
73
87
67
91
79
73
87
74
80
81
68
84
78
67
87
53
74
77
61
81
77
73
91
72
85
90
68
86
78
72
90
68
81
83
70
94
79
69
83
69
80
88
66
86
83
74
94
70
82
83
63
77
74
61
77
63
68
81
61
79
74
71
93
71
82
84
68
91
81
63
84
63
71
89
67
88
77
67
84
64
79
75
59
80
77
63
85
72
84
87
68
88
75
70
88
68
78
82
66
91
81
69
86
66
74
88
69
87
74
68
88
69
74
79
56
80
76
63
90
71
83
91
69
90
77
67
88
66
82
80
62
90
78
67
89
66
79
83
64
78
71
65
87
70
79
79
57
71
72
65
89
64
80
82
63
81
78
63
84
67
79
82
63
80
75
66
82
58
70
82
62
80
76
66
92
73
84
87
69
92
81
77
88
62
73
79
62
76
77
65
82
63
71
76
59
80
70
69
91
68
73
86
62
71
69
62
77
65
71
66
53
74
70
67
86
63
71
75
67
85
82
69
90
64
79
78
58
77
71
66
80
63
67
76
63
84
70
70
93
73
81
82
63
74
69
68
83
64
76
82
63
81
74
61
72
57
71
78
68
84
78
72
87
68
79
79
58
79
76
66
82
69
81
77
60
71
71
74
90
75
82
86
63
80
73
67
79
64
78
82
70
86
80
76
97
71
89
86
67
92
78
73
82
70
80
80
71
84
74
75
90
64
79
82
68
89
79
70
85
67
84
87
70
84
76
71
88
67
86
81
67
85
77
76
84
69
83
84
67
83
69
69
84
58
70
71
66
87
81
74
89
69
84
85
73
90
77
80
84
61
76
73
61
78
76
71
89
69
85
86
71
92
72
76
81
66
82
81
71
94
80
70
84
60
82
85
72
90
76
77
85
69
80
81
63
87
75
69
88
62
72
76
59
80
63
67
86
68
86
82
69
102
74
72
84
62
72
76
66
75
66
69
81
61
68
70
54
80
71
72
88
61
75
74
67
88
75
74
87
64
75
76
60
85
76
74
77
59
70
80
64
82
70
68
92
65
80
75
57
72
62
66
81
61
76
79
68
86
77
76
87
71
84
78
63
84
72
75
88
67
78
86
66
84
74
73
89
73
88
78
63
79
73
80
94
73
87
89
75
93
82
79
91
71
91
90
71
94
80
82
88
68
79
89
68
86
70
70
86
69
90
87
71
89
76
84
97
73
91
90
71
90
77
73
86
71
92
91
77
92
78
78
90
71
88
93
74
92
78
80
88
70
87
83
71
84
76
79
90
73
83
85
73
94
82
81
90
72
82
81
71
83
72
73
84
61
71
75
61
86
76
80
86
79
87
87
76
86
70
74
86
58
77
79
65
88
74
68
76
61
77
80
73
84
73
80
92
68
89
80
67
82
72
76
82
72
84
79
64
81
66
70
88
67
87
82
77
88
78
83
83
60
74
81
67
82
73
84
90
67
87
80
72
94
82
78
84
66
83
79
66
86
71
84
86
70
87
79
69
88
77
76
84
61
75
84
73
89
73
82
84
72
91
84
68
90
78
80
89
69
86
84
68
88
68
76
82
65
79
74
57
80
72
74
88
65
88
82
72
92
68
75
83
65
83
79
58
83
71
75
88
67
90
84
76
97
74
78
86
68
86
85
66
95
75
77
88
60
74
76
74
87
73
79
90
71
90
85
72
92
75
82
92
67
81
74
67
78
68
65
84
67
90
88
75
104
78
86
95
74
88
86
76
90
74
74
88
67
90
85
70
87
74
84
92
70
85
86
71
89
80
81
89
68
87
81
70
93
73
79
85
67
77
85
72
90
81
80
90
67
89
79
70
85
85
73
86
63
38
-455
-459
-453
-440
-447
-427
-421
-422
-415
-420
-415
-417
-414
-416
-416
-417
-411
-416
-416
-416
-417
-412
-416
-416
-416
-416
-417
-412
-416
-416
-416
-417
-413
-417
-413
-416
-418
-414
-417
-414
-417
-415
-418
-415
-419
-417
-417
-421
-422
-428
-433
-445
-455
-459
-459
-460
-460
-460
-461
-461
-461
-462
-464
-467
-467
-465
-464
-462
-461
-460
-458
-425
-372
-329
-299
-262
-234
-196
-176
-142
-127
-103
-87
-68
-50
-38
-17
-11
-2
5
14
24
39
43
47
52
56
66
67
86
89
85
89
93
97
94
91
94
99
91
93
94
91
93
96
95
99
94
103
100
101
99
98
91
94
85
82
86
73
77
73
77
68
62
52
59
52
53
50
47
45
41
39
34
34
22
20
17
12
7
4
0
-6
-16
-17
-25
-27
-30
-31
-36
-34
-36
-30
-44
-50
-51
-57
-63
-65
-70
-78
-80
-81
-85
-85
-80
-85
-92
-83
-82
-85
-88
-92
-93
-94
-93
-96
-98
-88
-91
-93
-89
-87
-90
-87
-84
-88
-88
-87
-82
-75
-70
-74
-74
-73
-58
-60
-57
-53
-57
-57
-53
-48
-49
-44
-42
-39
-35
-35
-31
-32
-26
-26
-20
-16
-22
-18
-12
-9
-5
-2
4
16
16
14
21
20
24
24
25
23
22
22
27
31
34
33
38
45
44
45
52
51
47
47
48
50
53
60
63
60
59
61
60
65
73
72
79
81
82
85
91
93
90
87
94
91
97
91
96
95
97
89
98
96
91
101
102
108
109
114
116
112
117
121
119
117
116
111
115
114
112
116
120
114
112
113
118
118
123
120
121
120
120
118
120
127
121
123
122
122
123
122
123
124
119
124
123
125
131
130
134
130
129
131
134
132
131
129
124
123
121
117
124
118
125
132
126
131
127
120
136
127
121
132
110
123
122
111
130
119
114
127
111
122
119
110
129
114
109
122
97
119
123
108
126
120
118
135
124
130
128
110
129
119
115
132
116
125
128
110
124
118
112
129
116
120
119
106
129
119
110
129
113
121
129
112
133
120
116
130
115
115
116
90
125
108
106
122
101
114
115
97
119
110
100
118
100
114
116
100
119
105
100
113
96
109
115
94
118
106
104
126
105
115
120
103
123
112
115
126
101
114
112
91
118
104
98
116
99
109
115
106
126
115
117
129
114
120
121
98
119
106
102
125
108
112
116
99
118
109
112
125
99
113
122
101
124
115
108
120
100
115
116
108
124
114
111
123
106
113
117
101
121
116
111
126
109
118
120
102
116
105
106
118
94
116
118
102
125
111
106
119
106
122
126
109
127
117
111
124
105
119
118
106
124
112
110
124
105
115
116
101
118
109
113
121
104
117
119
104
128
112
107
119
103
115
118
106
121
109
110
119
101
119
115
104
121
109
105
119
100
107
112
103
121
104
114
123
104
117
119
106
128
108
103
112
91
112
113
99
116
101
106
121
101
119
111
98
114
104
105
122
104
118
114
97
116
99
106
117
98
112
115
108
126
109
112
125
103
118
122
104
126
111
112
126
103
116
112
100
122
112
114
138
114
126
131
119
136
121
119
128
108
120
118
106
132
118
114
129
105
125
133
123
136
124
125
136
122
134
136
121
138
127
124
140
113
127
129
114
128
122
118
137
113
125
126
108
136
124
120
137
113
129
134
110
124
111
117
129
110
127
118
108
132
121
119
131
108
122
118
107
131
120
114
124
100
120
119
106
133
121
114
126
102
117
124
109
131
117
118
134
118
128
129
113
127
111
117
130
110
125
126
112
128
117
109
121
102
116
116
101
120
99
105
119
97
110
116
98
122
110
111
126
107
114
107
88
109
92
103
110
85
104
107
86
112
95
95
105
79
102
97
85
106
83
88
98
74
93
103
82
106
89
98
108
89
110
105
90
113
97
103
118
94
113
113
98
112
99
96
108
91
118
113
103
125
118
116
133
117
130
131
119
130
115
113
128
112
129
123
108
125
111
124
132
113
130
128
118
134
124
123
131
114
128
129
120
131
119
122
131
112
128
122
109
130
121
121
133
121
131
132
121
132
117
120
126
102
119
120
103
128
120
117
124
108
129
131
123
137
121
119
134
111
128
124
106
126
113
119
130
115
126
118
107
126
104
116
129
109
126
123
118
132
121
123
125
110
130
130
118
129
115
119
126
104
123
119
108
130
117
120
126
104
123
115
104
135
113
124
135
115
131
130
122
143
125
124
130
105
121
123
112
126
109
118
125
111
141
129
116
132
117
123
135
113
131
129
116
133
116
122
130
115
133
133
120
139
129
134
141
114
132
133
121
136
121
124
134
109
129
124
101
128
109
118
134
104
126
134
144
131
133
137
115
130
129
115
139
120
122
133
112
128
135
124
136
122
127
137
120
140
136
119
139
123
126
141
114
134
125
110
130
116
114
127
109
126
125
111
133
115
122
130
111
123
120
113
128
115
110
125
105
125
119
104
128
117
123
137
118
132
131
112
132
123
115
127
104
125
119
108
134
112
123
129
114
124
129
117
137
126
124
129
120
139
131
119
131
115
118
126
106
121
121
108
130
126
117
122
106
127
118
109
127
113
114
124
107
118
119
106
126
108
120
128
109
133
127
114
127
110
119
128
117
128
125
114
134
123
129
130
115
131
127
118
132
123
128
133
115
131
123
111
137
119
126
128
126
132
129
129
134
119
128
141
116
132
128
115
132
121
120
122
108
126
120
117
131
117
121
132
112
138
131
122
140
123
129
126
108
127
115
105
124
102
114
126
104
127
116
113
130
119
134
132
112
128
125
117
132
113
123
126
106
130
121
113
132
117
127
126
113
131
130
122
139
119
133
133
110
136
118
108
131
115
118
121
102
131
128
125
140
122
130
136
120
140
123
109
127
108
121
128
111
131
125
119
135
112
128
134
117
136
128
120
139
120
126
130
112
133
124
117
137
114
124
127
109
133
122
105
138
118
127
137
118
138
127
119
138
117
129
132
119
138
131
123
151
132
139
146
118
138
132
129
141
118
124
133
119
143
134
119
143
120
130
136
116
133
123
121
132
119
123
132
118
133
132
118
137
120
131
136
116
130
132
122
134
121
129
143
118
142
137
118
132
117
128
136
114
137
138
128
147
129
141
143
123
145
137
129
148
122
132
137
119
131
139
130
146
130
139
141
121
148
133
128
139
127
132
142
118
135
136
127
143
126
132
134
121
147
133
128
146
132
138
142
132
143
138
127
139
121
127
130
117
132
123
113
130
119
132
148
126
141
137
129
147
129
142
136
121
134
129
129
141
123
132
135
120
137
128
123
142
123
134
132
131
144
132
132
142
120
132
141
116
137
127
126
137
123
131
127
113
132
127
120
137
116
126
133
112
137
123
122
132
120
132
132
126
141
133
129
142
114
131
129
109
129
122
122
132
122
127
131
117
135
125
122
134
115
127
129
113
134
117
114
129
120
127
129
118
136
127
122
138
117
135
135
116
127
121
122
134
121
125
122
101
134
119
118
132
111
129
129
118
138
127
121
139
123
128
133
116
131
117
113
120
104
122
126
109
130
122
121
144
123
131
135
116
136
126
130
137
116
130
131
113
130
121
110
130
116
126
123
111
135
127
126
140
122
133
138
116
131
121
113
137
117
125
117
109
130
123
129
143
122
134
139
122
138
128
116
131
111
125
124
110
127
118
117
127
108
121
131
116
134
120
121
138
123
134
134
118
132
122
124
136
122
132
140
118
137
128
124
131
123
134
136
122
135
129
124
136
120
127
129
115
135
127
126
142
124
138
139
121
131
130
131
141
121
127
132
118
140
125
124
131
122
130
137
118
127
123
120
132
121
131
131
120
139
129
132
146
130
135
141
130
140
134
133
143
118
132
133
116
139
126
122
127
111
123
126
114
127
120
123
139
127
141
136
122
137
131
129
133
118
127
121
105
127
112
117
134
115
129
130
126
137
127
132
136
113
124
131
116
132
122
125
130
115
124
120
113
131
128
128
140
115
131
136
118
133
121
124
128
109
127
117
108
127
111
110
124
99
126
134
123
142
130
139
138
123
132
126
109
127
116
117
131
107
127
121
108
126
112
118
128
114
124
125
114
133
122
119
133
109
129
131
118
127
114
117
127
113
126
124
109
137
124
123
140
115
132
131
122
135
125
116
126
107
124
125
111
141
123
123
134
110
132
132
119
128
117
116
131
118
129
134
114
131
119
124
125
109
128
130
118
129
124
112
130
116
129
135
118
132
120
121
129
117
129
138
117
133
122
117
133
120
131
126
107
128
113
123
128
111
126
130
118
137
130
122
137
120
138
134
123
133
121
122
124
105
117
127
113
135
124
122
132
116
128
125
111
127
123
127
131
115
126
127
111
132
122
119
128
118
133
129
120
131
129
130
141
122
131
135
119
136
120
117
123
106
122
113
103
122
115
122
131
114
126
122
116
138
123
120
118
104
118
116
109
118
115
115
124
105
126
113
106
127
108
112
122
114
125
121
108
122
110
118
123
106
125
119
116
130
117
118
119
108
124
127
117
132
125
125
131
110
127
108
102
122
109
125
129
120
132
128
113
131
115
129
131
109
125
116
117
133
121
123
124
110
128
130
118
130
114
120
125
106
130
119
113
131
120
121
128
112
129
125
104
130
112
127
128
116
120
116
109
129
111
118
118
99
126
117
100
118
100
121
119
111
131
121
110
127
112
118
123
97
116
105
96
119
99
112
116
103
120
112
101
132
113
118
128
108
125
119
109
119
109
120
126
108
124
112
98
124
109
116
131
107
126
117
112
130
120
118
128
108
122
110
101
126
101
106
111
91
117
111
108
124
107
114
128
106
121
114
94
123
100
111
119
96
117
112
103
119
105
103
118
98
119
114
104
127
105
114
119
102
119
122
105
120
103
105
119
103
116
98
98
117
105
115
122
101
120
112
102
122
113
109
117
102
123
116
113
128
117
124
122
106
117
121
105
122
95
113
114
103
119
113
104
120
106
117
119
101
118
120
110
125
113
112
121
109
127
117
110
125
114
118
124
110
124
122
106
124
106
115
119
107
122
111
101
114
103
115
116
92
118
109
106
120
112
121
121
108
131
126
120
132
123
127
122
104
124
115
116
132
117
126
129
126
130
123
106
127
115
128
131
114
130
122
111
129
114
114
114
106
123
116
115
123
104
119
120
103
131
116
109
123
102
111
115
106
118
106
100
117
97
116
122
108
129
122
118
130
119
120
121
103
123
112
104
118
101
114
119
102
125
110
107
125
106
119
120
107
126
119
111
127
102
118
116
101
115
107
104
124
100
111
112
93
123
111
103
117
100
115
112
98
123
104
95
119
95
114
117
99
122
112
106
119
101
119
118
105
124
111
104
126
102
116
119
103
121
116
109
123
103
117
122
100
122
107
97
123
101
115
121
104
125
113
108
124
103
122
124
103
122
114
110
132
111
115
115
99
117
112
104
119
98
111
118
99
125
115
110
131
114
122
128
108
122
110
103
120
98
104
113
97
117
108
108
126
108
119
121
105
124
119
112
126
105
115
123
107
125
113
108
121
105
117
121
102
122
116
112
127
112
114
118
99
115
102
102
117
93
107
104
87
106
107
100
117
104
118
125
112
129
120
109
118
97
108
114
94
119
107
103
115
100
110
109
97
116
107
106
123
102
116
116
101
116
113
104
120
100
115
115
102
116
102
99
110
98
116
120
101
118
106
101
118
101
113
108
95
117
103
98
114
101
114
112
102
121
112
111
126
106
115
113
103
113
106
107
117
99
115
114
96
118
107
107
122
103
112
110
101
122
113
112
120
94
119
116
104
122
108
101
116
95
117
112
106
124
110
108
121
99
121
118
101
117
103
110
122
107
127
118
108
128
117
121
129
111
120
117
101
121
101
103
117
101
120
120
108
124
114
112
128
107
124
120
103
125
112
118
129
109
119
116
98
127
114
116
126
105
129
122
105
129
112
110
124
102
120
119
102
121
105
104
117
94
128
128
109
123
108
113
132
111
124
126
103
125
107
114
120
97
117
116
98
123
107
103
128
104
119
116
99
125
112
112
126
101
120
119
100
121
109
109
133
110
121
119
97
121
111
114
119
97
119
116
98
128
111
105
117
89
114
109
98
120
110
108
123
98
116
120
102
122
110
106
128
101
116
116
99
118
108
108
120
97
117
116
100
119
109
102
115
101
118
121
101
122
109
111
123
105
119
119
102
123
112
112
126
98
117
116
95
118
112
113
120
99
117
115
98
125
106
111
122
104
123
124
107
124
113
115
119
102
115
106
96
116
103
104
121
99
119
116
104
118
108
107
118
96
116
109
97
118
100
102
111
96
116
117
101
117
105
111
122
105
122
111
99
116
103
104
119
96
114
105
94
114
99
105
116
95
122
117
110
129
118
120
122
100
116
114
97
117
101
109
113
93
114
102
96
117
103
113
119
97
116
113
101
119
101
104
112
94
120
109
103
119
99
103
110
87
120
114
100
120
102
109
116
103
119
108
97
115
96
107
112
89
116
110
97
122
103
110
123
102
123
114
109
120
104
108
117
91
125
113
98
121
102
111
117
97
114
105
94
124
107
117
120
94
124
116
103
129
115
112
119
92
117
108
99
121
102
103
113
90
121
111
97
116
97
104
113
92
117
108
93
122
100
113
120
95
127
114
100
117
97
94
115
86
111
104
95
122
100
105
116
95
119
106
93
118
97
102
118
94
115
104
89
115
100
106
111
90
118
108
94
127
104
99
113
91
119
103
95
115
96
97
104
80
105
95
90
114
99
103
118
93
119
107
101
116
104
109
110
86
106
100
89
115
94
101
106
89
117
106
97
115
99
106
118
98
112
105
94
115
92
100
110
95
110
101
91
