68
86
82
62
82
72
74
86
67
83
77
65
90
70
75
84
59
72
79
58
81
72
67
72
55
76
81
71
89
75
73
88
72
89
91
66
90
67
66
77
67
82
80
65
89
73
77
95
70
85
80
60
86
73
77
94
66
82
82
64
80
68
67
83
63
79
77
61
82
69
68
87
66
80
84
66
88
77
74
79
56
70
69
58
81
73
72
92
70
83
85
69
87
77
71
87
63
82
78
62
81
74
73
92
72
82
84
68
91
75
83
94
72
88
85
70
95
82
80
96
70
80
86
72
90
81
78
92
71
91
87
71
89
83
81
94
61
68
76
59
82
73
78
86
69
83
85
77
98
79
80
88
65
83
86
70
87
74
74
82
63
81
87
71
85
77
74
90
70
86
85
71
91
83
81
88
74
86
83
63
81
68
72
84
64
82
85
65
82
71
76
81
70
81
76
68
80
70
75
86
70
80
85
72
90
86
83
89
68
82
75
65
87
68
73
85
69
82
87
76
89
82
82
92
74
91
85
73
94
78
75
89
67
88
84
77
92
82
81
93
71
91
85
77
94
78
82
86
67
78
77
64
77
64
68
78
65
88
79
76
93
80
89
99
70
94
81
67
90
74
75
84
64
88
76
75
88
74
83
89
70
89
87
71
87
73
80
87
68
82
76
71
91
69
76
82
57
74
77
65
90
77
83
81
59
79
74
65
78
58
62
69
58
80
85
65
91
68
76
84
75
94
89
77
91
72
83
93
65
91
85
73
93
78
83
94
68
87
80
64
87
72
80
87
65
90
78
67
88
71
79
86
71
86
76
72
93
74
81
87
63
82
85
71
91
71
73
79
60
82
80
68
87
72
78
91
69
96
82
72
88
66
77
87
69
86
82
71
95
80
85
90
69
91
82
69
89
73
75
87
68
82
76
63
77
68
76
84
64
88
80
69
90
77
74
86
68
81
80
69
88
68
73
78
56
68
73
64
89
68
75
92
78
90
88
75
89
72
78
81
62
78
76
61
76
66
70
82
66
85
80
68
89
71
81
86
68
82
81
74
87
68
75
83
66
81
78
70
80
70
77
82
67
84
79
68
85
71
77
82
60
72
64
58
67
61
67
73
61
78
78
73
98
69
81
85
65
84
80
67
81
70
80
81
64
85
74
71
84
67
72
78
62
78
78
72
88
79
82
85
69
89
79
69
92
70
79
85
69
87
79
66
80
66
76
82
67
90
77
68
86
66
77
78
62
80
76
70
91
76
88
90
69
88
72
64
85
67
81
82
68
85
83
72
90
69
82
85
71
91
83
77
95
71
77
82
65
90
81
71
93
73
82
87
71
89
79
71
92
70
81
84
68
85
74
60
80
58
69
80
62
79
73
69
88
69
85
93
70
96
78
67
84
67
75
79
63
77
74
70
93
74
84
88
68
92
85
76
94
73
82
86
72
90
77
71
91
68
80
86
59
82
79
69
87
77
83
87
70
89
79
75
87
63
68
77
57
81
80
69
84
63
73
85
72
92
82
74
92
72
87
85
62
79
74
70
90
78
82
84
66
85
79
70
91
76
85
88
74
97
81
76
94
79
86
89
72
89
84
74
94
74
84
83
69
88
84
74
93
81
80
86
69
84
84
78
91
75
86
86
74
99
84
75
94
74
80
87
75
89
79
71
92
75
95
93
76
90
82
76
95
78
83
86
71
91
79
76
87
64
81
79
66
89
78
73
91
75
78
82
66
83
71
70
82
65
79
74
59
71
71
63
83
71
81
83
67
88
80
76
89
70
79
78
59
80
71
69
81
61
73
79
65
87
74
73
85
67
83
83
66
85
76
74
95
72
86
88
72
91
81
76
84
69
81
86
70
95
78
78
92
70
87
86
64
82
68
63
80
64
84
78
62
80
77
77
98
71
85
87
63
80
80
73
86
64
83
82
65
87
70
70
84
61
75
76
63
83
73
68
92
70
88
85
65
90
73
71
92
69
86
85
71
91
78
70
83
61
76
79
64
84
71
67
83
64
84
82
62
82
76
73
92
74
85
84
65
87
69
69
88
65
82
83
64
90
82
79
96
66
83
84
72
91
77
75
93
65
79
81
58
84
78
75
90
73
85
83
69
92
75
80
94
69
83
85
68
87
76
65
79
56
71
75
63
84
72
73
91
68
87
88
71
92
79
75
86
67
84
82
66
87
76
74
95
68
80
82
67
89
78
75
91
66
86
82
66
87
73
67
87
60
76
79
57
78
71
68
79
83
74
81
70
137
-452
-458
-454
-447
-450
-432
-426
-424
-417
-417
-415
-417
-414
-416
-416
-416
-416
-417
-413
-417
-413
-417
-413
-418
-413
-418
-414
-417
-414
-417
-413
-418
-414
-418
-414
-419
-415
-418
-415
-418
-415
-420
-416
-419
-417
-417
-418
-419
-422
-423
-428
-433
-443
-455
-459
-460
-460
-460
-460
-461
-461
-462
-464
-466
-469
-468
-466
-464
-462
-461
-459
-457
-422
-376
-335
-297
-259
-229
-194
-176
-146
-122
-100
-79
-60
-38
-27
-20
-2
9
21
32
38
50
55
55
67
76
74
86
88
94
95
99
99
104
107
112
112
115
117
112
113
112
118
117
121
113
109
104
103
104
98
100
104
101
104
98
105
102
92
95
94
87
82
77
71
64
58
51
47
47
42
35
36
29
30
27
29
14
11
3
1
-9
-11
-20
-23
-26
-34
-41
-42
-46
-53
-56
-52
-60
-60
-61
-64
-68
-76
-78
-79
-78
-84
-90
-89
-92
-90
-93
-89
-94
-94
-94
-88
-88
-81
-82
-79
-77
-80
-78
-83
-75
-84
-84
-80
-78
-79
-77
-76
-72
-73
-71
-69
-64
-60
-55
-50
-53
-53
-46
-45
-40
-40
-41
-37
-39
-33
-44
-37
-31
-36
-26
-24
-26
-26
-27
-15
-10
-5
-1
0
8
9
-3
8
17
12
14
23
29
31
41
41
43
41
44
45
46
52
48
50
54
61
60
71
73
69
72
78
79
73
86
90
92
96
89
91
95
87
91
101
96
94
104
103
104
107
104
107
110
112
109
111
110
116
112
117
105
107
104
110
115
115
112
115
112
118
120
126
127
130
131
139
123
127
133
137
133
126
119
120
125
130
134
134
135
138
137
145
137
140
138
141
142
143
138
138
141
137
140
130
141
137
136
147
139
138
143
139
145
143
144
142
150
144
142
147
137
133
142
134
133
132
125
142
135
141
144
134
151
151
143
160
146
134
146
131
138
143
130
150
140
131
141
129
141
144
127
142
145
131
155
144
148
151
130
152
142
137
153
138
141
151
133
154
143
128
149
133
140
145
130
150
145
135
151
128
135
139
117
133
131
121
147
129
136
148
119
138
138
132
146
129
125
135
113
137
122
113
136
119
130
137
115
128
121
115
128
116
118
124
105
130
121
109
134
119
115
126
108
122
121
112
127
108
117
127
104
137
125
115
133
117
128
137
115
126
128
122
144
134
147
148
130
156
148
137
161
136
146
149
126
139
140
130
155
134
140
149
133
157
144
137
150
135
141
147
127
144
143
130
154
131
138
133
109
137
133
125
140
124
128
142
122
134
129
116
135
116
117
121
105
124
107
94
118
96
110
124
101
123
117
112
135
124
130
132
113
126
118
110
134
117
125
130
114
134
125
116
137
127
132
137
126
145
137
134
147
124
133
143
119
133
120
114
129
116
115
121
100
122
122
111
133
114
120
128
113
129
120
109
122
104
113
117
102
123
112
98
120
95
111
120
93
113
94
95
111
92
102
101
78
103
93
87
107
82
102
99
79
107
88
80
103
82
93
99
80
108
85
83
99
73
95
95
78
101
83
80
101
83
88
94
72
100
90
89
109
81
97
93
83
103
94
83
105
85
107
105
93
121
105
101
117
97
112
118
104
125
120
110
139
120
126
131
111
135
124
121
131
114
122
127
114
138
131
120
140
124
137
138
123
140
128
124
135
119
122
126
98
113
102
86
109
85
88
86
63
74
71
66
78
59
65
80
58
77
72
58
72
53
59
56
37
53
50
36
54
35
42
48
29
57
38
35
57
37
49
50
32
49
46
42
56
39
46
57
37
63
47
42
54
50
59
64
56
71
73
63
77
53
69
73
51
65
57
48
63
46
57
60
45
54
57
57
72
57
65
72
61
78
67
60
66
59
62
71
53
70
67
61
71
56
72
70
63
77
68
68
80
69
76
80
69
84
72
73
87
64
79
81
67
88
76
65
78
67
76
84
60
73
64
67
80
64
78
74
64
78
74
67
90
73
85
85
64
83
69
66
77
64
71
74
62
81
75
74
86
66
85
85
64
87
71
78
89
73
76
77
65
89
83
80
101
74
93
93
80
98
82
91
98
78
96
88
76
101
77
74
90
62
80
91
74
93
85
91
102
87
101
98
81
107
90
93
107
78
99
94
83
104
90
94
111
91
105
107
92
124
110
109
119
99
119
123
106
127
111
115
125
110
125
125
105
136
121
122
135
116
133
135
124
142
135
126
140
119
132
133
118
141
129
128
144
123
136
149
132
153
136
131
150
130
142
140
114
137
122
127
137
124
137
139
125
147
140
129
151
133
148
148
135
156
140
142
157
136
150
155
128
157
145
142
159
143
155
147
130
150
137
153
161
138
154
156
140
169
156
145
161
135
154
162
148
170
158
155
166
142
156
169
142
169
153
155
169
149
165
165
151
171
161
160
172
153
167
169
148
175
151
157
168
149
169
167
155
176
162
162
176
158
167
154
183
163
166
177
163
172
170
157
169
159
170
172
151
172
168
155
191
174
178
182
173
182
184
170
181
175
175
179
154
176
168
162
181
167
171
179
168
179
184
169
184
167
172
179
159
183
174
167
187
170
174
173
161
176
180
166
186
171
175
181
161
182
173
164
179
167
169
181
163
176
175
160
177
158
180
180
168
186
180
171
190
173
171
174
160
169
176
159
186
167
178
180
162
177
169
162
183
169
170
185
166
178
177
164
188
166
178
180
165
180
176
163
187
164
170
176
154
185
180
163
187
164
174
175
163
183
171
156
184
159
172
185
160
182
178
164
184
169
182
184
167
177
173
162
190
170
176
185
160
176
175
166
180
172
177
182
165
184
179
162
190
170
175
190
165
185
182
170
189
168
173
178
160
181
181
160
187
164
170
178
150
174
175
155
180
161
165
179
159
186
183
164
188
173
182
189
165
184
181
157
180
166
165
181
160
182
178
169
191
171
178
185
167
181
186
166
186
172
172
183
168
178
174
158
185
172
176
185
164
181
184
164
193
180
176
183
161
179
177
168
182
163
166
172
160
171
177
163
187
171
174
182
171
190
187
169
184
168
173
180
168
181
180
164
186
171
174
177
174
181
177
165
184
171
176
187
165
181
182
166
188
171
177
180
172
182
177
165
174
166
171
180
162
177
176
172
183
169
170
171
154
173
168
156
184
167
172
180
161
176
178
168
183
165
170
169
157
177
170
157
178
160
176
176
157
181
172
166
181
166
162
171
159
179
173
164
178
159
173
172
159
183
171
163
179
165
173
177
165
177
173
162
179
165
181
179
154
182
171
162
184
171
178
180
166
190
182
175
189
169
181
181
160
175
171
165
184
169
178
183
172
182
179
170
191
169
180
180
162
179
175
167
191
167
173
173
158
186
173
164
179
166
175
179
162
183
171
161
182
161
170
179
159
183
164
153
175
152
170
171
159
185
174
166
193
174
178
178
158
186
174
166
180
162
172
174
158
184
166
164
184
162
174
180
163
178
170
164
181
163
174
176
156
177
165
156
186
158
166
170
151
176
171
160
175
157
171
173
157
184
161
154
177
150
161
166
146
172
164
153
174
150
171
172
153
175
160
149
177
153
167
166
145
171
163
152
175
149
167
166
147
172
156
150
173
150
161
163
148
175
163
151
176
147
162
163
148
172
161
152
179
151
167
163
142
169
163
147
169
145
158
165
146
168
160
152
173
151
165
170
148
177
163
150
170
145
152
161
146
171
161
152
178
153
167
170
149
175
168
156
176
155
170
170
158
176
157
152
174
156
172
175
157
177
169
160
179
170
173
175
158
181
169
165
182
162
161
164
143
168
162
154
177
158
174
175
161
181
174
163
178
159
171
166
146
170
156
152
171
151
154
162
146
169
157
152
166
144
161
158
143
156
147
135
151
129
143
144
133
146
133
128
142
126
144
147
128
148
143
138
156
141
143
145
129
146
139
139
152
132
149
151
135
158
155
145
167
143
160
157
145
159
151
150
164
141
164
158
146
165
156
153
166
140
156
154
143
165
150
153
169
147
164
158
145
165
160
151
171
146
163
158
150
167
150
148
164
144
172
167
145
165
150
150
169
149
165
162
148
172
161
159
177
150
167
163
140
168
149
151
168
141
160
156
150
169
156
154
168
147
164
159
148
170
152
153
175
146
163
159
145
168
155
159
168
145
161
157
145
172
149
151
164
138
153
160
140
165
146
140
154
133
156
156
142
171
153
159
181
155
167
165
144
162
151
151
168
139
161
156
141
167
145
147
168
142
161
159
144
164
149
151
164
134
158
161
137
163
146
150
170
138
154
154
137
164
155
152
168
144
167
159
146
166
150
148
161
138
153
154
136
159
150
141
162
138
162
157
147
164
150
147
166
139
157
159
140
166
150
151
164
137
162
153
143
161
144
145
160
135
154
161
136
167
149
151
165
142
160
154
143
162
144
151
167
138
153
155
138
160
147
148
160
135
155
152
139
167
140
144
160
138
155
163
140
168
148
148
159
138
151
149
132
160
141
146
170
140
163
156
145
166
149
156
169
143
165
157
146
166
144
147
161
137
160
156
143
169
146
151
168
147
163
159
142
165
148
158
169
141
160
147
136
153
148
149
165
142
163
166
149
176
161
160
172
142
162
158
139
161
145
144
163
142
154
158
145
169
146
155
169
139
164
158
145
166
153
148
162
132
158
154
145
163
141
146
157
137
162
155
139
160
149
149
164
139
157
155
134
158
138
148
158
134
152
150
136
160
150
151
167
140
163
157
145
165
145
148
157
138
158
158
139
162
146
149
162
134
154
147
133
158
142
151
160
137
154
153
137
159
143
143
155
130
144
145
133
152
134
129
141
124
146
143
124
137
121
120
134
122
133
133
121
137
128
136
145
127
138
133
119
140
121
124
138
124
137
138
134
149
139
143
154
128
150
148
130
152
138
141
154
131
146
141
133
154
139
146
151
128
152
147
136
160
133
142
152
131
150
149
144
153
131
135
143
119
141
142
130
148
134
145
154
136
155
148
131
152
133
136
146
121
141
140
127
150
127
139
146
126
146
150
134
153
136
150
156
132
153
143
133
151
135
141
156
129
150
143
124
150
136
145
151
129
158
139
128
156
129
135
144
121
136
141
123
142
132
138
150
129
160
142
135
156
137
139
150
123
143
140
124
148
134
138
144
122
140
139
124
144
127
125
143
125
143
146
131
164
129
140
152
133
147
146
130
160
129
140
153
128
149
139
126
143
138
138
146
122
138
139
127
151
137
141
151
126
148
148
137
155
136
136
146
123
133
136
126
141
131
140
163
124
146
142
132
147
137
137
150
125
143
143
133
150
127
131
144
125
149
150
134
154
138
142
154
136
149
152
132
154
138
147
153
128
143
142
121
135
130
136
150
126
145
149
138
155
141
149
150
127
145
146
129
149
137
137
140
129
148
140
132
151
136
142
149
126
146
145
134
152
138
140
147
124
144
139
132
147
130
134
137
124
142
142
129
149
135
140
145
133
145
137
125
137
126
133
142
129
145
140
132
155
131
141
149
133
149
137
133
145
131
139
139
120
140
136
126
145
129
139
140
127
139
132
134
142
132
144
145
126
143
136
136
148
130
136
142
125
143
142
134
151
128
134
141
119
151
140
127
140
123
128
134
122
136
128
128
144
126
139
145
122
140
129
122
133
114
124
126
108
132
124
119
134
117
130
133
109
134
120
111
129
115
119
128
111
127
116
108
132
116
126
126
106
132
124
117
142
121
130
139
116
145
131
118
135
116
121
122
100
130
119
110
134
119
128
139
117
142
132
122
142
119
130
136
115
137
130
120
141
117
123
135
118
139
135
128
146
127
137
141
120
141
132
122
149
125
130
146
117
137
127
116
135
124
131
140
120
138
132
121
142
125
129
140
112
131
131
122
134
123
129
146
121
142
140
133
155
132
142
141
121
140
132
131
144
132
137
140
119
137
135
119
139
121
125
133
117
134
133
124
138
120
124
134
118
133
121
113
130
114
126
130
111
127
125
110
129
120
122
129
107
130
116
111
132
117
118
124
105
128
132
118
139
124
129
134
115
128
117
111
130
117
121
129
111
130
125
109
128
109
117
119
104
129
124
117
132
112
119
124
108
128
127
115
132
114
124
128
123
132
122
115
133
119
126
130
107
130
122
108
124
107
122
124
113
137
134
131
141
129
137
140
124
139
132
124
133
116
125
124
116
132
126
116
137
123
132
140
119
136
128
124
136
127
129
134
124
140
135
138
141
122
130
135
121
146
134
130
145
129
138
137
130
144
130
123
133
119
127
130
116
135
118
119
131
125
133
136
120
133
124
121
132
114
122
120
105
127
110
112
124
108
121
119
104
120
107
105
121
90
116
108
92
117
98
95
111
88
98
94
81
103
86
92
106
72
94
95
82
107
89
88
99
76
95
101
79
105
85
94
115
88
118
112
100
119
102
100
115
92
111
110
94
125
107
113
129
106
116
112
97
120
104
103
122
99
115
117
94
122
104
104
122
101
118
116
105
128
120
112
138
109
123
129
108
128
116
115
125
101
114
119
97
124
107
101
125
109
124
131
117
137
126
122
134
115
121
122
102
130
122
108
130
107
119
121
106
126
119
123
134
115
124
133
114
138
123
115
131
112
127
131
117
129
118
107
127
112
123
129
113
134
123
116
132
115
122
119
106
121
116
111
127
103
114
120
110
136
126
122
134
126
129
134
114
130
124
109
130
113
125
124
112
131
119
114
124
104
119
127
113
126
122
115
132
112
126
125
121
132
125
119
128
115
122
128
102
124
112
112
125
110
122
118
103
121
111
116
124
106
115
122
113
125
121
123
132
116
128
126
117
123
115
111
124
104
117
124
108
130
117
121
126
112
125
123
112
133
128
132
137
114
127
123
111
129
117
121
132
117
126
128
127
127
116
114
126
114
137
135
118
129
116
118
122
113
115
123
114
