70
87
92
82
103
84
79
96
69
92
88
66
87
80
77
94
80
80
89
70
96
74
90
102
81
89
89
68
89
87
78
97
69
84
90
79
92
77
75
91
72
93
92
74
89
80
75
90
72
77
81
72
89
74
78
87
72
79
84
77
99
85
83
100
70
90
89
86
89
77
75
81
72
92
93
71
92
83
82
101
83
92
85
76
91
79
94
93
79
92
91
70
99
75
89
96
73
90
91
84
99
86
80
96
74
100
91
72
94
82
82
101
78
91
84
77
97
83
94
105
82
103
97
81
105
76
86
90
77
79
91
79
95
79
76
89
66
94
88
73
94
79
85
103
79
97
83
73
96
79
88
100
73
97
87
78
95
75
86
100
80
92
97
74
94
82
85
95
73
97
82
72
93
77
87
110
75
91
90
72
99
86
93
96
71
93
87
77
101
73
84
95
77
90
97
78
98
76
83
96
70
96
86
77
92
78
80
105
72
93
90
68
92
80
83
95
70
90
89
74
97
73
74
100
67
89
100
66
88
72
80
88
75
95
90
76
98
81
84
112
74
97
87
69
91
84
83
95
74
89
94
82
104
80
81
96
68
92
96
73
100
80
85
95
81
87
96
74
99
81
81
104
68
95
93
80
98
94
84
98
76
88
96
77
99
73
76
89
74
92
98
78
100
90
88
102
92
97
94
81
101
78
89
100
76
89
89
77
94
93
88
99
69
89
91
84
103
82
89
95
76
88
98
79
96
82
88
96
78
88
88
81
97
77
91
98
74
91
91
73
91
88
81
89
68
86
85
82
93
81
82
89
79
100
92
84
95
84
90
99
81
92
83
74
86
79
93
96
72
89
86
69
88
75
86
91
73
92
87
86
97
80
89
88
68
95
91
75
92
77
88
91
82
90
80
82
97
83
93
95
77
100
81
71
91
70
76
81
68
85
82
81
93
75
79
85
62
90
85
73
91
68
80
89
80
92
84
73
96
69
84
88
66
89
79
72
94
72
83
92
73
87
84
78
97
73
85
91
68
98
77
72
92
70
81
98
70
86
81
64
91
72
88
85
68
90
88
79
108
80
92
106
79
98
93
89
102
76
90
84
70
101
89
80
98
78
87
102
75
96
87
75
96
83
101
96
74
99
94
78
106
78
85
104
76
99
87
84
104
82
97
96
71
105
88
76
95
75
75
95
64
83
74
60
81
75
85
87
71
93
92
77
104
75
80
89
69
93
89
75
93
83
83
91
70
95
90
78
94
73
80
99
75
98
86
75
89
77
83
89
71
89
89
73
98
68
78
91
75
94
95
79
100
79
88
94
71
92
86
71
96
69
85
104
80
94
92
79
94
93
93
102
80
95
89
85
105
77
87
94
80
93
101
76
98
80
89
94
81
93
88
79
100
80
94
100
77
95
92
77
93
84
90
96
72
95
89
80
97
75
82
87
76
94
91
75
92
68
81
87
74
95
88
82
97
81
85
99
76
98
80
68
81
76
79
87
69
88
79
79
91
77
85
82
64
90
77
64
80
61
71
80
71
75
70
69
85
64
81
86
68
84
80
72
86
74
80
81
68
90
75
79
88
65
77
79
62
86
81
71
87
68
85
92
88
99
84
74
87
69
87
86
70
91
78
70
82
70
81
85
74
94
84
85
96
73
90
88
67
95
82
72
91
71
83
84
74
86
74
67
92
71
93
91
70
92
82
74
98
69
83
84
66
86
74
77
93
67
80
82
62
93
84
76
96
72
86
92
71
86
76
67
87
69
89
84
61
83
69
67
90
65
72
83
62
84
84
78
89
71
85
86
65
97
78
68
89
68
76
89
68
88
79
64
86
64
85
83
62
84
75
62
87
73
83
88
68
91
82
83
102
78
86
87
63
87
77
69
88
73
80
96
69
91
80
72
88
72
88
87
71
89
83
70
97
66
79
84
68
94
87
77
96
72
85
89
76
96
76
73
90
72
85
94
71
85
77
66
88
76
85
87
71
91
82
78
105
77
90
94
75
93
87
80
89
67
77
79
66
91
80
78
92
73
83
95
71
89
85
79
90
80
84
85
69
92
79
76
95
68
76
80
67
88
86
74
89
69
87
87
78
95
84
75
85
67
82
89
71
90
81
78
91
83
95
96
75
100
88
92
110
83
96
87
73
95
93
85
102
79
95
90
81
95
82
84
94
77
92
98
74
105
86
88
97
79
89
90
79
98
81
88
101
70
88
85
72
96
87
83
98
74
90
87
81
90
70
75
89
74
91
94
71
99
80
82
91
78
86
86
68
91
74
93
86
84
86
76
147
-451
-459
-454
-448
-449
-433
-426
-424
-415
-421
-414
-417
-414
-417
-413
-417
-413
-417
-412
-416
-416
-416
-416
-417
-412
-417
-413
-416
-417
-414
-418
-414
-418
-414
-418
-414
-418
-414
-418
-415
-417
-415
-418
-415
-419
-417
-418
-420
-423
-425
-431
-437
-453
-458
-459
-459
-460
-460
-461
-461
-461
-462
-464
-466
-468
-466
-464
-462
-461
-460
-458
-444
-394
-355
-305
-264
-226
-196
-172
-144
-119
-96
-78
-62
-45
-26
-20
-12
3
21
20
25
34
39
41
60
67
72
81
88
90
97
102
104
102
100
101
102
112
105
108
106
110
105
107
109
105
108
109
105
109
108
105
102
99
104
93
104
94
93
85
84
81
85
77
68
69
66
62
59
59
49
46
40
41
35
39
32
21
21
13
6
12
8
1
-2
-11
-13
-19
-17
-22
-27
-35
-39
-41
-34
-44
-51
-49
-51
-59
-57
-55
-66
-69
-72
-75
-76
-74
-83
-86
-84
-85
-88
-75
-79
-86
-83
-81
-85
-86
-83
-85
-87
-85
-83
-81
-69
-73
-80
-76
-79
-83
-74
-69
-76
-72
-72
-65
-67
-57
-53
-53
-51
-45
-45
-34
-35
-36
-35
-33
-34
-36
-31
-30
-25
-25
-20
-15
-1
-5
0
6
10
6
16
20
19
21
17
26
29
30
29
35
32
39
38
49
44
43
50
51
55
59
63
60
62
58
56
59
68
63
59
61
62
53
65
74
74
77
79
81
90
92
90
93
95
93
87
99
87
89
91
95
93
98
90
92
96
95
96
97
106
103
99
105
105
104
109
106
104
107
108
112
117
120
111
114
114
116
114
129
130
128
127
125
129
137
131
124
121
121
122
122
125
122
119
125
127
123
129
137
139
138
140
136
148
140
132
139
133
130
138
133
135
135
126
140
135
138
142
126
133
142
129
149
141
127
145
134
138
148
126
140
138
126
140
128
139
144
121
135
137
120
144
134
132
146
122
138
137
127
142
124
126
134
117
143
141
125
147
135
137
147
129
143
139
126
139
125
137
143
125
142
145
123
147
133
133
141
121
136
135
126
138
123
122
133
118
139
134
120
137
122
122
137
119
130
127
112
134
120
124
132
114
124
123
103
130
112
115
123
103
124
124
121
138
128
129
138
116
145
132
117
134
115
115
129
112
124
125
115
139
126
136
134
115
134
132
122
140
124
127
136
119
137
142
134
142
127
128
135
120
148
136
124
143
130
138
155
132
149
143
130
148
131
137
140
117
136
127
116
132
124
130
142
124
143
145
137
151
137
141
140
121
145
137
126
146
133
142
152
127
142
137
128
156
139
145
145
133
153
143
135
156
133
137
133
119
137
140
120
136
118
120
124
105
132
123
110
129
114
115
129
102
119
105
93
121
105
106
108
93
117
97
94
124
95
110
113
90
114
106
95
118
93
110
109
100
117
105
98
121
99
102
118
88
114
105
95
121
106
111
112
89
112
102
92
120
87
102
105
83
108
103
88
110
77
101
105
90
111
100
84
109
88
98
106
80
109
99
89
113
98
103
108
87
115
103
91
110
81
94
99
73
108
98
89
111
92
105
108
85
106
95
85
112
88
108
108
79
108
91
85
107
95
102
108
91
114
99
94
117
92
102
99
83
107
99
87
106
83
86
92
71
88
78
60
84
69
87
81
62
78
70
61
72
56
52
61
38
57
44
43
54
30
46
49
36
59
57
44
72
55
55
70
66
82
73
71
88
71
98
84
73
92
86
74
100
78
89
92
75
92
78
82
93
73
82
83
59
76
71
63
77
56
66
71
58
73
72
65
86
70
81
83
62
76
74
67
88
60
74
78
63
85
78
78
89
69
80
85
69
102
79
80
96
75
93
101
82
95
90
80
94
79
101
96
77
105
87
83
114
81
95
99
79
104
95
96
104
79
97
89
77
109
86
88
113
87
101
103
88
106
89
93
111
85
105
107
82
109
97
96
113
94
109
103
92
119
106
102
116
91
112
108
89
125
105
101
119
101
112
122
104
127
110
104
124
104
122
118
103
122
109
106
132
106
120
122
101
124
126
114
134
118
132
134
121
146
135
127
141
119
128
139
114
135
128
128
147
129
148
144
136
156
149
146
172
141
153
160
136
167
157
156
171
146
164
159
150
176
161
154
182
156
172
183
156
183
163
162
177
163
176
171
153
175
162
153
183
149
168
168
155
179
170
161
178
158
170
168
155
173
154
150
171
144
167
166
144
165
147
145
163
149
160
162
142
169
149
154
177
141
165
156
146
166
160
151
168
142
157
160
143
170
152
159
171
147
168
172
153
179
164
155
174
158
171
170
152
189
172
174
193
172
186
184
170
190
182
168
185
158
175
175
181
158
174
163
157
167
149
163
164
139
162
147
141
159
146
158
153
141
163
142
156
167
140
153
155
137
159
152
148
163
136
155
148
144
157
145
143
151
131
148
154
135
156
144
139
156
140
158
157
145
165
148
153
161
134
150
150
132
164
146
149
162
137
158
155
148
155
145
139
161
131
161
153
138
157
143
145
156
145
157
156
142
157
151
154
161
141
159
152
133
165
143
143
154
135
143
150
133
144
134
137
157
137
167
149
142
166
149
157
167
148
158
154
136
154
142
147
157
133
156
153
137
165
147
149
160
141
156
162
144
164
139
149
163
138
166
152
143
159
144
146
165
137
157
159
142
165
152
159
168
142
161
148
139
161
142
145
160
134
150
160
141
166
145
154
170
144
176
160
148
167
152
151
172
139
159
159
144
162
151
159
166
142
157
155
143
167
149
154
169
145
164
166
146
167
149
157
164
149
174
161
150
167
148
150
172
137
165
160
149
166
158
161
165
149
165
159
143
175
150
154
171
148
175
174
159
173
156
162
162
148
166
161
143
168
151
158
181
147
171
159
156
170
160
164
168
148
166
159
146
174
151
164
162
147
174
167
153
173
158
164
170
159
176
170
153
173
152
163
169
143
167
155
142
162
158
158
174
153
179
166
159
183
155
172
174
154
169
168
143
164
147
147
165
149
175
163
155
179
154
168
177
156
172
168
152
180
166
162
172
151
174
159
159
169
155
167
171
154
176
173
155
180
160
164
175
158
175
164
150
166
149
156
172
148
172
171
154
180
168
169
178
154
180
169
167
169
155
157
175
147
174
173
157
177
154
163
168
158
177
168
158
178
163
172
181
161
177
171
154
178
160
162
170
150
174
171
161
170
157
166
173
150
181
161
151
172
153
153
159
154
160
158
156
179
163
172
179
153
179
163
154
183
166
162
168
149
170
167
163
171
155
164
169
149
185
166
150
168
153
155
163
155
172
167
152
176
157
172
170
158
179
164
153
179
164
162
173
151
176
164
160
175
151
164
167
154
180
165
157
174
161
164
179
156
183
175
164
179
162
171
168
147
173
162
153
181
159
165
172
146
172
165
169
177
156
165
162
148
182
161
149
173
151
157
173
143
170
160
155
171
158
178
167
156
177
165
154
181
153
162
167
144
167
159
157
161
141
149
159
143
172
161
153
174
156
163
173
140
164
146
151
167
155
162
169
147
168
160
147
185
156
164
166
147
172
163
154
170
151
157
163
141
172
157
148
166
144
155
164
139
159
156
151
165
152
158
163
141
163
151
142
165
133
152
154
138
160
156
141
165
141
149
159
137
168
147
145
158
138
148
162
136
158
152
143
160
149
154
158
142
165
146
142
167
142
155
161
141
160
156
148
166
144
153
156
143
164
145
143
162
141
152
160
137
154
149
139
160
148
154
155
139
160
147
148
163
141
153
162
139
165
161
146
165
137
150
154
139
159
153
145
164
142
155
169
141
166
145
147
168
157
165
163
147
163
142
152
166
147
158
164
140
168
165
149
172
147
160
156
153
166
155
148
164
137
156
157
134
155
143
138
158
145
155
160
142
165
159
161
166
148
161
158
140
164
152
143
164
144
154
153
149
162
154
148
168
145
163
163
145
169
152
150
162
150
155
160
149
166
150
155
168
142
162
162
148
173
160
149
167
152
162
160
154
162
149
142
163
142
162
155
142
161
151
150
171
155
164
166
152
170
154
151
168
142
157
158
144
168
152
158
166
144
154
160
139
165
152
153
168
148
169
160
145
169
149
153
171
150
155
161
141
165
149
156
159
142
160
152
142
169
151
145
161
137
152
156
140
161
144
147
159
143
167
162
142
167
149
144
171
142
155
160
141
170
148
159
168
141
156
156
135
163
147
146
160
137
149
158
138
166
146
148
161
135
160
152
140
166
147
141
168
136
155
153
141
161
149
146
158
138
147
152
134
163
143
142
164
132
157
165
142
163
150
148
167
143
165
153
133
152
135
132
159
135
152
151
131
153
147
144
159
141
149
154
132
165
141
141
158
137
145
155
132
150
144
139
152
137
151
152
134
158
147
143
165
134
148
149
127
143
145
133
141
120
130
142
129
155
139
139
157
137
149
167
139
155
142
135
147
137
149
154
133
152
141
139
156
137
147
148
127
145
146
141
154
136
146
147
131
148
132
130
145
130
140
149
127
142
133
136
147
137
145
148
128
151
139
140
149
125
132
134
115
140
141
138
149
131
141
143
139
155
143
140
148
132
142
150
128
151
135
132
146
138
144
144
129
146
129
134
147
123
141
143
127
145
143
136
145
133
144
141
142
154
139
138
149
129
147
146
128
146
133
139
141
131
139
140
122
141
127
136
148
126
141
142
127
147
140
140
149
126
132
129
123
141
127
126
135
119
139
142
130
150
132
137
148
133
144
145
128
154
133
144
146
124
142
145
128
152
137
141
150
132
152
145
133
151
131
139
146
132
152
146
126
140
123
123
137
126
131
137
127
148
137
151
154
130
146
144
123
154
137
137
150
124
136
137
126
143
130
140
146
126
151
148
130
154
132
135
149
128
143
141
127
148
133
141
141
120
135
141
124
152
134
137
147
132
151
151
135
156
139
139
152
124
143
141
126
146
132
135
159
137
154
156
134
155
138
145
154
133
146
146
127
156
136
141
155
133
147
151
131
151
141
146
153
133
158
151
137
157
144
142
161
131
149
148
131
154
143
148
156
134
149
149
133
161
131
140
154
135
147
154
131
149
134
138
152
135
158
157
140
160
138
140
160
133
147
146
130
154
149
150
158
137
150
149
132
164
139
146
158
134
148
153
132
148
134
143
151
137
155
150
137
160
141
149
161
135
155
155
140
158
154
149
152
131
145
139
130
156
133
138
143
128
149
154
132
157
144
149
155
142
157
148
133
152
130
139
150
130
152
151
135
154
149
145
155
138
153
144
143
162
131
145
152
130
152
153
135
151
131
141
147
135
149
142
138
157
135
149
155
130
148
146
132
149
138
142
146
122
137
132
129
154
132
142
151
133
156
158
141
161
131
144
148
135
148
144
133
156
132
144
147
123
143
139
128
148
140
145
147
128
152
141
136
158
135
146
148
129
153
149
125
146
123
133
144
135
149
140
130
151
127
140
145
122
139
134
120
140
128
132
144
119
138
134
136
153
133
141
146
124
150
138
119
146
124
130
140
128
143
135
122
146
128
143
142
121
135
142
124
151
134
137
142
122
142
137
132
149
126
130
143
119
143
138
121
143
126
129
144
125
137
133
119
141
123
133
139
122
139
138
124
150
135
141
147
127
139
130
123
140
125
130
143
119
148
141
127
147
130
135
146
126
140
139
126
143
129
138
141
119
131
134
125
149
127
133
146
124
137
141
130
142
132
131
139
118
142
136
121
133
118
115
132
116
129
132
118
140
130
144
146
127
143
142
128
151
125
123
130
119
132
136
122
138
125
131
139
116
145
138
127
144
129
134
148
129
143
136
125
143
133
145
140
123
138
134
126
149
130
134
138
123
140
142
132
144
125
128
134
116
134
132
134
143
122
130
144
128
149
143
133
151
138
145
141
126
137
131
126
147
124
132
141
125
141
136
123
138
122
135
138
125
142
133
126
146
128
138
145
120
140
130
125
139
130
143
137
115
133
124
122
144
121
133
136
122
136
135
121
132
120
127
133
125
141
135
133
151
125
132
144
117
149
130
123
138
130
136
141
118
146
131
130
150
122
131
134
117
142
137
127
140
124
136
142
128
147
129
123
151
120
134
141
117
135
125
114
141
125
135
143
114
134
120
119
139
113
126
125
112
138
137
125
148
121
135
140
125
136
128
122
134
113
128
125
106
131
129
118
136
124
129
147
117
135
125
122
138
119
130
137
114
138
136
118
135
114
122
132
125
135
125
118
144
119
132
139
119
132
137
118
134
120
120
121
102
120
119
111
133
116
126
133
117
139
132
117
134
111
120
125
114
130
124
112
135
119
127
130
114
133
128
124
143
127
130
139
118
137
134
134
143
129
134
133
116
142
129
124
134
117
120
128
119
130
122
114
131
120
132
126
108
127
117
109
127
114
123
130
125
131
127
125
135
117
128
127
108
137
127
115
129
116
122
133
117
131
119
114
133
113
137
127
107
127
121
122
139
120
131
135
117
134
128
137
138
115
126
127
114
139
130
122
131
116
126
127
110
130
120
116
129
116
134
129
117
129
124
115
141
114
128
128
111
121
109
109
117
100
118
118
101
129
115
105
124
99
128
130
110
126
112
108
125
109
124
119
103
124
109
107
137
107
125
124
107
130
124
119
132
108
118
117
100
137
109
108
120
95
118
113
93
113
103
107
124
112
125
124
108
135
116
109
133
98
111
113
98
120
113
107
123
96
114
117
96
129
108
109
124
99
118
124
100
114
102
101
124
102
117
115
88
121
98
101
121
95
115
110
94
123
116
105
122
92
118
112
92
120
98
99
114
92
111
121
92
123
110
108
123
103
115
104
92
118
101
105
121
92
111
106
90
117
112
93
119
91
111
111
103
120
106
106
117
92
117
122
