82
84
68
85
77
75
82
56
74
68
55
78
67
68
91
73
86
85
65
88
67
75
82
59
71
75
55
84
68
62
73
54
67
76
60
78
67
68
82
61
82
82
62
83
71
70
87
67
77
71
53
74
60
70
87
68
81
84
70
102
79
84
91
68
86
87
66
86
70
69
82
62
75
76
61
85
75
78
95
69
83
85
68
90
76
84
90
71
80
77
61
93
69
71
82
62
78
92
71
88
73
77
86
67
89
85
59
81
64
70
88
62
79
83
61
83
75
75
86
69
79
79
64
86
67
71
80
60
67
81
60
74
64
65
80
58
76
69
52
76
63
64
84
61
70
78
59
77
72
71
78
59
73
72
58
83
70
73
74
55
64
80
55
76
59
57
69
59
74
74
54
74
66
72
90
61
73
78
58
76
63
59
70
57
78
73
64
86
70
71
78
59
73
79
59
79
62
68
81
69
73
73
55
70
64
72
84
57
77
77
58
93
73
74
81
62
75
75
65
81
65
68
78
50
67
80
59
82
67
71
76
72
85
86
69
93
72
79
90
59
80
83
67
86
74
71
70
63
79
80
71
89
69
80
97
63
80
83
67
85
71
74
84
69
81
74
53
73
58
66
82
57
71
67
63
80
72
72
78
51
68
76
61
72
64
73
71
53
72
64
65
91
74
75
88
72
87
85
60
77
62
74
82
64
81
78
62
83
67
65
76
56
75
76
72
82
62
71
78
59
83
77
62
83
76
70
78
68
82
74
60
76
56
72
81
60
69
75
55
83
68
68
72
51
73
75
69
86
71
81
83
66
83
67
55
77
60
59
67
55
71
74
59
77
58
70
78
60
68
73
56
86
58
60
65
47
66
71
61
69
59
67
78
55
82
72
57
78
62
67
80
63
76
71
65
76
56
65
73
54
71
68
59
91
69
79
86
63
81
85
72
85
65
72
76
52
79
71
61
78
62
74
84
61
81
80
64
84
67
83
82
66
84
75
67
94
73
76
80
56
70
83
67
88
64
78
83
64
97
75
65
86
70
71
85
58
69
69
56
77
67
76
83
69
98
77
73
104
76
83
94
69
89
88
73
92
70
84
84
73
93
80
63
86
76
81
97
66
93
86
76
101
74
77
85
67
82
79
68
96
70
82
83
58
78
85
69
92
70
80
83
72
89
80
63
80
64
79
92
67
89
80
68
86
76
80
82
73
91
79
71
98
63
77
91
65
79
86
72
92
75
86
90
75
92
80
64
87
71
85
93
70
86
81
72
88
82
79
88
69
89
84
76
97
68
84
86
66
80
89
72
92
67
74
82
64
91
81
76
94
75
89
97
74
91
86
75
89
75
74
80
64
84
72
75
89
68
84
88
71
89
86
71
94
72
83
88
81
91
76
65
81
67
84
84
65
79
76
65
90
77
80
79
62
76
73
75
87
69
74
79
50
67
60
54
83
63
71
79
78
87
76
73
85
64
84
82
58
74
68
66
88
66
72
69
58
73
69
72
82
64
75
78
56
81
73
75
86
65
74
75
65
77
67
51
73
53
75
80
59
76
68
62
86
72
83
73
57
70
65
62
70
57
72
75
57
80
73
71
93
76
76
86
70
88
76
66
86
62
88
78
62
76
63
61
84
69
78
76
53
73
71
69
82
65
85
82
66
88
74
69
88
69
76
90
72
91
79
70
86
63
83
83
66
84
71
68
94
71
78
75
61
79
77
77
87
67
87
86
69
97
74
62
83
66
75
85
66
92
79
74
83
69
83
81
70
87
74
66
93
68
81
80
63
81
85
78
91
66
78
84
70
93
83
69
91
67
82
89
68
90
80
69
84
66
72
73
62
77
71
67
100
64
90
92
73
94
93
78
89
68
78
79
69
90
72
69
87
65
79
88
67
83
79
76
87
74
81
84
64
88
79
69
94
67
81
78
63
74
79
71
83
62
69
78
63
84
77
71
82
64
74
82
57
68
69
64
77
59
65
73
57
80
70
77
91
70
81
78
60
69
72
62
76
64
74
76
71
88
68
68
76
66
82
89
70
85
78
73
87
77
83
82
62
84
75
76
86
71
82
77
70
81
76
71
89
66
79
76
80
83
69
68
74
57
69
82
67
84
76
73
88
73
81
76
72
88
75
76
84
66
82
84
69
91
84
76
89
67
79
76
81
93
81
76
84
63
83
87
66
86
73
81
88
79
88
80
71
86
75
80
89
70
80
80
61
82
69
72
72
70
86
76
69
156
-454
-461
-454
-444
-448
-426
-424
-422
-416
-420
-415
-417
-414
-417
-413
-418
-412
-417
-413
-417
-413
-417
-413
-416
-417
-414
-417
-413
-417
-413
-417
-414
-417
-414
-418
-414
-418
-414
-418
-415
-419
-416
-419
-416
-421
-417
-419
-421
-423
-428
-433
-445
-455
-460
-460
-460
-460
-460
-461
-461
-461
-461
-465
-467
-467
-465
-464
-463
-461
-460
-458
-432
-378
-340
-292
-256
-226
-198
-180
-141
-121
-89
-79
-66
-50
-28
-23
-1
8
12
27
34
37
53
53
61
68
77
74
79
87
90
93
93
97
92
113
97
102
103
94
94
98
99
94
102
99
104
101
110
104
96
98
94
100
96
87
79
76
77
67
71
66
64
56
50
54
40
48
36
34
27
26
15
29
22
14
5
-1
1
-7
-5
-12
-23
-27
-37
-34
-29
-42
-47
-43
-51
-58
-56
-60
-62
-68
-74
-79
-86
-82
-88
-90
-84
-86
-93
-75
-83
-83
-84
-87
-85
-88
-83
-88
-90
-97
-85
-92
-78
-86
-87
-78
-78
-78
-68
-70
-75
-76
-73
-69
-69
-67
-62
-62
-59
-57
-68
-57
-55
-52
-48
-47
-45
-36
-37
-34
-33
-38
-32
-35
-16
-24
-25
-19
-18
-19
-8
-10
-14
-2
-2
11
22
27
30
35
39
36
35
43
33
40
43
47
46
60
56
56
60
55
57
69
82
75
75
81
84
81
93
89
83
91
85
90
93
92
92
96
91
94
93
98
101
98
100
107
97
109
105
109
106
104
99
113
110
106
102
104
116
115
122
123
123
124
124
128
138
128
123
126
123
125
128
131
130
128
127
124
125
131
133
132
131
126
120
132
134
133
125
125
129
126
137
137
139
134
135
135
145
136
138
143
138
134
134
136
135
135
134
135
131
139
143
131
142
146
125
152
139
139
152
139
147
155
137
148
139
124
142
125
141
145
126
145
143
133
156
138
137
147
131
151
150
140
157
137
141
149
127
151
152
132
152
130
136
153
137
153
147
135
154
139
153
156
135
151
143
126
148
137
133
144
122
139
141
141
155
144
146
157
138
161
146
136
151
133
135
149
127
142
138
128
142
132
142
145
126
140
138
130
157
137
138
145
121
134
137
125
135
128
132
136
116
134
130
123
136
121
123
140
126
137
137
125
128
126
130
134
111
131
128
119
138
127
128
138
127
140
148
139
153
143
146
146
123
140
130
124
139
129
134
146
126
135
133
116
129
124
131
135
116
131
127
118
141
124
126
122
113
130
136
122
134
119
121
125
109
132
125
119
136
119
122
132
117
127
120
110
128
122
126
129
115
136
126
122
143
124
127
127
109
125
122
107
119
100
113
115
105
122
106
100
115
93
107
111
86
113
99
92
111
98
106
110
90
120
103
108
121
101
108
115
93
120
112
102
117
99
112
114
102
116
102
103
115
97
108
119
98
123
115
113
127
117
117
121
102
123
110
107
122
97
106
112
86
116
109
100
120
100
115
116
105
120
114
102
123
105
120
124
101
125
112
102
117
104
112
118
99
117
104
103
115
92
103
100
76
104
95
84
102
81
90
96
81
100
95
91
114
97
117
122
103
129
124
111
133
124
121
130
116
133
129
133
150
130
141
146
126
150
149
135
155
130
137
138
125
135
127
109
127
99
111
104
80
106
95
85
103
82
82
89
69
89
78
78
90
62
66
70
49
63
50
37
54
38
43
48
34
45
31
30
47
23
38
34
20
43
31
32
55
36
38
49
29
58
48
52
62
48
56
59
39
62
54
52
68
55
62
73
61
73
70
64
75
65
80
79
62
80
71
66
86
63
64
74
60
74
71
70
83
68
81
88
74
103
84
84
100
77
89
98
74
91
77
72
83
72
93
88
66
88
74
70
97
67
82
78
65
85
77
77
87
67
84
83
66
97
73
81
94
73
88
95
79
97
85
84
97
80
100
92
78
96
82
83
101
68
88
83
77
98
87
89
107
85
102
102
87
116
83
88
103
76
99
108
87
113
97
94
113
92
114
107
92
118
102
103
126
97
111
110
94
124
116
109
124
104
119
117
102
126
104
112
131
110
124
133
114
134
120
115
127
108
121
121
106
130
118
122
147
123
133
143
119
145
143
135
146
123
134
140
128
154
132
135
151
127
139
150
126
148
136
134
147
128
144
147
128
153
136
140
157
129
147
145
128
150
143
134
152
130
148
148
136
157
137
136
154
129
146
151
130
155
144
144
167
143
158
161
138
162
146
154
169
140
155
157
131
162
154
149
169
143
161
161
160
172
156
157
173
147
173
171
148
175
161
153
173
152
164
165
155
177
161
170
182
157
174
176
153
182
171
164
179
154
178
173
163
178
162
160
184
163
187
188
178
195
184
183
194
185
181
185
169
187
175
185
193
178
185
193
174
195
189
182
201
178
188
193
184
198
188
184
195
176
192
195
172
191
178
182
197
180
185
186
178
195
182
187
193
184
198
198
182
201
183
182
191
172
185
197
191
197
190
186
196
179
204
196
177
191
181
178
194
178
184
184
168
187
176
184
192
172
189
183
170
193
180
179
193
176
185
188
179
197
186
182
190
172
200
194
182
198
188
184
201
179
190
184
175
202
187
189
194
178
194
192
182
209
188
192
207
185
202
204
191
206
183
180
185
168
196
189
175
193
181
182
201
180
194
190
175
192
182
186
194
172
186
182
168
199
177
183
202
179
192
198
182
201
184
186
194
178
196
193
182
197
183
182
205
174
188
184
170
195
188
196
202
185
208
207
199
222
195
199
209
179
195
209
187
207
189
190
197
179
195
203
180
198
184
192
213
183
199
197
183
198
193
193
199
180
194
194
178
201
181
180
198
180
194
203
182
196
192
192
202
175
190
185
164
190
177
182
203
176
193
191
176
200
205
196
207
178
196
196
186
199
181
181
195
180
191
196
177
196
185
180
189
181
188
188
174
197
181
185
199
187
197
196
178
197
197
190
196
174
192
194
189
201
185
183
196
177
194
199
181
191
176
180
192
181
190
188
180
199
182
195
205
181
190
187
172
187
181
184
190
169
190
187
197
205
188
184
193
177
193
195
178
193
181
183
191
174
182
179
169
190
174
187
193
176
194
191
173
193
183
195
193
173
187
182
183
191
169
178
179
168
191
185
171
193
179
191
201
191
197
194
184
196
182
190
190
170
192
185
175
192
183
189
194
179
198
194
192
203
192
195
198
176
210
189
175
195
180
187
192
179
189
181
176
196
182
193
197
170
196
191
178
202
180
188
190
169
184
180
181
202
180
186
188
171
207
197
191
201
185
189
196
182
192
185
173
194
176
194
198
178
198
186
173
197
179
182
191
174
193
192
183
197
180
182
182
163
194
186
169
187
169
177
196
168
182
171
163
191
173
187
176
160
183
173
162
190
162
173
182
161
188
186
175
193
176
178
176
159
191
183
169
185
162
172
189
161
184
169
164
183
172
181
177
159
186
171
162
193
165
171
180
160
183
177
166
181
169
176
179
158
189
174
159
188
154
172
190
160
177
163
152
177
168
169
177
153
182
176
161
196
169
175
180
160
179
174
159
179
161
163
171
156
184
170
161
183
162
171
186
164
185
172
160
179
168
167
177
157
181
169
153
183
152
163
169
152
180
176
164
181
163
170
176
162
174
162
157
178
151
167
172
152
171
158
151
176
167
170
175
156
182
164
168
181
153
167
165
148
172
169
155
178
156
168
168
156
173
160
159
179
158
173
180
158
178
171
160
176
163
174
172
151
176
160
161
177
157
162
170
151
178
170
156
176
151
167
165
155
175
159
158
178
159
173
177
152
182
167
156
177
159
170
167
149
165
165
169
182
165
169
171
154
184
168
161
178
158
178
174
162
174
163
157
181
160
178
177
156
184
168
164
173
163
168
173
155
176
165
168
170
150
162
162
143
181
163
157
175
158
171
175
167
178
168
162
181
159
181
168
147
177
157
155
174
155
169
174
156
180
161
159
179
155
172
167
152
183
164
157
175
151
168
168
156
174
153
151
176
147
174
170
153
173
165
158
181
154
164
167
143
168
153
153
173
145
167
159
152
181
155
159
177
151
170
169
151
174
158
152
168
147
169
160
144
164
150
149
174
140
158
166
141
169
157
166
170
148
167
160
141
172
155
151
172
155
161
166
146
167
152
153
165
150
167
160
140
162
150
142
168
137
148
156
136
163
154
157
166
143
155
160
140
171
149
143
158
132
151
155
139
155
141
134
148
134
145
145
121
139
131
125
145
122
133
136
123
137
137
136
140
126
135
144
123
150
134
131
148
131
142
150
131
148
138
132
150
136
145
145
130
155
145
147
171
145
161
152
147
165
160
148
161
138
147
149
139
162
143
149
160
136
164
161
141
164
153
144
162
143
167
153
142
160
144
149
163
136
149
153
139
156
155
148
163
141
162
153
149
166
142
149
157
138
152
161
134
159
146
146
158
149
167
157
150
172
158
165
169
148
154
160
137
164
147
144
162
132
155
152
143
154
144
151
163
140
158
160
131
166
145
154
158
148
158
156
141
159
151
156
166
133
149
150
137
165
146
149
158
135
150
151
147
154
141
135
148
128
158
156
135
162
140
145
156
146
153
158
136
152
140
148
160
133
157
145
135
158
141
139
151
138
149
146
138
151
139
138
156
133
162
147
135
156
146
149
156
143
148
149
133
154
139
153
160
131
151
142
130
154
151
139
154
134
149
148
140
158
136
140
151
134
158
149
138
151
139
138
152
135
148
150
135
157
142
157
161
138
155
153
138
165
145
145
160
129
150
152
134
155
139
149
157
138
160
152
143
156
145
150
166
135
152
149
139
152
139
148
146
129
138
140
116
151
140
141
155
131
153
157
149
159
145
147
151
135
155
151
131
154
142
140
157
129
148
148
138
153
147
156
154
140
153
153
131
158
138
145
153
132
150
150
135
149
135
128
145
127
148
145
133
158
139
142
160
127
144
136
131
148
145
146
152
125
149
146
129
158
139
147
153
133
145
151
137
153
141
137
151
133
162
145
138
159
137
143
159
136
153
152
136
156
150
146
158
135
154
150
137
158
136
144
152
134
147
155
131
154
134
138
147
138
155
138
132
143
132
139
155
135
149
152
137
157
148
151
157
131
147
136
128
146
133
140
152
131
147
158
136
157
143
144
145
136
149
142
132
152
137
142
156
126
139
139
129
150
140
145
150
132
154
153
141
151
135
138
149
131
151
149
128
145
124
124
130
129
147
145
130
150
140
142
154
132
152
132
126
143
139
137
143
125
140
135
132
143
132
139
147
127
147
148
131
150
138
138
141
134
141
136
123
138
119
133
142
117
138
131
124
141
144
137
145
131
143
139
137
150
131
136
142
128
148
145
137
154
140
143
153
138
151
147
135
154
136
148
151
136
150
145
138
156
141
141
151
124
145
141
139
150
129
139
144
127
147
146
136
148
134
143
149
131
146
138
128
147
129
145
142
127
136
134
116
145
131
132
139
116
134
135
138
149
129
142
143
128
153
146
132
147
124
128
139
118
133
133
124
137
125
142
138
123
141
135
120
147
129
137
141
121
135
133
130
139
124
123
130
117
144
138
124
140
126
128
145
123
140
134
126
138
123
133
137
112
129
122
104
136
121
125
127
114
131
133
132
150
130
131
134
112
138
124
115
135
121
118
132
115
130
124
114
132
116
126
133
119
134
126
112
138
118
126
131
113
130
132
120
132
117
117
125
108
137
128
123
136
123
126
142
117
130
125
108
127
113
123
131
120
137
129
119
144
123
132
141
121
133
136
117
130
118
122
121
111
133
123
116
133
118
121
136
108
123
123
115
131
123
126
129
117
133
130
120
140
120
126
133
120
133
138
124
133
115
124
129
124
139
130
121
136
123
125
143
123
139
137
130
148
137
141
144
125
143
130
122
134
122
129
135
119
135
137
127
143
131
139
138
130
140
133
126
140
127
133
148
122
140
133
130
144
138
136
142
127
143
135
135
145
125
129
132
114
134
134
123
130
115
119
113
109
126
117
113
129
115
127
134
119
136
128
121
129
123
120
123
108
129
118
116
129
109
122
127
112
134
134
123
133
120
130
130
127
137
128
128
142
124
136
136
117
131
123
118
136
128
134
136
117
135
129
130
142
119
128
130
113
129
124
115
135
116
125
126
120
139
132
130
146
122
142
136
117
137
126
114
131
118
123
126
108
130
119
122
130
117
128
132
114
139
130
122
139
123
134
142
126
137
125
118
129
117
138
134
112
129
120
109
130
113
115
120
103
127
115
117
129
110
120
120
103
137
122
117
139
119
126
129
116
133
122
114
128
108
132
132
113
132
124
111
134
117
122
122
104
125
113
116
122
99
111
112
100
126
110
107
127
102
113
122
102
118
108
104
122
99
117
113
97
118
107
99
125
97
107
112
95
122
113
112
130
115
119
117
100
131
117
111
127
102
114
121
98
115
111
106
123
101
127
125
107
129
121
114
138
117
127
130
115
128
126
118
134
111
122
122
107
136
119
115
130
109
122
133
114
125
112
107
119
101
115
107
88
110
92
93
117
87
99
102
83
107
105
94
108
78
96
84
69
101
77
77
95
73
91
94
71
96
78
87
101
83
101
94
85
102
90
92
111
85
102
97
81
108
102
98
110
91
110
104
99
120
108
102
119
100
117
124
97
121
105
103
115
102
116
114
104
124
113
113
130
108
124
118
100
117
114
106
126
104
120
118
111
130
114
111
126
102
123
124
105
123
109
109
127
113
127
121
109
129
117
119
131
106
119
118
102
120
119
115
129
105
119
117
106
126
108
105
124
102
126
124
109
132
116
117
127
115
127
128
115
131
114
114
121
95
123
122
105
130
123
118
131
110
129
127
115
133
118
117
126
105
131
133
109
123
107
110
129
116
128
126
108
128
116
124
129
108
129
126
106
131
122
114
122
94
114
109
100
125
111
114
129
112
136
134
115
