91
68
85
88
86
97
76
82
87
67
96
85
77
98
77
83
100
72
97
85
75
91
74
88
87
75
90
84
70
97
73
86
90
74
92
92
81
98
76
86
93
73
102
89
78
99
72
85
99
69
90
84
69
94
85
93
99
79
98
90
80
108
78
91
96
65
85
84
76
94
77
83
92
78
102
88
88
104
75
87
105
76
101
92
85
107
90
92
98
72
101
91
89
116
84
97
103
82
108
102
84
104
86
98
96
83
106
89
79
97
71
86
105
79
100
95
89
110
94
103
107
81
104
90
85
106
81
91
100
69
87
94
77
101
80
91
95
82
103
89
81
104
79
92
104
78
100
88
80
100
85
95
97
72
101
91
91
109
83
96
98
80
104
95
83
102
78
89
89
79
96
91
80
100
76
92
105
80
105
95
86
109
92
96
94
79
96
85
89
103
79
96
96
75
98
87
76
99
78
89
92
83
96
90
84
104
78
93
99
72
96
83
79
103
88
92
91
74
92
84
89
103
76
89
93
69
97
83
75
91
77
88
94
85
102
90
85
98
70
91
92
72
92
85
77
98
82
90
98
73
98
82
87
99
73
85
92
73
98
80
75
92
77
88
93
79
99
89
79
97
75
96
91
75
97
81
75
99
76
87
90
67
86
74
77
92
69
82
83
74
107
91
81
101
77
92
97
74
96
83
77
95
72
91
84
74
96
84
75
105
84
91
99
72
98
82
85
101
75
94
98
74
107
89
76
96
72
91
100
77
103
89
86
105
81
100
96
74
100
86
76
105
73
88
85
66
91
80
83
105
79
93
99
80
112
92
84
101
73
88
97
73
101
86
85
103
79
95
95
76
99
88
84
110
76
91
95
75
95
91
82
99
78
87
92
73
105
81
80
96
71
87
102
76
97
85
80
96
78
96
87
71
93
83
75
104
79
92
102
76
103
92
87
106
78
96
89
77
104
85
84
100
74
87
97
73
92
87
81
98
78
93
93
74
93
85
83
108
81
92
96
75
102
94
84
102
77
97
95
87
106
88
89
98
71
85
98
72
100
80
83
98
83
104
95
81
105
93
98
109
86
101
96
76
99
90
84
104
85
103
96
88
109
96
91
107
82
101
103
80
103
85
86
101
90
92
92
75
94
91
92
108
75
96
93
77
108
90
84
99
78
93
92
81
97
76
77
93
67
85
91
78
110
83
87
100
91
100
95
81
105
79
90
101
72
92
95
78
98
84
79
90
76
90
89
78
99
81
87
109
74
96
93
82
99
84
83
97
78
88
91
69
89
82
90
105
74
90
90
78
101
87
78
95
66
84
89
73
91
81
80
93
70
93
90
80
102
86
84
100
79
93
106
74
98
82
95
102
79
97
96
75
108
89
84
97
74
97
92
85
102
80
89
100
76
106
93
80
104
94
83
103
80
96
87
74
95
87
93
101
75
89
89
74
104
88
86
98
79
99
95
88
103
88
91
105
82
100
88
77
102
84
86
106
77
97
93
83
102
85
95
104
87
96
97
80
118
89
89
97
71
94
101
81
103
89
95
107
80
108
92
78
104
81
87
109
83
103
96
78
93
81
89
100
74
96
91
89
113
89
95
104
79
101
106
84
99
81
83
95
70
90
84
76
101
85
91
107
79
99
93
83
102
92
98
98
76
98
90
83
108
84
86
96
70
93
106
80
103
86
96
103
82
112
95
84
103
82
82
100
68
93
92
76
90
82
85
97
76
99
90
80
112
86
86
100
72
96
93
71
94
77
83
97
76
90
88
72
94
80
82
100
67
97
88
77
104
88
86
93
75
91
88
77
108
78
85
91
67
85
93
74
91
77
79
91
79
87
81
65
89
72
81
99
62
86
91
76
92
89
80
92
75
88
83
73
97
72
79
93
69
89
92
74
90
77
75
95
72
86
80
63
81
68
80
89
65
85
84
72
90
86
80
94
71
92
85
78
96
76
82
90
69
88
96
70
93
72
75
90
75
93
87
77
96
77
92
96
71
90
84
68
88
80
73
89
67
89
86
80
97
83
88
97
72
99
93
74
99
67
84
93
82
93
85
69
86
75
88
88
70
82
85
70
100
84
86
93
77
91
85
78
85
76
79
83
59
84
82
71
97
77
88
99
81
97
90
81
97
77
89
93
67
89
85
77
102
77
74
84
68
90
87
80
93
80
80
94
72
104
86
75
96
75
84
91
76
94
87
80
94
75
90
95
74
92
85
80
99
79
83
85
69
84
83
78
89
75
75
81
69
102
88
-346
-210
-453
-453
-451
-438
-441
-420
-420
-417
-414
-419
-414
-417
-414
-417
-413
-417
-412
-416
-416
-416
-417
-412
-417
-414
-417
-414
-417
-413
-417
-414
-417
-414
-418
-414
-417
-414
-419
-414
-418
-415
-419
-415
-420
-417
-418
-420
-422
-425
-428
-433
-442
-454
-458
-458
-459
-459
-460
-460
-461
-461
-462
-466
-468
-468
-466
-464
-462
-461
-460
-458
-428
-377
-335
-298
-262
-229
-201
-176
-149
-109
-96
-86
-68
-51
-32
-12
-1
3
17
24
33
42
51
58
54
65
75
80
92
84
87
90
93
87
92
85
93
93
98
100
100
108
106
111
103
106
102
113
104
98
99
90
99
96
89
94
82
82
83
82
82
73
71
72
64
57
63
44
43
35
28
23
24
23
18
16
3
0
-8
6
-9
-14
-14
-26
-28
-26
-29
-35
-40
-48
-44
-49
-53
-60
-66
-63
-68
-73
-67
-78
-80
-75
-71
-71
-70
-74
-63
-72
-80
-82
-88
-77
-86
-82
-92
-85
-87
-77
-83
-85
-88
-91
-84
-75
-76
-77
-82
-75
-74
-72
-62
-63
-70
-62
-60
-57
-52
-58
-48
-52
-54
-60
-46
-37
-40
-36
-35
-31
-36
-11
-23
-17
-19
-19
-15
-9
-2
-1
0
8
19
19
26
23
19
29
28
31
36
26
42
37
45
48
55
50
60
54
58
55
59
72
69
71
65
63
64
81
74
72
77
77
83
85
91
86
83
89
87
93
100
91
95
99
92
93
103
89
96
93
102
97
94
108
104
107
109
109
107
125
118
122
121
120
121
122
123
120
111
113
123
128
133
129
126
132
129
132
131
133
130
128
130
128
128
129
127
126
122
123
124
134
129
133
133
134
134
145
141
140
136
133
136
140
143
133
134
135
133
131
138
130
128
130
137
141
144
138
154
146
141
149
139
153
135
131
143
129
134
158
132
144
140
126
146
140
142
153
132
145
148
132
158
140
128
148
125
133
149
126
146
137
132
142
127
138
140
128
151
141
137
168
133
151
157
131
144
145
140
150
130
141
151
136
160
137
136
157
141
155
163
135
153
140
132
151
138
147
148
127
142
134
126
149
127
135
135
120
135
146
135
150
128
136
143
127
152
143
138
148
131
143
152
133
148
142
133
146
129
135
135
124
140
130
124
141
122
134
137
121
140
149
135
154
136
147
148
144
162
143
139
148
130
145
157
129
154
148
143
158
146
154
147
132
156
143
145
157
143
154
153
137
150
149
140
159
139
152
153
152
166
150
151
160
143
157
170
145
161
146
143
156
140
145
129
121
134
128
128
141
123
130
135
117
131
131
116
130
109
115
110
104
117
103
100
110
89
114
115
92
115
98
100
110
100
109
104
95
117
104
110
118
93
112
109
95
120
108
108
123
105
126
117
113
129
127
121
135
117
139
140
122
132
124
122
137
124
133
131
118
133
129
136
144
116
135
126
106
132
117
105
117
98
109
107
102
117
105
104
114
89
126
119
102
119
103
104
122
110
125
117
96
118
103
114
121
100
119
116
98
126
112
106
129
115
128
133
125
145
131
131
149
117
140
136
126
146
141
145
168
140
161
157
141
167
150
164
169
145
163
155
146
173
157
152
172
143
166
165
146
167
147
146
156
133
152
148
129
144
128
123
141
106
115
110
90
111
92
100
97
73
91
91
76
100
74
70
84
62
73
77
59
71
64
62
76
59
76
72
56
73
68
63
82
57
66
64
50
59
63
61
71
53
66
74
60
82
68
68
80
61
72
80
67
78
71
73
84
68
84
81
69
91
80
80
99
76
92
90
81
95
91
93
104
79
101
97
86
109
86
92
97
83
106
119
104
118
114
114
129
118
129
123
106
119
104
106
120
93
115
105
91
115
109
105
117
95
115
106
100
121
103
105
108
90
109
113
94
112
96
98
104
91
108
90
89
104
82
89
104
73
94
89
74
91
80
75
81
60
68
67
65
85
70
73
80
60
80
88
73
92
81
82
89
79
95
88
81
97
82
91
110
80
109
97
86
106
99
100
112
94
121
110
107
123
108
114
122
100
120
117
102
122
111
119
130
116
128
123
106
130
121
128
141
111
131
126
112
131
123
129
139
120
137
137
136
149
134
139
143
122
147
145
131
151
135
140
150
138
149
150
134
159
145
155
158
133
155
150
132
156
144
145
159
141
156
152
148
163
139
150
160
127
155
152
135
156
139
142
154
137
149
145
125
145
131
145
152
123
151
153
139
166
148
149
160
130
159
150
146
159
139
140
154
131
158
152
143
161
144
153
168
144
168
159
147
166
144
161
163
143
166
158
151
172
150
150
165
142
170
162
157
175
158
165
173
152
178
164
152
172
152
158
175
150
167
162
153
172
163
173
180
163
183
182
164
191
170
166
175
155
177
172
166
179
165
171
172
157
188
176
167
187
168
172
183
164
180
180
170
182
171
177
177
184
164
186
181
168
192
175
174
181
170
188
188
177
190
180
184
189
169
190
176
167
188
174
178
195
176
195
193
182
191
180
187
190
168
190
185
175
203
184
189
190
176
194
191
176
193
184
189
187
169
190
178
177
194
186
192
208
188
197
196
183
195
185
187
192
179
197
192
185
203
179
181
188
168
196
197
181
195
180
184
192
183
201
191
184
202
184
190
201
179
195
183
170
187
172
183
185
169
190
179
177
196
175
185
188
164
187
183
173
189
167
177
179
170
186
172
167
193
175
181
195
170
190
185
178
195
185
184
189
170
188
177
167
189
163
172
180
158
191
189
174
195
177
191
196
186
203
191
170
190
170
179
185
164
188
181
169
188
175
182
190
171
195
188
183
199
183
190
193
173
196
188
176
191
174
187
192
178
188
178
166
193
178
189
194
171
198
185
172
191
177
173
182
162
184
174
177
197
177
182
184
164
196
192
180
195
180
180
185
173
194
180
167
192
173
188
195
174
193
188
168
191
176
180
189
171
195
182
180
191
173
184
191
171
193
191
174
194
176
183
190
180
196
186
174
195
179
194
193
168
183
178
173
197
182
186
193
175
193
189
185
197
183
185
190
164
186
175
170
192
172
181
188
175
195
188
178
188
173
192
191
175
195
190
181
202
182
183
185
170
191
180
181
194
182
189
194
179
202
188
179
196
182
188
196
182
193
182
166
180
166
186
185
167
192
184
176
200
182
186
186
170
190
179
176
190
172
182
184
160
195
180
176
190
173
177
187
168
187
176
174
187
169
185
183
164
185
171
170
193
172
181
177
163
186
177
171
186
162
178
178
161
184
163
163
173
157
172
176
160
174
166
164
183
166
189
185
167
186
176
174
193
170
178
176
161
183
176
169
186
166
179
179
161
187
168
167
187
162
180
189
165
188
173
173
177
162
179
174
161
182
170
171
190
158
178
173
151
185
173
167
182
159
179
173
154
185
159
166
178
155
173
180
159
188
168
165
177
161
172
167
156
181
165
161
183
156
176
173
150
181
172
162
176
154
174
169
151
185
160
156
181
159
178
181
157
187
161
171
186
174
178
179
158
188
164
170
187
160
172
171
147
175
165
158
177
153
170
175
163
183
173
163
176
159
180
176
154
179
161
152
172
152
163
168
147
177
156
166
180
142
168
167
147
171
165
155
178
154
163
164
153
172
150
153
168
147
171
174
149
178
163
156
176
159
170
165
143
179
155
170
175
153
167
165
144
171
163
158
181
158
178
179
166
182
168
166
172
154
173
168
149
172
151
156
167
152
160
157
151
170
152
161
166
149
164
170
149
177
160
149
174
148
168
162
154
171
155
164
161
150
174
168
149
175
158
166
174
159
173
164
146
175
156
167
172
157
169
172
155
190
160
165
176
155
173
163
154
174
155
164
167
146
175
167
151
180
158
167
177
154
171
165
153
174
163
173
178
158
181
172
155
191
159
165
171
155
172
171
157
172
153
158
169
139
179
162
146
173
149
154
170
148
171
162
145
174
153
168
172
147
170
159
151
176
149
164
165
151
169
173
156
180
158
171
184
150
177
164
149
174
153
162
179
152
169
161
142
169
152
160
163
141
159
160
145
179
150
160
165
138
162
173
141
173
149
158
159
138
166
157
147
169
152
164
181
155
182
177
150
179
159
168
165
148
168
165
144
184
154
157
177
152
175
177
154
180
152
167
173
151
172
167
144
178
164
158
185
147
167
160
141
168
163
161
170
151
165
161
148
182
155
154
168
139
161
163
142
168
151
154
163
152
165
164
152
179
157
169
176
147
167
159
148
165
158
160
165
145
165
160
145
174
150
160
168
150
171
173
152
172
155
164
170
154
169
164
148
172
154
169
177
154
174
173
158
173
168
166
174
153
173
164
160
176
163
166
168
151
174
181
159
186
168
171
180
163
177
168
157
177
155
176
173
149
172
170
153
173
160
165
168
149
176
164
165
174
155
164
161
146
171
172
150
175
157
169
167
158
174
161
151
176
153
167
169
149
171
163
147
171
153
163
161
143
165
156
157
175
158
166
168
149
179
166
153
176
145
156
154
142
156
147
138
158
141
158
157
139
161
147
145
169
147
158
161
139
158
153
150
168
140
149
151
133
170
151
148
164
141
152
164
146
163
150
136
156
135
152
144
125
140
130
122
142
129
135
152
128
144
140
140
156
133
143
137
118
140
132
121
137
125
127
141
124
137
131
122
145
127
142
138
122
139
144
130
157
133
136
145
126
143
138
134
155
132
141
139
120
143
142
128
153
136
143
155
129
149
141
126
141
131
144
141
128
144
147
132
164
132
150
158
137
156
150
140
153
141
146
149
130
157
149
139
159
142
144
159
132
148
141
129
152
141
152
153
129
155
150
142
170
139
148
150
130
154
153
141
157
146
144
149
134
155
148
138
156
135
141
155
135
151
149
134
154
147
153
159
141
160
152
144
167
136
146
149
139
153
153
142
162
139
152
161
137
160
145
134
156
140
147
158
138
151
143
135
152
144
153
158
136
154
145
146
168
143
155
152
139
156
157
142
162
140
145
150
138
152
142
136
151
135
155
160
134
157
153
141
156
147
155
151
137
150
140
137
153
130
140
143
130
150
152
136
158
135
152
149
148
163
146
141
156
137
146
152
130
150
139
131
145
138
147
144
131
144
135
139
153
138
147
147
126
142
141
131
149
128
142
138
131
139
130
129
156
131
147
149
125
144
135
128
141
130
137
137
120
137
134
137
148
128
137
136
119
146
142
137
154
134
142
149
143
155
144
136
158
135
154
151
134
154
140
136
149
139
147
159
133
152
145
141
153
129
142
138
124
145
143
141
154
136
145
149
139
152
144
136
155
131
155
148
128
150
148
135
159
138
142
147
124
142
131
140
152
128
144
144
126
151
142
130
151
133
138
144
135
156
139
136
151
133
153
146
131
147
140
131
156
123
138
142
122
140
132
138
149
142
152
151
132
153
147
140
157
135
148
149
131
148
133
128
147
136
151
150
133
152
145
138
164
127
141
142
131
146
137
138
149
133
139
142
112
145
131
130
144
124
137
146
127
142
134
126
133
124
141
141
122
134
123
118
140
117
129
136
131
145
144
131
154
136
146
146
122
147
130
132
140
122
131
141
128
140
134
129
145
132
150
146
127
142
135
136
163
135
144
145
132
150
148
139
155
131
145
140
123
144
135
135
144
124
122
142
124
137
134
129
135
118
129
130
117
134
125
128
153
129
138
141
126
142
141
132
144
122
136
135
124
131
127
124
137
124
131
146
124
140
128
125
134
125
136
136
124
142
130
126
143
123
129
131
109
130
130
130
137
119
135
132
121
131
123
123
133
116
130
136
111
131
125
127
127
126
140
139
125
141
131
137
145
121
131
133
116
133
133
127
137
127
133
137
131
146
132
132
146
126
140
136
124
138
129
129
140
133
145
146
127
144
136
140
160
131
150
145
126
144
142
135
147
126
139
138
126
141
122
125
141
123
143
145
136
155
141
145
155
139
149
148
127
144
127
137
146
127
139
137
125
146
142
135
150
128
139
143
136
150
134
137
147
123
146
146
130
150
141
133
146
121
137
145
127
146
134
143
149
126
142
147
127
153
142
133
146
132
144
144
136
147
133
138
155
140
162
152
135
155
143
141
151
131
140
139
121
142
135
144
147
128
140
140
125
152
138
141
149
128
148
148
141
153
140
135
149
132
153
147
129
149
136
130
151
128
142
143
127
141
131
140
147
128
144
143
118
146
131
138
144
124
140
144
133
148
138
140
147
128
147
139
130
149
133
140
156
133
138
140
127
139
133
139
145
125
135
137
126
147
135
139
149
134
153
154
142
157
141
146
153
133
160
145
137
154
136
138
154
127
136
143
128
141
133
138
144
123
146
145
135
165
139
146
155
139
152
157
138
153
131
137
146
131
157
147
137
156
142
144
158
134
151
145
130
149
140
142
146
123
136
135
123
138
125
125
137
119
134
142
127
142
128
133
139
124
139
135
120
132
120
123
131
107
121
118
109
132
136
133
142
126
139
140
135
152
131
133
138
109
129
142
123
140
126
128
132
124
136
130
120
139
124
129
144
119
137
133
118
134
135
132
140
120
131
131
123
134
119
123
136
117
132
140
131
146
132
129
138
122
134
133
118
133
122
125
138
113
128
126
119
138
134
134
140
112
128
128
125
136
123
124
129
111
133
135
122
139
124
123
129
117
130
134
123
135
121
134
137
118
131
128
118
130
125
116
122
106
122
121
116
127
108
117
129
110
128
125
103
124
110
118
126
111
125
122
112
129
118
133
139
119
129
126
108
131
124
122
128
115
138
132
134
143
122
124
128
110
133
127
113
133
117
122
125
112
130
128
119
133
117
131
135
118
130
128
111
134
124
124
129
113
132
128
123
127
110
112
122
102
129
124
112
138
123
130
143
123
138
131
124
137
125
132
135
113
130
125
116
143
128
131
139
119
137
135
128
142
126
126
134
116
