59
71
72
71
71
59
64
62
61
69
65
66
69
67
72
77
63
75
66
71
74
69
75
72
68
75
66
68
75
62
68
74
58
70
63
66
71
60
65
75
70
74
68
70
79
70
78
86
60
71
59
63
67
68
72
80
68
81
73
78
84
69
77
77
61
69
64
72
73
64
68
72
60
70
67
67
75
66
78
77
66
77
71
69
73
69
69
74
62
74
66
67
66
50
55
62
60
69
71
70
77
69
76
80
69
76
63
59
64
58
67
72
61
64
62
57
65
62
68
71
69
74
71
75
74
69
71
76
69
80
70
70
76
64
71
70
64
66
61
62
64
66
75
73
61
74
68
61
64
59
58
55
53
61
62
67
69
62
67
70
63
77
67
70
68
61
64
68
65
71
66
63
65
58
71
68
57
70
57
60
65
58
65
69
62
67
68
73
75
65
78
74
64
71
66
71
71
67
73
78
63
72
62
58
65
59
66
66
60
72
67
71
83
67
73
75
61
79
70
72
82
63
66
64
57
66
65
68
74
66
72
78
63
76
67
66
71
65
71
66
63
68
65
62
71
55
59
60
56
71
70
73
72
67
74
77
69
78
73
64
74
62
68
72
60
62
57
60
63
62
73
81
70
84
78
78
91
78
87
81
73
80
77
73
76
64
76
73
60
71
64
69
72
67
73
74
69
77
75
74
77
72
73
75
69
76
68
73
76
68
74
68
68
74
72
68
76
63
72
73
73
79
63
61
62
61
68
76
69
79
72
72
76
66
77
76
72
79
69
65
75
66
75
76
61
75
70
72
77
68
80
73
69
72
62
58
67
65
71
77
67
80
68
74
77
72
74
73
66
75
70
72
80
68
74
71
65
72
71
76
76
70
70
76
70
82
75
70
78
68
80
74
70
82
67
72
69
61
60
62
55
69
63
69
76
63
74
75
72
78
72
70
68
65
75
74
70
78
65
68
66
59
73
74
65
74
68
72
82
73
77
69
63
71
68
75
74
62
68
66
57
65
61
62
74
63
73
76
75
82
71
79
79
68
78
75
68
80
68
78
84
71
80
70
68
82
78
82
84
73
83
82
75
89
75
79
82
74
81
76
72
79
73
71
74
67
77
74
70
80
71
73
79
69
78
74
62
68
65
66
70
62
65
74
64
77
67
66
76
71
80
79
66
79
71
74
79
68
78
71
68
75
68
75
80
70
71
67
59
64
65
68
72
65
75
71
70
79
66
68
72
61
69
73
67
73
67
75
72
61
65
65
67
77
69
75
78
67
79
72
66
72
69
76
76
69
82
76
73
81
67
66
67
59
72
76
74
80
71
75
79
74
84
73
71
80
68
76
82
64
79
71
67
72
65
74
79
68
79
76
71
83
73
78
84
67
82
78
71
78
70
72
81
60
70
65
60
71
67
73
84
69
85
77
79
86
80
74
79
63
71
69
67
76
70
68
73
60
68
75
68
78
70
72
82
72
82
77
70
77
66
71
76
64
76
74
71
73
67
60
66
62
74
71
73
78
75
75
80
68
75
77
69
75
69
72
78
67
77
71
68
73
72
77
85
68
77
72
70
74
72
73
75
67
76
72
73
75
71
73
76
63
71
66
73
79
75
76
80
77
82
83
84
86
80
84
87
72
83
78
81
84
75
73
74
68
83
75
77
72
69
71
76
64
83
70
70
75
70
72
79
69
80
70
67
70
59
65
76
64
82
74
75
84
81
83
89
70
83
71
79
79
70
76
80
61
71
65
61
65
65
71
77
67
80
77
76
82
72
78
81
68
83
76
74
79
67
68
70
51
67
71
73
78
75
76
87
71
90
80
78
81
70
75
80
64
78
73
75
77
73
74
79
67
81
71
73
81
69
73
79
65
75
71
70
71
62
62
66
61
71
63
58
61
59
65
76
63
67
68
66
72
64
70
68
55
64
57
54
68
62
63
68
61
68
65
69
72
65
69
74
61
76
67
66
73
63
63
72
61
71
69
72
77
67
73
71
60
69
69
70
76
64
73
73
65
78
70
69
73
67
71
75
66
83
74
71
71
63
69
82
66
80
68
68
71
66
73
77
65
82
73
74
84
70
76
81
66
77
69
65
71
66
70
73
65
78
72
77
83
73
77
84
68
82
72
75
78
76
77
77
65
76
69
71
79
68
73
76
67
79
78
74
75
65
73
73
63
74
69
65
66
56
57
58
54
65
63
64
75
76
80
82
69
83
72
69
75
62
66
73
64
78
69
65
70
61
71
76
69
81
70
73
76
68
76
74
63
71
64
65
70
65
69
73
60
65
62
69
78
67
72
73
61
72
69
68
73
59
63
64
61
65
58
62
62
62
50
60
68
-186
260
-185
-163
-450
-462
-463
-458
-457
-458
-456
-456
-457
-442
-452
-434
-428
-433
-420
-424
-421
-418
-422
-417
-418
-421
-417
-420
-419
-417
-422
-418
-420
-423
-419
-423
-423
-420
-427
-424
-425
-430
-436
-431
-431
-434
-442
-452
-462
-463
-463
-463
-464
-464
-464
-464
-464
-464
-466
-468
-471
-472
-470
-469
-467
-466
-464
-462
-455
-411
-369
-325
-295
-257
-229
-193
-184
-151
-134
-114
-93
-76
-64
-47
-43
-32
-27
-20
-4
1
12
20
20
30
40
35
40
44
43
46
46
49
48
49
53
45
47
49
43
47
52
55
54
59
58
63
61
56
58
54
52
52
46
44
37
37
47
39
33
31
31
30
32
29
32
26
29
29
30
29
25
19
19
17
13
15
12
10
5
4
2
-5
-11
-11
-12
-15
-12
-15
-13
-14
-20
-19
-22
-28
-28
-32
-35
-29
-32
-30
-28
-34
-34
-37
-40
-32
-40
-33
-42
-43
-44
-44
-44
-38
-43
-44
-43
-47
-47
-42
-44
-42
-41
-46
-44
-46
-43
-38
-43
-38
-39
-37
-30
-35
-35
-26
-34
-29
-34
-29
-32
-32
-28
-26
-24
-19
-24
-25
-19
-17
-19
-13
-15
-13
-21
-9
-5
-1
1
6
6
7
10
9
11
12
5
8
6
5
11
13
17
18
18
21
27
33
28
30
30
37
26
34
32
32
34
35
33
34
34
34
39
40
46
46
55
54
54
57
63
61
58
59
65
71
68
75
73
78
70
67
72
67
77
84
88
87
88
97
87
98
91
91
93
89
88
85
97
88
96
89
92
89
93
96
93
100
96
97
98
104
100
106
111
110
106
115
114
109
115
114
117
118
125
115
114
120
119
123
126
126
122
125
127
121
128
121
121
119
122
123
124
132
136
135
133
137
130
139
142
139
138
143
141
145
148
141
153
144
138
148
147
147
145
141
151
145
145
148
136
146
153
142
159
151
150
158
150
153
155
147
152
154
145
157
147
157
155
132
146
140
140
151
148
146
153
144
149
150
153
160
144
155
161
146
167
158
156
160
151
153
159
143
158
159
161
162
154
161
160
154
169
165
155
167
158
161
165
152
169
159
163
164
155
156
166
157
171
164
156
172
159
162
169
158
170
157
161
161
153
160
162
149
159
154
148
162
151
164
162
151
171
167
164
170
165
159
168
150
175
157
159
169
156
168
165
152
165
158
159
168
161
165
168
157
176
166
164
164
157
170
168
157
171
165
158
170
153
158
160
149
174
160
157
169
156
163
172
156
163
154
154
165
154
163
174
152
171
161
160
173
159
170
171
160
168
165
161
172
158
172
169
156
175
162
161
168
157
167
177
156
172
156
158
173
161
166
166
153
171
166
160
175
164
162
168
156
173
165
159
173
158
164
165
153
164
162
153
167
156
161
172
158
176
169
162
170
169
166
176
156
172
171
160
173
154
158
169
156
172
169
161
163
162
164
172
162
164
161
166
169
157
166
170
159
168
158
163
157
163
159
170
151
167
157
159
167
152
157
157
149
158
158
147
152
146
147
148
138
146
140
144
153
150
150
156
148
155
152
147
148
144
145
144
131
145
136
142
148
136
136
136
127
139
137
132
137
123
133
135
128
130
120
119
122
114
115
121
106
119
109
106
113
96
108
114
104
110
109
110
119
103
105
108
90
110
98
96
106
94
105
108
99
101
94
89
105
87
100
93
80
96
83
86
89
82
79
84
68
77
71
69
77
62
61
66
48
60
60
57
59
49
53
59
47
56
49
41
49
35
45
41
30
41
31
32
30
24
21
31
15
26
18
17
20
11
19
25
15
22
21
15
18
1
2
7
-7
-2
-16
-18
-18
-22
-13
-14
-21
-17
-20
-21
-10
-22
-18
-20
-38
-19
-28
-28
-28
-30
-28
-27
-43
-23
-36
-30
-25
-40
-29
-29
-34
-25
-36
-31
-34
-38
-31
-37
-46
-35
-42
-38
-35
-49
-45
-47
-48
-38
-36
-33
-33
-41
-32
-30
-47
-29
-50
-42
-39
-48
-46
-37
-46
-40
-42
-51
-45
-60
-39
-38
-46
-34
-45
-41
-31
-44
-34
-35
-45
-26
-40
-39
-34
-47
-36
-34
-46
-31
-46
-43
-34
-38
-34
-29
-45
-30
-38
-34
-28
-44
-29
-33
-33
-22
-31
-28
-15
-24
-21
-17
-28
-16
-18
-18
-16
-26
-17
-9
-16
-3
-13
-13
-6
-18
-10
-2
-20
-1
-6
-2
-6
-12
-6
-8
-8
4
3
5
17
6
16
12
8
19
18
16
17
12
19
23
18
30
17
13
19
10
20
25
13
25
24
28
32
29
36
33
26
47
40
39
47
34
45
40
33
38
39
42
50
39
50
56
45
62
52
55
61
53
61
63
50
60
59
58
67
61
60
62
55
70
67
72
76
71
80
80
82
87
88
84
95
79
83
84
80
80
87
77
83
78
89
102
84
101
95
99
109
102
106
105
95
108
99
97
102
94
106
107
99
109
102
98
107
102
113
107
112
115
113
115
120
111
113
121
107
120
112
117
118
119
113
116
110
113
117
118
124
112
123
121
111
124
118
120
119
115
122
123
123
139
137
133
139
128
139
136
134
144
133
138
142
141
141
144
133
146
138
142
141
128
144
139
136
146
136
138
140
133
144
143
133
147
135
143
144
137
149
146
135
143
133
131
142
132
140
143
126
134
127
139
135
127
132
140
129
147
138
138
152
137
150
149
143
150
136
142
145
132
141
141
126
141
134
140
154
142
154
151
144
153
151
148
151
138
145
151
140
160
144
143
147
134
147
147
145
149
150
147
159
147
153
152
140
154
145
148
150
140
147
146
132
138
137
136
146
139
149
150
144
160
146
148
150
143
144
148
134
144
142
142
147
138
151
140
137
142
141
147
148
138
143
143
134
146
141
142
147
137
144
140
140
148
142
146
145
139
144
148
141
152
143
149
148
142
150
145
143
148
141
138
147
134
149
141
141
153
142
150
144
137
151
144
137
149
140
144
149
139
153
153
143
152
139
145
148
142
151
149
137
146
137
140
149
136
153
149
145
153
148
149
153
140
149
147
139
154
143
147
151
136
145
141
132
143
139
135
143
136
145
146
138
151
146
146
153
139
149
144
141
148
147
141
147
134
144
138
138
147
140
141
143
133
144
147
137
144
139
138
147
137
148
145
141
148
142
140
142
135
143
145
137
147
153
143
148
134
145
138
134
140
134
133
135
124
126
127
117
127
123
130
138
134
143
140
139
142
139
138
140
126
128
131
131
138
135
138
140
131
135
131
138
139
135
136
143
131
144
141
137
144
132
137
137
133
135
135
131
137
126
125
127
116
130
131
133
139
134
130
137
130
136
134
128
135
124
127
130
128
145
139
133
140
134
132
140
134
141
136
131
145
133
147
144
133
147
137
133
141
135
135
140
130
139
134
130
136
129
135
136
127
138
134
131
147
134
132
141
132
140
134
134
141
130
138
134
126
124
124
121
134
125
124
133
120
134
132
133
135
129
134
132
127
137
130
127
130
120
122
123
118
130
134
129
134
131
134
137
125
134
128
127
136
130
131
135
126
133
130
125
125
116
121
129
123
137
127
128
137
125
132
140
127
132
133
125
127
116
126
124
113
127
121
126
140
137
137
145
132
143
145
140
145
133
135
138
127
136
131
128
138
133
130
140
126
132
134
130
138
129
137
139
129
141
135
131
140
131
132
137
125
134
137
133
134
127
123
132
128
140
134
132
138
129
133
140
123
126
120
118
127
125
133
138
133
138
133
132
139
135
137
140
127
133
139
132
136
132
132
134
123
130
129
129
133
126
128
134
118
126
123
126
131
133
132
135
125
137
133
137
142
132
134
136
125
134
137
134
136
131
134
135
126
136
128
125
126
117
121
135
128
136
126
122
131
128
129
133
121
134
125
120
124
113
121
128
119
129
129
131
136
126
131
138
126
134
129
128
131
125
130
139
121
128
123
119
129
129
127
130
119
133
127
127
133
124
122
130
120
131
132
127
131
128
123
127
115
123
124
125
131
127
130
141
127
138
134
128
136
129
129
133
121
127
123
126
131
121
122
132
126
134
132
130
133
127
127
133
131
131
128
125
128
123
124
129
118
121
116
116
119
120
121
128
120
124
121
126
127
121
125
121
116
124
120
120
125
123
124
128
120
124
119
124
129
122
124
123
117
124
122
126
127
118
120
124
114
128
121
128
131
120
120
118
112
128
121
118
122
115
125
127
120
129
121
124
125
119
127
128
118
134
125
119
125
113
121
127
117
128
122
122
124
114
123
128
116
134
124
123
125
116
125
128
116
122
111
112
122
116
126
127
114
128
123
122
131
123
124
126
114
126
120
120
128
122
122
123
110
127
119
118
122
114
122
129
120
129
127
116
126
116
121
123
110
120
113
112
119
105
108
117
109
124
119
120
126
121
129
135
124
132
125
118
120
112
119
130
119
124
117
114
116
114
124
126
114
124
119
121
129
121
124
124
112
126
121
120
122
115
123
118
106
118
108
111
120
109
115
121
109
119
110
111
114
105
107
111
99
113
101
107
118
100
107
110
105
120
119
118
119
111
118
119
111
126
114
117
121
113
122
126
110
121
112
111
114
102
112
117
108
119
112
113
118
112
116
117
106
119
115
111
112
104
114
114
105
115
100
103
109
100
107
108
94
110
101
105
111
104
107
109
102
115
106
115
118
108
111
107
94
106
102
103
104
98
108
115
108
116
107
107
111
97
109
113
99
114
106
110
110
103
106
106
105
118
110
115
119
110
116
116
102
116
113
110
116
105
112
113
103
109
99
95
105
95
110
109
100
112
105
108
114
108
116
114
102
113
104
107
110
97
108
105
98
110
99
108
115
103
112
115
108
118
110
112
118
103
116
114
103
116
107
110
116
103
108
109
98
114
109
114
113
103
115
114
103
117
104
99
105
93
104
104
101
109
103
101
105
96
110
113
101
114
105
107
113
104
110
112
100
113
102
113
112
106
111
114
104
117
105
104
109
104
112
110
105
114
108
111
113
106
112
114
100
112
103
108
112
106
109
107
97
108
104
112
112
101
104
103
98
115
103
106
109
102
108
112
105
115
108
108
108
95
113
100
98
108
98
107
112
105
113
112
105
120
107
114
109
100
111
107
102
122
102
102
107
97
109
111
102
110
103
107
111
100
116
107
100
111
101
99
111
95
112
106
92
106
88
101
96
88
110
106
101
118
109
112
116
102
112
112
96
111
99
104
107
92
106
99
90
109
99
99
112
94
107
106
93
113
102
101
104
93
103
96
84
105
85
92
100
82
99
102
92
104
101
96
109
97
105
107
95
109
93
98
103
86
102
100
89
104
101
97
103
105
108
108
99
113
99
105
109
100
106
110
99
106
102
102
107
104
111
104
96
105
98
104
110
99
108
108
94
115
109
104
104
95
106
99
97
107
96
98
100
94
103
97
93
109
94
95
104
93
105
99
96
103
97
103
103
93
108
102
95
110
93
95
96
78
96
89
94
101
92
103
100
91
115
104
94
106
93
104
102
97
98
97
95
103
93
100
105
94
111
105
98
112
101
103
107
93
108
98
97
96
93
100
101
86
104
94
87
102
91
98
106
98
109
107
100
118
106
112
111
94
113
100
98
104
102
100
112
92
104
99
96
109
95
102
105
90
113
100
100
99
95
98
102
93
108
100
97
105
95
104
101
92
107
102
99
109
103
104
109
100
108
100
93
107
99
98
102
96
107
105
94
110
96
107
116
106
120
111
109
114
110
118
113
102
108
109
101
117
105
109
110
93
112
102
107
114
109
110
113
92
122
112
107
118
104
110
113
102
113
107
109
111
101
107
110
90
114
104
106
113
99
103
105
95
109
100
99
103
94
102
106
91
117
101
100
105
99
95
109
98
104
101
101
110
102
109
113
97
110
100
101
109
101
106
107
97
109
105
95
110
100
105
111
100
121
107
107
114
107
104
115
95
114
101
102
108
101
108
103
86
100
89
97
108
96
97
105
94
118
109
106
106
102
105
108
98
108
98
95
107
90
97
102
86
109
97
99
102
99
102
104
98
108
102
97
111
98
102
98
96
110
105
97
100
91
104
108
98
111
101
101
111
99
109
109
94
110
99
94
105
97
98
107
87
112
97
96
112
103
112
112
103
115
116
108
113
107
103
112
100
117
103
104
111
99
107
112
93
113
111
106
118
110
112
118
106
121
108
107
115
110
110
113
104
113
113
101
108
96
96
109
107
112
106
105
108
103
104
111
95
110
99
98
112
106
108
112
106
112
103
98
104
100
100
106
92
108
103
102
104
102
104
106
103
107
103
102
107
99
105
106
90
106
96
104
105
102
105
104
94
110
104
103
102
93
99
100
89
106
93
102
100
91
92
89
86
100
84
86
94
87
103
99
91
107
88
96
97
95
98
98
83
104
90
96
93
83
99
96
92
110
98
98
102
97
101
106
92
112
97
99
102
91
107
105
86
96
85
85
106
92
101
103
86
110
95
105
101
89
103
100
88
106
89
87
100
86
91
91
85
100
86
101
99
90
102
101
86
102
83
87
98
83
94
93
84
96
90
92
95
85
83
95
86
101
86
89
97
89
102
98
91
98
93
92
101
87
97
100
90
106
89
97
95
94
100
98
81
100
97
98
100
89
99
94
94
108
91
100
98
98
98
106
90
102
91
96
98
92
102
96
96
103
96
95
104
93
100
102
86
103
93
95
99
84
94
88
87
100
92
93
98
87
99
103
89
102
87
100
95
94
107
96
91
102
92
91
98
79
97
89
83
97
84
94
97
88
100
99
88
103
94
92
96
80
94
95
83
84
80
84
93
89
92
91
82
96
88
91
101
82
96
90
84
94
92
88
95
89
89
91
78
94
87
92
96
82
98
99
90
100
93
90
96
87
90
88
80
96
82
90
91
82
88
95
87
96
92
91
100
83
98
92
87
94
