100
96
101
95
98
98
93
101
96
97
98
95
102
99
96
101
97
96
95
95
99
96
93
101
96
95
101
92
99
98
95
102
95
98
99
93
100
96
93
100
96
97
98
95
101
98
97
101
96
99
99
97
101
103
99
101
100
101
100
101
103
101
100
102
98
100
103
99
101
101
99
100
101
103
104
100
101
99
97
103
100
101
103
100
103
104
102
106
102
104
103
99
103
99
98
102
99
100
104
101
106
105
104
107
104
104
106
101
105
105
104
108
101
102
103
99
105
105
101
105
102
104
106
103
104
101
100
102
99
101
104
97
103
99
95
102
95
98
99
94
104
99
98
104
99
103
105
97
102
102
98
101
97
98
100
95
102
96
95
104
97
100
102
95
104
99
97
101
97
98
100
94
103
96
97
98
95
97
97
91
99
98
96
99
96
97
99
98
102
101
97
100
96
97
98
93
100
96
94
103
97
95
104
97
102
101
101
104
101
101
102
98
102
100
97
100
96
98
101
99
101
99
96
98
98
101
101
98
102
100
100
104
101
100
100
96
98
99
99
101
99
99
99
94
103
98
98
101
98
100
102
98
102
100
97
100
97
104
102
97
103
104
103
105
101
102
103
100
104
101
102
103
99
101
102
99
105
102
101
104
99
102
102
98
103
98
97
97
96
102
102
98
102
99
99
104
100
103
103
98
104
102
102
104
99
101
102
97
104
97
98
102
96
99
102
99
107
105
105
108
104
108
109
103
107
104
103
107
101
102
101
97
104
101
102
104
103
105
108
103
112
104
104
105
102
103
109
103
107
104
102
104
100
102
104
99
104
103
103
107
102
104
105
99
103
104
102
105
101
102
103
96
102
97
98
102
101
102
108
101
106
104
103
106
100
103
103
100
103
101
101
105
101
102
103
99
104
106
103
106
102
104
106
103
108
106
105
107
104
105
109
102
106
104
101
104
102
103
105
103
106
104
104
109
103
107
106
100
103
102
100
101
97
100
103
100
104
101
100
104
101
104
107
100
104
101
102
104
104
103
105
100
102
102
100
105
100
102
101
97
95
104
100
101
98
101
103
99
104
102
101
102
98
102
104
98
103
102
102
105
100
101
101
97
106
101
102
106
99
102
104
102
104
104
103
106
102
105
104
102
105
100
100
99
98
102
101
99
102
101
99
103
101
103
102
98
102
102
103
102
99
102
103
98
104
105
101
105
101
105
103
104
105
104
103
105
101
103
105
97
104
101
98
100
97
98
97
93
102
96
98
100
91
103
104
100
108
104
103
105
102
102
103
102
103
101
101
102
97
102
102
96
102
101
103
104
103
104
105
99
103
101
102
105
101
105
105
101
107
104
102
105
103
107
108
104
108
106
110
108
102
107
101
99
103
101
98
102
99
102
104
97
105
104
108
107
104
108
105
102
108
105
101
104
100
99
105
102
106
101
103
103
99
104
105
102
108
105
104
109
103
106
108
103
108
102
105
105
102
103
104
99
111
101
100
102
100
106
104
103
108
102
102
102
102
102
103
97
105
102
103
103
102
106
105
101
104
104
104
104
100
103
106
100
109
104
106
105
101
103
106
101
105
105
102
105
99
102
105
99
104
101
102
105
100
103
105
101
103
102
102
104
100
104
104
101
106
103
102
101
98
101
107
99
103
102
101
104
102
107
104
103
107
105
106
108
104
104
104
97
102
100
102
104
99
104
105
104
106
105
102
105
99
101
105
101
104
101
101
101
99
101
100
99
101
101
101
104
98
103
102
104
104
101
101
101
98
101
102
100
103
98
97
100
94
105
102
101
105
104
103
108
107
110
108
102
106
101
101
105
99
105
101
99
102
101
99
102
99
104
102
101
105
102
105
104
100
106
103
98
102
100
99
102
98
100
99
95
104
98
103
104
100
104
104
101
104
104
100
102
94
104
98
98
102
98
98
101
99
100
105
102
107
103
103
108
102
104
102
99
103
99
102
102
99
102
102
98
104
100
99
102
100
104
104
104
106
105
103
108
102
106
102
100
105
100
102
102
100
101
104
97
100
100
101
104
95
106
101
96
101
98
99
101
99
101
104
101
104
101
103
104
99
103
100
98
101
100
98
102
99
101
104
99
102
99
101
100
96
101
99
97
99
98
95
101
94
102
98
97
100
97
99
99
97
102
98
95
101
98
97
101
97
101
97
97
97
92
100
97
95
102
98
99
101
99
100
102
97
102
99
100
102
100
101
99
94
103
97
95
104
97
96
103
97
101
99
99
102
100
100
99
97
102
99
97
103
93
102
98
93
105
97
97
98
98
99
99
96
103
98
95
103
93
102
98
92
100
95
95
98
93
100
100
93
104
98
98
102
97
100
100
95
98
95
96
96
69
99
17
119
-131
-227
-245
-451
-441
-452
-459
-458
-461
-462
-461
-465
-463
-466
-467
-465
-468
-467
-466
-469
-468
-468
-470
-467
-469
-469
-467
-470
-468
-469
-470
-468
-470
-470
-469
-471
-469
-468
-467
-468
-468
-468
-467
-465
-464
-464
-463
-463
-462
-461
-430
-388
-350
-314
-279
-249
-214
-194
-169
-141
-124
-101
-82
-72
-56
-39
-27
-16
-7
6
16
24
31
38
37
50
49
55
59
61
65
71
75
76
79
80
82
83
88
89
86
90
88
90
93
93
94
96
90
97
91
97
94
97
96
97
91
99
91
95
95
97
91
98
94
98
95
94
97
92
95
93
91
93
91
94
95
93
89
91
85
87
85
88
89
88
89
88
87
88
88
85
85
86
83
87
83
85
82
79
77
77
75
75
77
77
79
79
82
80
81
83
80
82
82
82
78
80
78
78
75
77
77
75
76
76
78
81
79
77
79
78
76
82
78
79
77
77
77
77
76
74
73
71
73
71
74
73
72
74
73
76
72
76
75
77
73
75
73
73
72
72
72
77
74
77
77
77
79
82
81
86
83
87
88
84
84
83
85
83
83
83
84
86
86
89
84
88
84
86
87
91
88
91
93
95
94
97
94
95
96
91
95
99
95
100
94
101
91
99
94
101
99
98
101
101
102
101
100
100
99
99
99
104
100
106
106
110
108
112
109
109
110
109
111
112
110
112
113
111
113
111
115
117
112
117
115
119
119
116
118
116
115
116
117
120
119
116
118
120
114
121
117
120
119
117
117
121
117
119
121
118
120
117
119
119
117
121
117
121
123
121
124
127
124
131
132
130
132
128
133
132
129
137
127
125
124
122
126
132
129
135
133
134
137
133
138
135
132
135
133
133
134
133
135
137
131
136
133
135
134
134
137
139
137
141
138
139
142
137
140
146
137
144
140
142
140
139
138
140
134
142
141
142
147
142
147
149
142
148
145
146
145
141
141
146
140
147
142
141
144
140
145
149
144
149
145
146
147
148
147
151
144
151
148
146
147
145
148
148
142
145
146
143
148
146
147
150
146
152
149
149
152
149
149
151
143
145
146
144
150
151
148
150
147
153
150
153
152
151
151
153
145
152
153
149
151
148
150
150
150
152
149
150
147
145
144
150
144
148
147
146
150
148
149
149
147
148
147
148
149
147
149
153
148
151
147
148
149
149
152
153
152
154
153
150
152
150
155
156
153
157
156
160
157
161
161
158
156
158
159
160
156
156
160
156
157
163
154
159
158
157
159
159
157
158
157
159
159
155
163
155
158
162
155
159
162
157
161
160
156
167
158
167
166
157
164
161
159
169
160
157
162
156
161
159
158
164
156
162
161
158
167
159
163
161
157
160
158
158
160
152
154
158
153
159
156
154
155
158
153
160
152
155
155
149
151
152
147
151
146
150
147
142
143
142
136
143
139
140
142
136
140
138
133
137
133
134
133
127
123
125
119
126
119
118
121
117
119
123
119
121
119
117
118
114
114
110
103
107
103
102
103
100
99
99
93
97
91
93
94
90
90
90
82
89
81
80
79
76
74
76
68
71
66
67
66
62
60
57
53
56
53
54
54
50
50
50
46
50
47
43
43
39
40
39
37
41
39
39
39
35
36
40
34
37
30
35
33
31
36
34
30
35
27
32
30
28
32
29
28
31
28
27
26
24
26
28
25
29
27
28
30
26
27
29
23
27
24
25
26
25
24
23
19
22
18
22
23
17
21
21
17
22
21
20
21
18
21
21
20
25
21
22
20
15
16
18
16
21
19
20
22
22
23
24
20
27
22
24
26
20
23
22
19
24
20
19
21
19
24
24
21
25
22
22
25
21
26
25
22
26
22
23
25
23
25
24
20
24
21
26
29
25
28
29
28
32
29
34
32
26
33
28
31
32
28
33
31
31
35
32
29
39
34
34
38
38
41
41
39
42
39
41
42
39
42
42
40
46
44
42
43
39
44
45
47
47
47
47
48
46
51
50
44
50
49
48
49
48
52
52
48
54
52
56
58
57
61
60
57
62
59
59
58
56
59
59
60
62
59
62
62
61
66
67
64
69
68
70
72
70
72
72
70
75
73
76
76
74
79
76
74
81
77
79
81
78
81
83
81
83
78
79
82
79
84
82
80
84
82
84
86
84
87
89
86
89
86
88
86
85
89
87
84
92
88
89
91
90
91
92
90
93
91
93
95
91
97
91
91
95
93
95
99
91
99
95
97
98
95
102
97
93
102
98
95
106
98
100
100
95
102
97
98
101
99
100
104
103
107
105
105
108
105
106
110
103
106
105
102
105
102
102
104
101
106
106
104
109
106
106
110
106
111
111
108
111
108
108
110
107
110
108
107
110
107
110
115
110
113
111
111
114
114
115
115
110
114
110
108
112
108
109
111
107
112
111
108
114
112
113
115
112
117
115
112
116
110
111
114
109
113
112
112
114
114
114
113
109
115
114
112
118
114
116
118
114
119
119
114
116
114
116
117
114
119
116
113
115
111
113
117
113
117
114
114
117
114
112
114
109
114
112
113
118
115
117
119
115
119
117
113
118
115
117
118
114
118
116
117
118
116
116
120
113
120
116
114
118
116
114
117
111
116
116
119
120
118
120
122
118
125
125
122
124
121
123
124
120
124
122
123
123
120
120
122
117
121
117
115
119
120
122
124
119
124
122
123
125
121
121
125
119
125
121
118
119
119
121
124
121
125
123
122
125
125
126
125
119
125
122
123
125
126
124
124
119
124
122
125
126
125
125
128
130
135
130
130
130
127
126
128
127
127
123
123
123
119
121
121
120
126
125
125
128
132
132
133
127
128
130
127
125
123
124
127
123
130
129
128
130
127
127
129
129
134
130
132
132
130
136
134
129
135
133
131
134
130
132
134
127
129
129
130
133
132
132
133
127
132
131
131
131
124
124
123
120
124
120
124
127
125
128
133
127
132
131
129
132
128
130
132
128
133
129
129
130
128
128
132
126
132
130
129
130
127
125
129
128
134
130
130
133
129
132
133
125
128
127
126
130
128
129
132
126
127
125
123
127
123
125
125
120
128
127
125
128
131
130
136
129
136
134
131
134
132
133
132
126
127
125
127
133
131
132
136
130
134
132
133
134
131
131
134
129
134
131
130
131
128
128
133
128
132
129
129
131
131
131
132
127
126
125
124
128
129
128
129
126
125
122
120
119
120
122
125
121
126
127
127
129
130
131
132
127
127
123
122
126
127
126
128
125
125
122
125
127
123
126
127
126
130
134
134
132
130
131
131
129
133
128
129
130
125
124
125
122
125
125
125
126
126
127
128
127
130
125
125
126
120
121
123
121
126
124
123
126
122
129
134
132
135
129
133
131
129
130
133
127
129
130
130
133
129
132
131
126
128
127
127
129
129
130
132
126
130
131
132
133
129
132
131
131
132
128
128
134
127
126
126
119
128
127
125
129
127
124
125
121
126
122
123
126
121
125
127
121
130
129
130
131
126
122
120
122
125
122
122
127
123
128
130
125
127
124
123
124
123
124
126
121
127
124
124
126
122
128
131
127
130
133
132
134
129
130
132
130
134
131
130
133
127
129
129
125
123
124
123
125
118
125
129
127
130
130
132
134
129
132
132
126
127
125
124
123
117
122
124
123
127
124
125
125
124
129
132
133
130
130
130
133
127
126
125
122
126
124
124
122
123
125
127
122
129
127
125
127
124
126
125
124
126
124
120
121
120
123
122
117
122
119
124
127
123
128
131
130
132
130
132
130
124
121
123
120
129
126
125
125
121
122
122
121
127
124
124
126
122
129
131
128
132
124
123
126
123
125
125
122
131
126
122
123
115
124
123
122
128
126
124
123
120
124
124
115
123
118
119
118
118
125
122
119
123
120
121
127
122
126
125
119
125
124
124
126
120
126
128
127
128
129
129
132
125
127
132
124
128
129
131
131
128
131
131
128
132
128
124
128
123
125
123
120
124
126
122
123
119
121
124
120
127
118
120
125
121
126
126
122
126
125
122
125
125
127
128
126
127
122
120
125
120
125
124
123
124
127
125
129
128
129
129
126
128
127
125
127
125
126
127
121
123
125
125
129
129
132
132
133
132
130
131
129
128
130
131
128
131
131
130
128
122
121
123
127
127
125
125
129
130
134
136
130
134
131
130
131
129
129
126
125
126
123
125
124
122
129
130
126
127
126
128
130
129
135
129
130
130
128
127
125
122
127
126
123
125
122
128
130
130
130
129
127
128
130
132
129
125
127
123
120
119
120
122
124
119
123
122
123
127
124
126
130
125
130
129
127
125
120
121
123
120
123
122
120
126
121
125
122
117
124
121
123
125
122
123
126
120
125
121
120
124
121
123
123
120
126
128
124
123
119
119
126
121
125
123
119
123
117
122
120
116
120
123
118
126
119
122
126
119
125
121
120
123
121
122
123
120
124
123
120
125
122
121
123
121
124
120
120
123
122
122
124
121
121
124
122
127
121
123
122
121
125
126
121
123
124
122
124
119
125
124
124
124
120
119
123
118
120
121
117
122
119
123
126
120
123
121
122
125
121
123
123
119
120
121
117
119
119
117
122
118
124
123
124
125
123
123
126
120
125
125
122
125
122
127
123
120
124
121
123
129
130
129
132
127
130
133
131
130
127
128
131
127
129
127
122
121
120
119
122
118
127
125
124
124
127
128
132
128
130
126
120
126
120
121
124
117
123
120
121
122
120
123
124
123
126
124
123
126
124
126
128
124
126
122
123
123
123
121
124
118
123
120
120
125
121
123
123
118
124
127
123
123
120
117
122
116
122
120
120
123
120
123
125
119
124
123
120
122
120
121
123
118
124
117
120
121
117
119
122
118
121
123
120
122
119
120
123
122
125
121
122
122
124
123
127
120
122
123
120
124
121
121
124
117
121
119
119
122
121
120
124
116
121
120
120
122
119
123
124
123
124
123
122
124
122
120
120
114
120
117
120
121
121
122
122
119
124
123
122
123
120
119
124
118
124
121
121
121
119
115
122
119
122
120
118
120
117
123
122
117
123
117
119
119
119
117
121
115
119
115
117
114
112
117
117
113
121
119
119
120
121
118
122
117
122
117
119
118
117
122
120
116
117
116
118
124
120
122
124
118
126
120
124
123
120
119
123
117
123
120
118
120
116
117
119
115
121
117
119
118
117
120
120
116
121
118
116
121
115
117
118
111
116
114
115
113
114
117
122
115
125
119
119
122
116
118
118
115
118
118
117
117
116
117
119
114
120
115
118
122
116
120
121
118
121
123
121
123
115
119
122
116
125
117
118
120
117
116
121
116
119
119
118
121
116
121
119
117
122
115
115
118
117
118
121
119
122
121
120
122
116
120
120
116
121
118
117
116
117
119
125
115
120
116
115
117
115
119
118
115
117
114
113
117
115
118
119
114
121
117
118
118
114
117
116
114
118
116
115
117
114
114
118
109
116
113
116
116
115
115
116
113
118
116
115
120
115
120
120
118
120
118
116
114
114
115
118
114
122
117
119
122
116
119
123
117
119
116
116
115
116
115
118
112
119
114
115
115
114
117
117
114
116
117
116
116
116
117
117
113
119
114
117
116
113
113
119
110
113
113
114
119
117
119
122
117
123
119
121
119
114
114
115
109
114
115
112
114
110
112
111
112
114
111
113
115
113
115
119
113
118
115
113
116
115
116
115
111
113
111
111
111
111
112
116
111
118
114
114
115
113
116
112
113
112
112
111
113
111
114
114
108
116
113
116
117
118
117
117
109
116
114
116
117
111
115
116
115
118
116
117
117
114
115
116
113
117
115
115
117
113
117
116
115
118
116
118
116
115
115
118
114
119
115
117
116
113
115
116
114
118
115
113
117
114
118
116
113
119
114
116
116
116
123
118
113
118
113
111
114
110
112
113
111
117
112
117
115
113
114
114
110
116
113
112
115
112
115
113
111
114
112
115
118
114
118
117
111
119
114
113
118
112
116
115
113
117
114
115
116
111
112
116
111
120
114
115
118
114
117
117
117
119
117
116
119
114
118
114
111
115
112
112
114
112
116
117
112
116
114
113
116
112
115
115
111
117
111
113
115
111
114
117
111
115
115
114
117
112
117
115
114
117
115
116
120
114
116
118
111
115
116
116
115
113
114
115
114
120
117
117
120
119
120
122
116
117
114
114
114
112
115
114
112
114
111
109
113
109
111
112
108
114
113
112
114
111
114
111
108
113
110
112
112
110
113
113
109
111
107
110
113
113
116
115
112
115
111
114
114
108
113
112
110
115
116
114
116
111
113
113
112
116
112
114
114
109
112
114
110
115
111
112
113
113
114
113
110
114
109
111
113
107
113
114
110
113
114
113
114
112
117
115
114
117
112
113
113
110
114
116
110
114
110
110
112
110
111
111
107
116
110
113
118
112
116
115
113
116
114
113
114
110
113
111
108
113
110
111
114
112
116
117
112
119
114
113
115
112
115
115
112
116
113
113
113
107
111
112
111
113
112
112
115
111
114
114
113
113
111
112
113
109
114
112
108
109
107
105
109
109
111
114
111
114
113
117
117
113
115
115
111
114
113
112
114
110
112
111
113
115
114
116
118
112
117
117
114
117
116
116
116
113
115
112
110
112
110
113
110
107
110
110
109
113
110
111
112
111
114
112
112
111
107
107
107
104
109
109
108
111
108
110
111
109
114
113
110
113
110
113
112
109
112
109
108
112
108
110
111
107
112
108
108
108
105
109
110
108
115
110
110
113
109
111
113
108
112
110
108
112
108
114
112
106
