70
76
73
72
85
82
81
79
78
81
86
71
83
71
74
72
69
74
79
75
82
76
72
73
72
77
85
70
79
69
75
77
70
77
74
65
80
79
74
79
69
80
79
70
75
62
69
77
71
75
82
65
82
71
74
81
69
79
78
70
81
73
76
80
69
72
76
60
82
78
76
74
64
74
75
74
82
76
74
79
71
79
84
69
87
77
74
72
67
69
81
68
79
75
77
92
77
89
92
76
90
83
80
78
71
78
85
76
82
67
65
74
66
78
75
70
80
77
80
86
84
78
87
70
86
78
79
81
71
74
68
59
57
64
70
77
78
81
85
81
91
78
81
78
72
79
75
63
68
71
69
78
69
68
71
67
86
77
83
80
75
78
80
69
84
74
75
78
66
75
74
74
81
67
75
72
64
80
81
70
80
71
73
80
70
77
74
66
72
67
68
69
60
69
78
63
74
69
71
79
72
74
73
71
82
74
73
76
63
79
71
63
72
63
67
74
68
72
65
57
68
69
73
75
64
77
75
71
89
75
76
81
71
76
79
71
80
76
73
75
61
70
70
67
78
65
68
76
68
73
76
63
77
74
80
84
69
84
77
73
76
64
62
69
59
68
75
61
77
72
76
79
67
81
74
70
77
70
71
85
72
81
69
65
80
72
80
80
73
79
81
79
89
82
76
83
71
83
82
69
78
70
70
71
57
60
62
55
69
72
67
82
66
83
81
76
86
74
76
77
64
70
70
66
82
66
67
70
53
68
77
68
75
76
71
82
70
82
80
70
84
69
72
77
66
76
76
68
68
67
62
69
62
70
71
67
81
71
72
75
67
67
75
60
69
66
68
80
67
76
70
67
74
71
71
76
64
72
75
62
70
67
72
73
65
75
67
68
74
68
70
66
58
65
73
65
76
64
72
73
69
79
75
74
76
71
70
76
62
72
72
68
76
68
67
67
64
72
65
64
77
63
64
75
68
83
77
71
76
69
78
79
78
80
74
65
76
61
67
78
64
76
76
70
80
77
78
76
68
76
74
73
83
72
76
74
63
72
70
66
76
70
72
78
74
84
80
71
87
72
79
82
69
80
83
69
80
74
67
73
56
67
80
73
83
72
80
85
79
92
91
78
88
77
76
83
72
84
80
74
81
72
78
81
71
81
84
73
86
77
74
82
72
75
74
68
71
66
68
72
68
75
73
64
74
67
71
75
71
76
72
70
76
72
80
73
62
68
66
59
72
70
74
71
66
71
68
63
71
68
70
76
65
75
69
70
74
66
71
70
65
71
70
67
76
65
75
72
61
71
76
74
84
74
79
81
70
81
78
73
84
74
80
82
71
82
72
68
72
58
61
70
65
81
69
64
76
66
78
76
64
76
72
71
83
72
76
78
63
70
70
62
72
63
69
72
63
72
70
65
73
70
69
77
63
72
68
66
74
66
69
71
61
69
73
69
86
70
76
84
69
82
81
76
82
73
78
80
66
80
72
71
74
58
59
67
62
71
66
72
83
78
81
85
74
83
72
70
79
68
70
72
61
70
73
64
69
65
68
79
68
82
76
75
82
75
79
82
70
82
77
73
80
77
75
76
63
69
64
70
80
71
74
78
66
76
78
71
75
63
65
68
60
68
65
64
71
65
69
79
58
73
76
73
78
74
75
75
66
76
69
70
78
69
71
76
63
71
74
66
74
63
63
70
69
76
73
68
80
71
78
84
70
80
71
75
79
74
78
82
74
81
73
73
79
72
77
79
70
80
80
78
86
79
81
85
79
86
80
80
85
79
83
80
67
73
70
70
79
75
77
80
70
83
79
82
81
71
82
84
75
88
81
79
81
68
72
72
74
82
71
74
82
68
77
80
68
79
70
72
80
72
75
78
67
78
68
71
71
57
67
75
64
78
75
77
81
78
82
83
72
81
70
68
73
62
70
75
58
64
60
57
69
64
71
73
62
77
76
83
86
74
79
83
69
86
76
74
82
73
76
81
64
77
77
74
80
72
80
83
71
82
73
68
78
68
70
77
65
76
73
74
80
69
72
80
72
86
79
78
80
73
74
79
69
76
73
72
77
71
82
82
72
76
71
69
77
71
77
82
69
80
75
79
81
71
75
75
67
80
71
68
74
71
75
75
68
73
69
72
75
68
77
72
68
74
71
74
78
70
77
78
70
84
80
81
86
73
80
74
67
83
75
77
81
72
84
90
79
88
76
79
81
71
80
78
72
85
74
74
83
63
73
81
69
79
75
73
81
71
80
77
64
83
71
71
79
66
77
82
65
69
60
59
71
62
67
70
-202
269
-241
-243
-453
-460
-461
-459
-458
-458
-457
-457
-457
-445
-453
-439
-433
-441
-424
-431
-426
-422
-429
-421
-423
-427
-420
-425
-424
-421
-429
-423
-425
-431
-424
-431
-431
-426
-438
-431
-433
-445
-453
-446
-443
-448
-458
-462
-463
-463
-464
-465
-465
-465
-466
-465
-466
-467
-469
-472
-470
-468
-467
-466
-465
-464
-463
-443
-398
-362
-322
-292
-258
-232
-195
-182
-159
-138
-121
-102
-87
-79
-68
-50
-36
-23
-17
-5
-2
5
15
22
23
30
31
36
35
38
47
53
52
52
51
53
53
56
69
71
70
71
74
72
74
70
71
72
71
76
76
78
77
78
78
76
66
69
68
71
69
69
71
74
69
67
67
64
63
59
60
57
54
53
52
51
50
44
41
37
37
40
42
38
34
32
34
32
32
32
25
27
24
18
18
23
11
11
5
-2
-7
-9
-6
-9
-10
-14
-14
-17
-12
-18
-18
-22
-27
-30
-30
-37
-41
-38
-38
-40
-46
-45
-48
-53
-50
-51
-52
-44
-51
-49
-51
-51
-49
-48
-50
-54
-60
-57
-56
-58
-52
-52
-54
-59
-58
-55
-47
-50
-51
-50
-49
-49
-48
-45
-48
-47
-53
-52
-46
-46
-46
-43
-41
-39
-39
-37
-38
-31
-31
-26
-24
-19
-21
-21
-15
-17
-15
-16
-7
-9
-6
-4
-1
1
6
6
5
10
5
11
17
18
16
22
24
27
27
34
33
28
37
35
36
41
42
40
47
42
41
46
47
51
53
48
56
54
62
59
63
65
72
73
76
79
75
80
83
91
92
89
88
87
87
92
95
100
99
96
107
99
103
106
105
103
102
100
106
112
110
111
112
106
107
104
114
116
116
117
117
121
123
125
126
129
125
125
131
137
139
135
140
137
131
132
135
127
132
136
140
147
149
144
150
149
151
159
154
153
150
143
153
144
145
151
141
148
148
136
151
153
146
156
145
153
159
147
162
153
150
159
148
150
151
144
159
159
147
158
150
150
156
146
159
157
148
166
152
153
165
144
162
152
144
158
147
155
161
152
162
163
148
167
157
163
170
155
169
164
153
169
160
158
169
152
165
162
159
174
164
163
165
150
164
162
156
173
157
168
172
168
172
172
162
169
159
168
168
162
171
167
163
168
165
161
166
161
172
170
166
172
161
162
168
160
173
169
161
171
167
168
175
168
174
164
149
166
150
166
164
154
168
163
161
170
168
170
172
157
172
161
160
165
157
168
164
155
169
159
159
172
160
170
169
161
176
165
168
175
164
175
166
153
169
159
159
171
153
156
162
140
154
155
158
165
158
162
165
156
166
162
152
167
145
153
154
144
151
148
141
151
139
144
150
139
154
150
148
168
146
154
161
148
155
152
148
162
143
150
153
138
156
144
140
143
140
147
153
142
152
149
143
156
142
152
141
132
143
136
134
144
133
136
140
126
134
138
136
148
137
144
145
134
147
135
128
132
126
122
135
118
130
137
121
131
124
126
124
115
124
121
119
130
115
119
127
114
128
119
114
119
109
109
112
102
121
114
107
116
91
113
120
102
115
106
102
106
105
109
110
97
109
104
101
118
104
112
117
96
109
103
98
102
99
100
107
93
116
103
100
108
94
101
108
94
110
101
95
106
99
95
103
80
100
93
106
102
89
97
100
90
103
97
92
97
84
88
95
80
98
81
87
88
79
76
89
75
87
82
81
91
86
90
97
83
96
85
88
96
81
86
91
76
97
83
77
78
74
85
88
81
100
75
85
90
83
86
90
73
87
79
79
85
79
88
85
74
83
73
79
80
76
79
84
71
91
85
83
82
73
78
84
76
84
75
78
89
78
82
89
69
91
84
88
93
87
92
100
75
93
84
80
92
80
91
95
79
95
89
85
88
75
83
95
84
97
84
85
96
80
93
92
77
94
89
88
92
86
84
97
73
93
86
83
95
88
95
94
81
93
91
85
93
85
82
95
81
91
82
85
88
85
88
92
72
82
83
78
86
79
81
88
77
96
86
92
91
87
90
93
78
94
91
91
94
81
86
88
87
98
87
95
96
94
101
104
86
101
87
88
99
91
96
95
94
103
88
85
88
83
89
98
79
106
91
99
100
95
104
99
96
105
95
97
96
88
108
99
83
100
83
102
106
103
107
109
99
112
106
107
110
96
109
108
96
108
98
103
105
98
100
104
91
120
104
106
115
101
116
114
103
119
106
104
115
100
99
102
90
114
101
108
115
102
111
117
114
130
120
115
124
114
119
123
108
125
111
115
117
105
117
121
109
118
110
108
120
107
116
123
108
122
120
121
123
118
119
121
112
126
119
112
122
114
123
124
108
114
109
118
122
119
126
118
130
112
124
129
124
126
130
125
132
134
137
135
125
121
124
118
136
123
123
128
128
136
140
127
135
130
131
136
129
134
133
121
135
120
120
124
115
126
132
121
132
133
129
135
125
128
133
129
136
126
124
125
123
130
144
124
126
116
117
125
115
126
124
122
139
135
138
143
133
137
140
126
132
126
123
125
117
118
120
115
126
123
124
124
119
129
135
122
131
126
125
128
127
131
129
124
131
132
130
131
119
125
127
121
137
131
135
136
131
136
137
132
132
129
130
133
121
128
133
123
121
119
120
123
128
131
136
125
139
132
134
141
121
131
128
123
129
127
123
128
126
128
130
124
131
121
130
137
126
131
133
132
134
128
131
135
127
130
131
120
133
125
134
136
124
125
131
119
133
132
126
133
121
131
132
126
132
119
127
131
127
132
141
130
147
138
133
136
123
132
131
123
131
131
138
140
131
136
143
129
145
134
137
140
132
143
142
135
139
136
133
145
140
148
145
135
148
136
141
144
138
138
140
132
137
133
140
140
127
128
129
112
130
123
124
127
122
126
136
128
142
137
137
144
134
146
141
134
142
135
136
132
127
127
129
126
137
131
144
139
132
141
140
138
145
135
138
136
127
131
137
127
137
126
131
129
130
136
137
132
141
137
140
146
137
143
141
134
144
130
143
139
132
142
134
130
149
131
134
142
132
147
147
140
154
135
143
141
130
138
132
124
136
128
133
140
121
132
129
124
135
131
137
135
129
137
140
128
148
132
138
137
129
142
143
132
141
132
131
138
120
131
137
124
136
128
134
141
124
131
131
124
130
130
126
135
129
137
142
131
144
130
135
138
134
141
144
133
141
132
134
144
132
140
134
128
136
127
130
139
129
136
137
126
132
133
132
136
126
133
132
132
143
139
138
138
134
135
142
128
143
133
136
137
128
135
127
121
128
127
127
137
129
138
137
134
145
134
136
136
132
140
137
131
142
128
127
131
123
135
144
141
144
135
146
142
140
146
142
135
142
135
139
140
128
141
134
129
132
124
127
132
129
136
137
134
144
137
142
144
130
142
136
131
134
126
123
125
118
125
126
119
133
129
142
141
132
142
132
128
138
133
125
127
117
127
124
124
135
124
129
133
120
126
129
125
126
123
124
131
127
135
134
131
131
127
132
134
121
127
128
125
131
125
121
125
117
135
132
137
136
133
134
133
122
129
126
115
127
119
130
141
133
143
132
131
134
128
135
140
125
132
127
124
137
126
130
132
121
131
134
128
135
126
124
129
118
133
126
123
135
132
134
138
126
133
136
129
137
131
133
134
122
133
129
128
140
125
123
126
111
126
130
127
128
125
125
128
126
143
137
133
142
139
139
146
130
144
138
131
140
129
133
137
129
137
135
133
145
138
138
144
131
140
135
125
135
127
130
135
125
132
129
117
125
121
125
134
125
132
131
133
139
135
133
135
127
136
130
125
132
125
125
119
108
120
121
124
132
128
134
135
130
141
133
132
135
125
129
135
119
129
127
124
125
120
123
121
116
131
130
131
143
129
134
137
128
144
134
129
135
126
123
124
115
133
120
117
124
110
121
128
120
130
124
125
127
125
126
125
111
127
118
118
127
118
124
131
120
130
129
124
133
126
124
124
114
137
126
125
129
122
123
130
115
125
119
118
128
122
119
120
103
123
118
120
129
125
125
131
119
132
132
121
128
119
120
127
117
129
129
123
124
117
114
126
109
129
123
117
124
122
122
128
116
122
120
121
127
118
121
125
112
117
114
108
110
112
114
120
113
122
117
117
121
115
118
121
110
123
119
117
120
124
123
124
111
123
115
124
126
119
123
126
121
130
129
126
128
126
126
129
123
131
123
117
122
109
112
113
103
118
114
117
124
121
126
129
123
134
122
127
124
115
119
121
113
131
124
118
122
110
122
128
124
130
123
120
126
118
126
126
110
128
119
117
125
120
122
125
112
121
114
117
121
115
120
125
114
129
121
118
120
110
111
115
106
117
109
113
123
110
120
117
104
119
115
115
122
110
114
118
107
121
114
116
120
109
113
116
105
122
114
112
114
105
106
113
106
120
112
113
120
112
122
124
113
126
117
117
124
112
117
121
110
122
113
116
115
114
118
118
106
124
110
116
123
119
124
128
118
131
125
119
124
117
124
117
104
112
101
110
122
113
119
123
112
129
122
121
123
114
120
121
111
124
115
116
121
106
110
115
102
118
112
112
118
114
126
126
112
125
118
114
127
113
121
120
105
115
111
108
107
98
109
113
106
125
113
115
122
115
123
129
115
120
108
108
112
107
115
117
109
118
111
109
121
112
118
117
109
120
116
114
119
105
110
112
100
112
104
106
110
105
114
114
102
109
107
108
113
107
118
118
110
120
111
115
118
106
117
117
104
120
118
117
115
104
114
108
105
119
105
107
111
105
112
113
102
115
101
104
107
101
110
107
103
113
102
106
110
97
110
114
100
116
111
109
114
103
112
109
101
116
104
105
112
99
110
112
96
107
94
105
109
101
108
108
99
117
110
111
120
108
118
117
106
118
114
108
110
96
102
101
90
111
96
103
105
92
108
106
95
114
104
101
110
104
105
107
98
109
101
103
104
94
103
106
97
111
106
106
114
103
113
113
108
111
102
103
103
90
106
105
95
105
95
102
105
101
111
110
108
123
119
121
118
106
109
106
98
106
104
101
107
100
108
104
103
106
99
105
113
104
116
116
107
116
109
112
112
105
115
109
105
113
104
110
109
94
108
98
98
113
104
106
110
96
112
110
104
112
105
107
110
102
118
112
104
118
107
105
110
99
110
107
100
108
102
106
110
99
115
110
99
116
101
100
107
95
112
107
98
107
98
100
109
97
113
105
97
112
101
104
111
97
107
103
96
108
96
104
106
96
103
99
87
108
92
99
102
93
109
107
101
117
108
106
113
100
114
110
100
109
102
101
110
93
105
103
99
112
105
110
111
100
108
107
103
116
101
104
110
98
112
110
104
109
100
100
99
95
113
107
97
111
98
102
115
101
109
106
98
110
106
105
108
97
106
101
95
114
99
107
113
100
111
114
112
114
107
108
111
98
107
103
95
109
95
105
112
93
107
97
87
109
102
103
108
95
118
109
105
115
100
104
106
97
109
109
100
110
99
96
102
88
106
99
96
103
101
106
105
92
105
98
85
100
95
98
103
96
106
105
102
109
96
96
103
93
114
105
95
109
97
103
108
100
100
101
96
104
97
97
107
91
105
92
90
100
94
100
98
88
101
96
93
99
93
102
103
88
105
97
93
104
90
99
98
86
98
90
88
104
88
98
99
89
107
100
97
105
100
100
115
92
110
98
94
110
88
95
99
86
106
99
96
106
98
105
109
100
109
95
98
107
93
107
105
94
110
96
94
105
91
97
102
90
104
99
96
104
103
101
105
90
106
102
95
110
101
94
108
92
105
94
94
108
96
109
112
97
111
108
101
116
102
97
105
82
107
99
97
104
96
94
103
79
102
100
95
108
94
103
108
97
108
102
103
104
96
102
104
89
107
97
102
100
90
94
99
90
106
99
102
99
92
99
103
85
101
89
92
98
87
92
100
89
104
97
95
98
94
99
103
86
103
88
97
101
94
100
98
89
106
94
98
98
89
103
99
86
114
88
96
103
96
97
111
96
111
106
106
108
99
108
104
95
112
100
102
114
98
97
102
83
108
97
100
95
94
107
106
98
111
102
99
114
101
104
116
97
113
101
97
100
87
103
102
95
114
103
102
114
98
105
109
89
112
103
100
105
96
95
106
92
108
90
90
106
92
102
105
87
102
101
95
109
97
96
103
87
105
93
95
103
86
96
93
84
95
101
95
107
93
100
109
99
118
104
102
103
86
99
107
88
101
96
95
103
90
94
96
89
106
92
98
102
97
97
107
95
105
102
96
101
91
100
101
97
104
93
95
96
92
96
110
95
108
98
100
106
98
106
94
92
104
93
92
101
91
102
103
87
108
94
101
106
97
101
97
92
104
92
95
100
88
101
104
87
105
92
99
97
95
102
96
84
105
97
96
102
92
103
107
91
114
102
99
103
97
97
102
93
105
97
94
104
88
99
102
88
97
90
95
102
99
99
106
93
112
96
105
110
94
110
108
94
104
92
91
100
91
103
102
90
112
98
101
101
91
100
96
83
99
90
91
102
93
100
91
82
99
84
98
98
87
96
105
89
110
99
92
102
85
99
99
84
99
88
92
93
82
86
92
86
105
93
97
104
95
107
106
94
104
92
98
95
88
95
103
87
110
92
93
99
84
100
95
93
95
94
92
99
89
99
97
81
102
85
93
96
84
98
95
86
94
89
91
99
85
98
98
85
112
96
98
97
90
93
96
76
94
89
94
100
87
100
92
88
101
93
102
94
94
96
98
85
102
91
96
94
87
89
92
87
101
89
89
91
82
83
92
82
97
80
91
94
88
94
96
87
96
89
93
96
82
100
93
86
95
83
89
84
86
91
88
77
94
85
86
89
82
94
97
84
96
84
94
91
88
94
90
76
90
82
90
99
83
94
93
90
96
89
95
99
86
96
92
83
