75
65
66
69
63
74
73
69
74
67
74
83
76
81
74
70
74
65
82
74
63
65
61
60
59
61
70
71
68
73
77
77
80
73
77
76
69
87
74
74
78
74
76
78
68
69
71
73
82
68
84
79
74
85
77
78
82
74
79
74
63
73
68
70
57
58
66
69
73
88
80
80
87
77
82
85
71
80
70
72
73
67
75
74
69
78
69
66
76
65
75
89
70
79
75
77
77
75
80
78
72
85
75
72
77
66
76
76
64
70
72
69
72
67
75
77
68
84
79
71
82
59
69
68
63
69
70
77
79
67
73
76
64
81
70
67
71
55
71
78
69
78
73
71
75
65
72
72
68
75
67
65
69
59
60
65
65
71
74
68
75
68
75
76
77
78
70
73
72
67
73
82
67
72
66
61
72
70
78
71
71
82
75
72
84
77
83
84
76
89
86
81
88
74
79
70
67
76
73
74
80
71
79
82
71
80
76
74
78
73
83
74
67
77
73
71
78
66
71
77
74
79
78
77
80
74
82
81
77
85
77
73
75
65
78
76
71
70
64
65
65
67
72
73
63
77
77
80
87
72
82
76
68
74
67
66
66
67
74
77
66
75
72
76
80
73
82
85
76
84
77
76
79
76
75
80
69
79
71
80
73
62
66
73
66
80
75
71
80
69
78
77
73
77
62
63
66
59
66
68
64
73
56
61
65
65
77
75
71
78
70
78
77
71
73
76
71
81
74
74
78
75
79
74
71
73
69
71
81
76
79
78
69
79
69
76
78
67
75
71
65
74
73
77
81
66
76
73
71
85
74
73
73
66
78
74
68
75
73
75
80
67
81
73
75
82
77
80
74
65
69
74
64
70
65
67
75
63
71
71
63
75
71
67
73
65
75
78
65
74
62
61
68
66
79
73
72
79
74
74
85
73
82
75
74
82
72
84
85
76
79
72
64
73
72
71
79
66
81
81
76
77
77
81
85
78
84
78
71
77
69
69
77
61
69
74
73
82
73
76
79
68
76
76
69
81
69
75
78
63
73
77
73
74
69
67
68
68
83
75
70
82
75
81
82
72
81
82
75
78
74
70
75
69
80
76
71
78
73
80
85
75
81
89
80
90
83
79
83
70
81
72
68
77
71
77
82
68
73
71
69
82
82
81
85
76
84
80
78
85
76
74
77
71
74
79
69
78
62
61
62
56
68
72
70
73
72
75
81
68
76
71
69
75
70
71
77
74
81
79
74
76
70
75
82
68
79
76
72
77
71
77
75
72
76
72
65
73
64
64
76
57
64
63
57
67
72
65
72
64
77
71
73
79
70
74
78
67
76
70
73
76
73
70
73
66
73
71
68
76
63
70
76
72
82
76
71
78
79
75
80
66
83
78
76
70
64
65
71
72
77
77
71
84
76
80
88
77
83
77
78
84
74
80
87
76
78
76
71
80
76
84
86
75
86
85
89
87
83
80
81
74
86
81
76
86
77
80
79
71
71
75
74
80
74
81
89
77
88
91
79
89
82
82
79
71
77
77
81
78
72
72
77
70
86
79
75
79
73
79
81
75
77
75
71
80
68
76
79
71
80
70
70
71
69
73
78
73
75
78
77
86
79
80
80
70
88
76
73
74
76
78
85
74
83
80
80
90
82
89
86
82
87
82
81
88
77
76
85
66
79
74
84
79
69
75
69
65
81
74
78
80
74
80
89
76
86
73
79
78
75
73
78
72
81
76
69
76
63
69
78
71
79
71
73
73
67
70
71
61
79
72
73
79
71
83
88
74
82
70
73
77
74
74
78
69
83
79
79
88
76
83
82
74
80
79
76
83
73
73
75
66
84
78
80
83
74
82
88
80
86
85
76
85
76
79
79
65
78
73
73
75
64
62
60
58
66
69
61
73
68
74
76
71
80
74
78
79
70
75
86
71
76
73
67
72
72
80
77
71
82
88
77
85
81
75
85
72
84
83
78
83
74
84
78
73
74
75
75
83
75
80
87
76
87
81
81
81
84
82
84
77
78
77
73
76
64
65
68
66
84
80
80
82
83
85
89
86
82
79
72
78
69
78
78
73
81
72
71
72
74
74
81
71
79
76
83
82
74
83
78
76
80
78
71
75
72
79
81
75
76
67
74
79
71
84
78
74
82
78
75
79
69
67
72
63
70
65
79
79
69
76
76
68
83
82
75
76
66
81
76
77
82
74
74
74
72
76
81
73
90
77
74
76
63
71
75
71
81
73
80
79
78
80
82
69
85
75
73
71
68
78
78
71
68
75
65
77
70
48
-1
-30
167
-416
-453
-461
-461
-462
-459
-458
-458
-457
-457
-457
-457
-458
-457
-452
-457
-442
-443
-441
-432
-441
-433
-432
-438
-430
-435
-434
-430
-438
-433
-434
-440
-433
-440
-440
-436
-448
-452
-450
-451
-453
-460
-462
-462
-462
-463
-463
-463
-464
-464
-465
-464
-465
-466
-468
-471
-473
-471
-470
-468
-465
-464
-463
-462
-408
-369
-318
-278
-253
-220
-196
-165
-143
-121
-106
-79
-65
-53
-40
-23
-12
0
16
26
33
41
54
54
62
67
69
78
80
84
88
87
91
91
94
89
88
84
91
94
96
92
92
97
93
98
91
95
87
87
81
80
77
76
74
69
67
63
56
61
70
69
65
64
62
62
60
54
54
45
46
40
43
38
33
33
31
32
23
25
16
22
19
21
17
19
13
7
11
10
7
1
3
-2
-7
-8
-11
-11
-8
-15
-19
-22
-28
-22
-20
-23
-21
-27
-19
-28
-29
-29
-31
-34
-39
-32
-36
-32
-40
-28
-37
-33
-35
-40
-38
-41
-42
-48
-44
-48
-43
-45
-44
-46
-50
-46
-43
-46
-46
-45
-43
-34
-41
-41
-41
-43
-38
-37
-31
-29
-34
-26
-30
-25
-23
-16
-22
-16
-15
-13
-15
-9
-5
-2
-2
-2
-3
-1
11
6
5
10
11
21
23
25
29
25
27
33
28
34
30
32
34
31
33
37
28
39
38
44
49
52
51
56
59
61
61
59
69
71
74
72
78
79
82
83
80
84
80
86
94
91
87
96
91
98
97
96
101
98
95
102
95
106
104
101
110
108
99
108
106
104
115
110
120
122
128
135
133
133
133
123
132
132
124
132
130
137
138
133
137
135
141
149
147
153
154
146
160
153
153
162
145
155
155
150
160
151
161
159
155
156
158
150
171
165
163
167
164
172
178
172
181
175
171
178
173
185
184
175
190
190
184
197
190
196
206
198
209
205
201
210
203
206
213
200
218
209
207
216
210
213
223
208
216
214
206
220
219
224
221
217
231
221
228
237
227
228
232
223
238
232
229
236
234
232
236
225
241
239
233
239
231
230
243
233
243
244
240
249
242
247
252
244
257
259
254
257
250
239
249
240
252
249
250
254
254
255
261
254
260
259
253
256
255
255
264
256
259
255
248
253
256
263
270
262
270
276
271
277
273
269
275
269
277
279
274
278
272
272
272
259
265
265
264
270
266
272
279
268
276
271
269
272
270
268
269
258
267
259
261
266
257
258
261
259
271
273
269
274
272
276
282
280
289
280
285
290
282
289
294
284
297
291
286
297
294
300
305
297
305
302
306
316
311
317
318
307
318
316
306
311
308
315
317
309
320
315
313
318
314
318
321
311
318
311
309
314
306
305
310
298
308
304
306
312
300
304
306
293
312
311
311
317
310
318
322
318
323
319
313
315
312
312
319
304
310
301
290
291
282
280
288
268
275
266
260
258
244
234
233
210
223
214
206
201
190
181
181
166
164
146
140
143
129
125
119
99
103
92
88
86
75
62
58
35
36
22
17
12
-5
-23
-26
-46
-43
-48
-62
-68
-87
-93
-94
-111
-108
-121
-137
-144
-161
-163
-167
-188
-190
-196
-211
-214
-228
-234
-235
-252
-246
-255
-262
-264
-275
-279
-271
-285
-280
-288
-291
-284
-301
-296
-293
-302
-303
-311
-316
-318
-319
-312
-314
-324
-319
-318
-320
-316
-320
-323
-328
-337
-330
-331
-329
-328
-335
-329
-328
-345
-333
-340
-338
-331
-337
-337
-332
-340
-331
-336
-337
-338
-347
-336
-341
-349
-343
-353
-350
-350
-363
-360
-360
-363
-351
-360
-357
-357
-365
-360
-358
-368
-360
-371
-376
-372
-380
-378
-375
-385
-376
-387
-391
-390
-396
-385
-385
-397
-388
-392
-391
-383
-388
-385
-385
-395
-383
-385
-389
-383
-384
-379
-376
-385
-373
-380
-375
-368
-373
-366
-358
-367
-353
-354
-352
-349
-358
-346
-345
-353
-334
-340
-332
-320
-326
-323
-316
-320
-306
-303
-301
-298
-303
-292
-281
-294
-268
-275
-274
-266
-271
-265
-252
-260
-250
-247
-248
-242
-249
-240
-228
-240
-224
-233
-227
-215
-226
-216
-215
-227
-209
-214
-210
-205
-208
-203
-192
-201
-190
-192
-194
-186
-180
-178
-164
-176
-164
-164
-164
-148
-158
-148
-144
-151
-134
-135
-131
-119
-122
-121
-118
-125
-111
-104
-104
-95
-104
-92
-85
-89
-77
-78
-77
-68
-69
-61
-47
-57
-44
-45
-43
-36
-38
-37
-27
-33
-17
-23
-19
-12
-14
-7
6
-1
9
12
15
18
15
23
28
27
33
24
26
31
33
39
48
41
52
54
58
65
68
73
70
64
76
70
70
76
72
80
82
74
87
86
91
98
88
103
104
100
115
110
112
113
112
119
123
116
126
122
127
127
125
123
128
128
145
140
147
151
144
150
155
149
162
151
154
160
149
158
167
159
171
157
170
168
164
180
185
175
189
181
180
187
180
185
186
175
185
181
185
187
178
186
187
174
188
174
183
190
182
191
194
196
202
200
201
209
197
205
209
194
206
199
200
206
197
202
201
192
206
201
203
203
212
204
208
209
199
214
207
205
209
208
215
217
211
224
217
215
221
208
216
219
213
220
213
214
219
217
221
223
207
224
214
217
224
210
217
219
212
222
213
211
217
213
220
222
215
225
216
214
228
218
228
220
223
230
222
226
231
225
226
225
218
226
223
233
231
225
233
237
233
248
241
238
246
239
252
245
236
243
234
238
237
230
241
238
234
241
238
239
248
237
246
244
240
236
239
243
244
237
242
242
235
247
238
237
240
232
245
246
236
245
242
241
250
241
244
240
232
242
230
236
249
227
236
236
224
234
232
237
240
233
242
242
238
256
244
246
244
234
241
239
233
243
235
237
242
233
241
232
232
245
238
245
250
240
246
250
243
250
246
241
245
237
244
241
236
245
222
235
236
227
236
246
232
244
236
240
244
236
243
235
228
234
235
235
241
232
240
249
235
247
238
244
249
250
247
244
237
245
242
243
248
239
245
249
237
247
239
245
245
240
241
242
227
246
245
246
249
239
250
248
239
252
250
247
245
240
243
243
237
247
240
242
243
232
241
244
239
245
237
251
247
243
251
251
238
256
244
246
251
242
249
250
245
248
243
237
242
237
244
245
244
250
240
247
248
241
237
245
235
242
241
239
250
243
246
242
234
244
234
243
246
238
241
245
239
243
241
239
244
229
243
237
238
242
235
235
232
221
230
230
227
239
232
240
238
236
246
245
244
245
240
243
251
232
237
235
229
241
231
236
237
232
243
240
242
242
239
237
246
238
248
237
234
245
236
237
240
235
238
235
229
235
229
235
241
232
239
237
231
244
238
238
237
228
233
232
226
234
233
229
235
225
241
229
231
241
235
236
241
229
233
234
228
235
223
232
228
215
233
227
227
235
228
224
230
211
234
234
230
241
228
233
237
231
243
236
233
234
230
234
243
231
241
238
229
236
225
231
233
228
234
234
227
236
225
226
229
214
232
222
228
231
227
226
232
225
236
229
217
236
224
232
232
221
236
222
229
229
229
227
227
217
229
226
217
237
222
226
223
217
223
230
230
231
226
222
237
218
244
229
222
235
221
233
232
220
231
224
221
235
222
221
230
213
230
220
222
234
218
228
228
225
226
230
222
233
224
224
227
216
233
217
222
222
222
227
233
220
236
233
226
238
233
235
235
223
237
229
231
233
229
226
231
216
230
225
220
230
221
225
223
218
228
215
221
221
216
215
229
209
228
216
213
216
216
211
208
208
219
220
219
227
223
223
231
214
231
221
218
220
218
219
224
218
227
217
216
226
215
223
230
212
229
218
224
222
229
223
228
209
223
223
220
226
213
219
220
215
223
214
217
218
219
218
224
212
224
216
217
226
207
216
217
207
214
211
209
219
218
213
220
207
222
218
222
221
213
220
219
210
219
218
211
215
207
216
213
208
216
209
208
205
197
204
209
199
210
211
206
214
209
216
217
204
211
209
216
214
215
213
218
209
218
211
207
219
212
221
221
216
222
213
213
220
215
214
220
208
225
211
217
228
214
216
213
202
210
206
210
210
205
208
212
199
220
209
208
211
204
209
214
205
210
207
202
210
199
203
206
197
208
201
204
207
206
205
213
203
212
209
205
209
199
205
206
199
210
199
199
193
193
196
206
198
209
201
204
213
208
220
212
202
209
203
200
206
202
200
203
191
196
193
200
201
204
202
202
197
208
206
199
201
193
196
202
192
204
195
197
196
192
192
191
179
191
195
196
208
198
203
207
205
208
201
202
198
199
194
198
192
200
189
184
187
176
190
195
197
205
201
201
200
196
201
199
193
201
195
196
204
196
201
199
192
195
196
196
201
198
202
204
192
208
198
204
206
196
205
200
192
195
194
192
200
191
191
194
186
198
193
198
203
197
202
199
190
193
199
192
199
187
198
200
193
202
196
195
195
192
192
203
184
192
188
185
197
189
194
200
190
192
190
186
188
185
189
191
180
193
190
182
188
184
189
192
192
197
193
194
200
190
188
189
178
193
189
188
191
189
184
192
179
180
180
177
186
176
185
190
176
191
190
185
185
183
184
192
182
187
174
174
179
167
175
181
174
185
182
184
185
184
183
191
180
188
183
183
186
181
183
184
178
179
181
176
180
184
182
186
175
186
181
181
185
178
187
185
179
180
180
176
182
176
180
178
170
179
175
189
189
188
188
192
188
195
196
194
192
181
181
178
179
181
181
182
179
175
178
179
174
183
179
177
185
182
183
180
182
184
178
182
180
173
178
184
176
185
174
173
175
165
169
174
174
178
174
179
179
171
185
174
163
176
165
171
173
175
181
179
170
178
171
178
182
171
180
174
168
177
169
174
174
168
172
174
169
175
173
172
176
161
175
169
161
176
168
171
176
166
171
173
162
177
168
169
175
162
173
168
164
178
170
167
171
162
168
176
165
174
163
164
166
162
174
167
169
179
173
170
180
168
175
172
167
175
167
166
170
164
167
174
165
180
171
169
177
169
173
172
164
169
165
167
171
166
169
168
156
167
163
162
173
161
170
172
162
168
169
167
168
155
165
165
158
176
162
163
161
155
158
167
161
168
168
169
175
169
174
176
171
174
168
164
172
158
166
162
161
161
160
153
162
154
167
163
156
172
160
160
165
159
169
165
156
164
155
165
160
157
164
153
153
159
153
161
162
153
162
161
154
166
161
161
160
151
162
153
152
158
153
156
162
146
155
163
153
167
159
165
163
158
163
158
161
163
155
161
162
152
164
159
160
164
156
160
156
146
159
159
155
161
152
163
159
152
162
155
149
159
148
151
154
151
157
154
146
152
143
145
148
143
152
149
144
153
151
150
161
145
158
158
154
165
154
162
164
148
159
158
144
158
153
151
160
151
161
158
153
164
148
159
160
147
157
157
152
162
154
150
155
144
153
154
156
162
155
155
163
148
160
163
150
163
156
155
160
150
156
156
149
158
146
146
152
147
153
155
152
160
153
162
162
154
164
161
155
159
153
149
157
147
153
151
145
148
147
150
154
149
152
158
152
157
158
160
154
147
157
154
153
159
155
154
154
146
148
147
155
154
150
152
156
148
159
152
149
146
141
135
143
136
143
142
139
142
138
147
142
140
153
152
151
157
153
155
154
144
150
142
146
149
140
143
147
139
151
139
135
136
132
136
142
133
142
137
142
146
138
146
145
137
146
141
139
148
138
140
145
133
143
135
140
146
141
142
142
135
146
139
138
144
136
144
147
137
147
142
142
151
142
145
144
129
145
142
138
151
139
146
152
140
154
148
145
146
141
144
148
140
155
146
142
146
139
139
152
138
145
145
141
148
144
147
152
136
146
143
140
155
145
145
151
138
145
144
137
141
135
136
144
132
144
144
140
150
146
144
155
141
149
144
140
146
139
137
138
127
133
140
141
148
143
140
151
137
146
149
140
145
138
138
144
134
142
137
136
137
133
134
148
138
148
143
139
144
143
142
150
141
147
142
140
146
138
138
146
133
141
142
136
136
137
145
147
142
149
145
147
148
143
143
148
135
144
139
138
141
146
144
141
131
140
136
138
144
138
144
149
140
150
148
146
144
138
137
143
132
144
138
137
141
133
135
137
130
143
136
137
142
138
135
138
127
132
123
122
125
120
122
127
122
129
128
128
128
121
122
129
126
128
123
127
125
121
126
127
115
125
120
119
126
120
121
126
114
123
115
123
126
119
122
129
118
131
131
127
134
126
127
131
127
130
130
129
134
125
129
133
117
129
124
121
126
121
123
127
119
133
131
132
135
128
130
133
124
130
130
123
120
115
115
124
119
126
121
118
128
127
131
141
125
134
128
126
129
126
124
132
122
127
123
120
123
118
120
126
120
131
132
131
135
130
128
136
125
127
125
125
126
122
125
121
111
116
117
123
127
120
125
136
128
137
134
135
131
127
124
124
118
129
129
126
121
117
117
129
124
130
126
126
129
125
132
135
124
130
128
129
133
125
125
125
118
124
116
122
117
117
126
129
121
132
127
123
127
123
122
125
112
119
112
116
121
119
128
129
121
128
125
131
137
128
132
131
124
131
130
129
131
126
124
128
120
131
123
122
124
112
116
119
110
123
118
117
123
118
126
128
121
127
115
120
124
112
119
121
114
124
117
113
115
104
117
121
112
128
120
120
122
117
122
132
121
127
121
122
129
127
131
133
118
122
113
113
124
115
121
126
117
129
132
127
128
120
123
125
115
125
119
118
124
115
115
123
108
125
119
121
124
122
126
129
124
130
133
128
136
127
127
128
124
134
133
125
122
114
117
123
113
125
122
121
126
123
128
138
124
129
124
116
117
112
113
114
103
112
107
105
113
107
111
113
106
119
118
113
115
111
109
113
106
114
106
112
113
107
111
112
103
107
108
111
111
110
113
119
107
116
109
111
107
99
104
103
96
106
108
109
112
99
107
113
113
123
115
120
122
116
122
122
110
113
112
112
118
111
118
120
113
118
110
111
112
108
114
118
110
123
115
116
122
108
115
112
111
116
109
110
114
108
118
113
102
117
107
114
120
112
115
116
112
113
109
115
114
104
113
108
106
121
115
118
124
114
