103
96
97
99
95
99
101
97
99
99
98
102
98
100
101
98
100
98
98
101
100
98
100
93
103
100
98
99
96
97
101
99
103
101
101
101
101
101
106
100
104
102
100
101
99
98
100
98
103
101
102
104
101
100
104
97
102
102
99
100
99
100
101
98
102
99
97
100
99
101
106
99
102
102
102
103
103
102
103
99
104
103
103
105
101
99
100
97
100
101
100
103
102
103
107
103
107
106
102
105
101
103
106
99
103
101
102
103
101
100
103
99
104
102
104
104
102
104
106
103
107
107
105
105
102
103
106
103
105
103
102
103
102
104
108
101
106
105
104
107
106
105
106
99
103
101
101
103
100
102
104
99
103
105
104
105
103
104
105
103
107
105
104
105
101
103
106
99
104
103
103
104
103
103
103
100
104
103
104
104
103
102
106
101
105
103
100
102
100
102
104
102
103
101
99
100
98
101
104
98
102
100
100
101
100
100
100
97
101
101
102
102
101
102
102
96
99
96
97
99
98
99
102
100
102
101
102
103
101
104
104
100
103
101
101
103
100
99
102
97
102
101
102
101
99
102
103
100
106
103
101
101
99
100
102
99
103
99
99
97
95
103
99
96
100
100
101
104
103
104
106
102
106
101
102
102
98
100
103
97
103
100
98
101
100
102
102
100
104
100
102
103
102
105
104
100
104
101
101
104
100
102
102
97
102
101
102
103
101
102
104
100
107
103
100
103
100
101
102
97
102
100
100
101
100
104
105
103
109
106
105
108
104
104
106
100
103
103
102
103
100
102
104
100
103
98
97
100
100
101
105
100
103
102
102
103
101
104
106
100
105
104
104
107
103
104
106
100
105
105
106
108
104
105
107
100
107
104
104
106
103
104
108
102
107
105
106
105
101
103
101
98
102
99
99
102
101
101
102
98
102
101
99
99
97
98
101
99
102
99
98
98
97
99
103
98
102
100
101
104
103
103
102
100
103
100
100
103
99
102
101
97
99
97
96
97
95
101
100
99
103
101
101
103
98
101
103
98
101
97
98
99
98
98
96
95
104
100
100
102
99
102
101
99
103
104
102
102
99
102
102
99
102
97
97
98
94
103
100
96
101
97
98
99
98
100
99
95
103
96
97
97
93
101
97
92
101
96
95
103
96
99
100
100
102
100
100
102
97
101
101
95
105
98
99
103
100
101
101
97
101
101
102
104
98
103
104
101
105
103
101
103
99
102
103
101
104
102
100
102
98
100
103
98
103
101
100
105
100
100
101
95
102
96
99
101
97
101
102
100
103
102
97
101
98
100
102
99
102
101
100
102
100
101
104
98
102
100
99
103
101
100
100
96
100
100
103
103
100
103
104
100
103
103
102
103
100
102
103
100
102
102
102
101
99
102
103
99
103
100
100
101
98
101
103
101
102
103
105
104
102
103
102
99
103
100
99
100
100
103
103
102
104
102
103
104
102
107
103
99
102
101
101
103
102
103
101
98
101
98
100
101
98
102
101
100
105
102
103
103
101
104
103
101
103
100
100
100
96
101
97
97
102
102
102
107
103
106
107
103
106
101
100
102
96
100
99
99
105
100
99
102
97
103
104
100
104
100
102
103
99
104
101
100
102
99
99
103
97
101
99
96
100
97
99
101
98
101
99
97
103
98
99
102
95
102
97
94
104
97
97
102
99
102
102
98
104
103
99
104
98
103
100
98
102
103
100
102
97
100
101
97
104
102
99
101
98
102
104
101
103
101
102
105
100
105
107
100
105
101
103
105
102
104
105
100
102
103
98
102
98
100
100
98
103
99
100
101
99
102
104
103
105
103
103
107
104
103
101
96
100
100
103
104
102
105
105
102
106
105
104
105
102
104
103
104
105
102
99
103
99
100
105
100
104
102
103
104
103
103
101
101
102
100
101
102
99
97
100
97
101
97
97
96
96
101
101
101
104
104
103
106
103
105
105
101
104
100
102
102
102
104
101
99
105
100
103
104
98
103
101
102
107
104
105
104
100
103
102
101
104
101
102
102
98
103
100
101
104
102
102
104
104
105
105
101
105
99
102
101
95
103
100
100
103
101
98
103
99
106
106
105
107
103
105
106
101
105
105
101
103
101
101
105
102
105
103
101
102
98
103
105
101
104
104
102
106
101
103
105
98
104
102
102
103
101
102
104
98
102
102
99
105
101
101
104
101
103
101
100
105
102
106
108
107
105
105
105
110
105
106
104
100
106
105
104
104
104
104
107
103
110
107
107
107
103
103
105
103
104
107
104
102
99
100
102
98
103
101
102
107
104
104
105
102
109
108
9
145
113
-46
-14
-239
-314
-311
-449
-449
-453
-457
-456
-459
-459
-458
-462
-460
-462
-465
-463
-466
-465
-464
-466
-465
-466
-467
-465
-467
-467
-465
-468
-466
-467
-467
-465
-467
-467
-466
-468
-465
-465
-467
-466
-466
-465
-465
-463
-462
-461
-461
-460
-458
-417
-375
-338
-308
-269
-245
-211
-187
-160
-144
-122
-102
-81
-68
-53
-35
-23
-15
-2
11
28
30
38
41
48
51
58
61
64
72
76
77
81
86
86
89
89
90
93
96
94
98
96
95
102
97
101
101
101
98
100
100
101
99
99
99
101
99
104
98
99
98
101
101
101
100
96
100
99
97
96
98
97
96
94
99
97
98
98
96
96
91
96
92
97
91
96
93
98
93
98
93
95
99
89
93
95
91
93
91
92
90
87
88
84
87
86
84
84
86
84
84
80
80
81
82
82
80
80
80
83
80
80
78
75
76
75
76
77
75
74
76
76
74
78
77
78
76
78
77
76
77
75
76
74
72
73
75
79
79
77
79
81
80
84
82
85
81
86
85
86
84
84
85
87
85
88
86
85
86
88
87
90
89
92
91
92
91
91
94
92
92
89
90
92
92
93
92
93
91
95
96
98
95
101
98
101
101
101
101
97
99
98
98
102
99
99
99
100
97
99
98
100
100
101
102
102
105
105
106
107
105
104
105
108
105
106
106
110
108
111
107
106
106
108
111
110
110
110
112
110
110
110
109
111
106
110
109
111
113
111
113
112
111
113
113
113
115
110
112
114
112
119
116
116
115
114
116
118
115
117
119
117
121
116
121
120
120
122
120
122
123
123
124
125
124
125
124
123
126
121
124
124
125
128
127
121
123
123
124
129
127
127
126
130
134
132
137
132
132
135
135
135
138
133
135
135
129
131
130
134
133
132
134
134
133
137
134
133
135
130
132
135
132
136
133
137
137
134
136
135
131
138
135
135
139
134
139
138
137
144
136
138
138
137
137
137
134
138
133
134
133
130
136
140
137
140
140
140
141
142
143
144
137
143
139
140
139
137
142
143
137
141
141
136
142
139
141
143
138
145
141
144
144
140
144
143
140
143
140
139
144
140
142
139
135
141
139
142
143
139
140
145
141
145
145
139
142
136
140
140
138
144
145
142
144
142
142
149
144
147
147
146
148
145
147
145
142
143
145
143
147
142
144
146
142
147
143
142
144
141
147
147
145
146
147
145
149
146
147
148
148
150
147
149
149
150
149
150
149
147
150
151
153
147
152
150
148
152
153
151
153
153
155
157
156
158
159
159
159
153
159
155
156
158
158
154
159
158
160
155
156
160
153
159
158
153
158
154
154
155
154
150
152
150
152
153
150
152
147
150
149
148
150
147
145
146
144
143
145
141
145
141
137
138
134
137
136
136
135
136
135
140
137
137
138
132
135
132
130
133
127
124
124
121
124
121
117
122
118
121
121
116
119
117
116
117
113
115
115
111
114
113
109
116
108
109
109
104
108
111
109
110
107
107
109
104
109
107
99
102
97
98
97
93
97
91
90
91
89
89
94
87
91
90
86
89
82
82
81
77
78
79
74
77
70
71
74
67
73
69
64
67
67
67
68
65
65
65
61
62
57
56
56
52
54
52
51
54
52
48
50
44
47
49
45
50
45
46
47
45
46
45
38
43
42
42
48
41
47
49
47
48
46
46
45
45
47
47
45
48
46
48
49
45
46
46
45
44
44
47
46
44
44
42
39
42
39
41
46
40
43
42
43
44
45
42
44
41
45
44
41
45
41
42
42
38
39
41
40
42
38
39
41
39
45
42
42
47
44
46
49
45
46
45
43
44
44
44
45
43
48
47
49
48
49
51
52
50
53
54
50
53
51
52
53
52
57
54
52
54
52
55
60
55
58
58
55
61
61
62
63
58
61
59
60
61
58
59
62
57
62
60
60
66
67
70
72
72
74
73
72
74
70
69
73
67
71
72
72
76
76
73
73
70
75
75
76
78
80
77
80
76
82
80
78
79
78
80
83
81
84
84
82
84
81
83
87
84
88
87
86
88
89
88
88
83
87
88
86
90
86
89
91
88
92
92
91
93
94
91
93
90
93
92
89
94
92
95
95
93
95
94
92
97
92
94
99
89
99
95
101
98
96
96
100
97
102
100
98
101
98
100
101
99
103
101
100
101
100
103
103
99
102
101
99
105
101
103
105
103
106
104
107
108
106
106
108
104
110
105
102
105
104
108
109
106
109
109
109
114
111
110
112
107
111
110
109
114
108
110
110
107
109
110
112
114
112
112
116
111
118
114
114
115
113
115
117
114
119
117
113
114
111
112
111
112
119
117
118
120
118
119
123
118
120
120
117
119
116
117
119
115
120
115
115
117
117
117
123
117
120
118
118
120
120
121
122
118
121
119
118
122
119
119
122
116
120
119
120
124
122
122
125
121
127
126
125
124
122
121
125
119
122
122
124
125
124
124
124
122
126
125
124
128
127
124
126
122
126
124
124
125
124
124
128
127
129
129
129
129
126
126
130
128
132
130
132
132
133
131
133
127
128
128
130
131
129
130
131
126
125
124
124
125
124
124
127
122
126
124
126
128
127
127
131
129
133
131
131
133
130
129
129
126
128
129
130
132
128
130
133
129
133
133
130
132
129
132
133
130
134
131
129
131
128
129
133
129
133
131
130
132
130
132
134
128
133
130
131
131
128
129
131
125
126
123
119
123
120
124
126
124
129
130
131
133
131
131
132
127
127
123
123
127
125
124
125
120
123
123
126
127
123
126
130
127
129
133
131
132
129
130
133
131
133
130
129
131
128
129
132
127
129
131
131
132
131
131
134
129
132
130
132
130
128
127
129
128
131
130
128
129
132
133
136
132
135
133
131
132
130
132
132
129
132
131
132
132
131
131
131
127
126
125
129
132
131
130
131
128
133
132
131
131
129
129
132
128
131
130
131
130
129
132
130
128
132
129
129
132
129
129
132
129
132
131
131
130
130
132
132
130
136
130
130
129
128
129
130
127
126
125
127
129
130
134
133
129
132
130
129
133
129
132
131
127
127
124
127
129
128
132
132
128
134
131
133
132
129
131
133
129
133
130
131
132
126
125
124
119
125
123
123
127
122
127
127
123
129
129
131
132
129
130
131
126
127
122
122
122
118
122
126
122
126
123
124
127
123
128
131
126
128
127
125
128
125
125
125
119
124
122
122
125
122
124
126
122
130
128
129
133
129
130
133
127
127
123
123
124
124
123
124
119
125
126
125
129
130
131
134
129
133
133
129
130
126
125
126
122
128
128
127
126
123
122
128
126
127
125
125
128
130
131
132
127
127
124
123
125
123
124
126
123
125
124
123
125
123
126
127
126
128
130
131
129
128
127
125
120
123
122
122
125
125
125
125
121
123
121
124
125
121
122
124
121
126
127
125
127
124
126
125
124
126
123
124
124
121
125
125
123
128
128
129
129
129
129
128
127
126
123
125
126
122
124
125
122
125
123
122
122
118
123
122
120
122
120
120
125
123
127
126
124
126
123
124
127
124
126
124
120
125
121
124
126
122
126
125
124
127
125
125
126
122
124
124
124
125
124
125
127
121
126
123
121
126
124
123
126
124
127
127
124
128
127
126
124
121
125
126
122
126
120
118
121
116
121
123
121
126
123
125
127
123
128
131
124
126
122
122
124
121
125
123
118
122
120
123
125
121
123
124
120
125
123
123
126
122
125
125
123
126
123
124
125
121
126
125
120
126
124
124
126
123
125
127
123
129
128
125
124
120
121
120
118
126
122
124
126
123
126
129
129
132
128
128
131
126
128
130
125
125
123
124
126
122
124
126
123
126
123
125
124
121
124
124
123
128
128
129
130
125
123
125
121
124
121
124
125
122
123
122
119
121
122
123
126
121
124
124
121
126
123
125
125
123
127
127
127
133
130
131
131
124
124
124
122
128
126
124
125
124
126
126
123
124
123
124
126
119
124
122
123
126
124
123
123
121
126
126
124
129
129
130
127
123
127
127
124
125
122
122
126
122
124
122
118
121
117
121
125
119
124
122
122
127
127
127
129
128
131
132
125
126
122
123
124
120
123
124
122
125
122
122
124
121
126
124
122
125
124
121
124
119
121
124
121
125
124
121
122
116
123
122
121
126
124
126
126
123
125
125
121
124
118
121
123
116
122
122
120
123
120
123
127
124
127
127
126
129
131
128
128
125
124
124
125
125
124
125
127
119
124
123
122
125
124
124
125
123
125
124
123
124
120
121
125
120
124
123
122
124
124
117
123
120
121
124
125
126
122
122
125
122
127
124
121
124
121
122
123
121
127
125
122
126
122
124
124
121
128
124
120
122
124
122
126
121
125
123
123
123
119
122
125
122
125
123
121
121
123
122
124
120
128
127
124
121
123
124
124
119
123
122
122
125
122
123
125
118
122
121
123
122
121
121
121
120
127
126
123
126
124
125
130
127
128
130
128
127
121
120
121
118
126
121
121
126
124
123
124
120
122
125
123
123
120
120
125
119
127
123
119
122
120
123
125
122
124
123
122
126
121
127
126
121
127
124
123
126
123
122
121
118
120
120
120
124
123
123
126
125
130
129
129
129
126
122
124
120
121
120
119
123
119
121
120
116
122
120
119
122
120
121
125
119
125
122
120
122
119
121
122
120
126
121
118
121
117
120
126
119
123
120
122
123
121
124
121
117
121
117
117
122
118
120
123
119
122
120
121
123
123
122
123
118
124
120
119
122
117
121
123
118
120
118
119
121
119
118
120
113
124
120
120
124
118
122
123
120
126
122
122
124
121
121
124
118
125
121
120
122
119
120
124
119
122
120
119
122
120
121
123
117
125
122
124
125
122
124
126
121
123
123
118
123
119
121
122
119
125
121
122
124
122
119
125
118
123
122
118
123
123
122
122
118
120
118
122
123
120
120
126
119
125
121
120
121
119
120
120
118
121
120
118
119
116
113
117
113
118
115
117
119
121
119
122
119
122
121
119
122
117
115
117
113
117
113
113
111
114
117
119
115
119
120
118
122
118
120
120
120
120
118
118
116
117
116
116
112
114
115
117
118
115
117
116
116
118
117
116
117
115
115
116
112
113
112
113
113
111
115
114
115
119
118
117
119
117
118
119
114
118
114
118
117
114
117
115
113
118
116
113
115
111
115
116
114
116
113
117
117
116
117
116
112
116
115
114
116
113
118
115
114
118
113
116
118
116
116
118
114
120
115
115
118
111
116
117
114
118
115
117
118
117
119
118
111
118
114
117
117
113
117
117
114
117
115
113
116
112
114
115
111
120
114
115
115
112
114
121
116
119
118
115
120
116
120
119
113
119
116
117
120
116
116
120
113
117
112
113
114
111
114
112
110
116
115
113
117
116
114
119
115
118
114
114
116
114
116
114
111
114
116
115
119
114
116
118
115
121
119
117
117
115
117
117
113
117
117
114
117
111
112
115
114
115
113
114
115
116
118
118
116
115
115
113
117
110
113
113
109
111
110
107
107
109
112
114
112
118
117
118
118
114
116
115
113
113
114
113
114
113
116
115
110
112
110
115
117
114
118
116
116
118
120
116
117
113
117
117
114
118
113
116
115
112
115
117
114
118
118
117
119
118
119
117
115
118
112
114
114
112
114
114
113
119
115
115
116
110
117
116
114
115
111
112
112
113
115
115
111
116
111
113
112
112
114
114
110
112
109
112
115
111
113
112
110
116
115
115
116
112
113
115
113
115
113
112
117
110
115
115
109
114
110
111
112
112
112
114
113
117
112
115
118
114
118
116
115
117
115
113
112
109
112
114
112
116
114
114
117
115
118
117
113
114
116
115
117
117
115
116
111
115
111
112
115
112
115
114
112
115
115
112
115
110
114
113
112
114
111
111
110
109
110
111
105
110
110
110
114
110
114
114
116
118
118
120
116
115
115
115
112
117
115
112
117
113
115
116
116
116
115
113
117
114
118
118
114
117
114
115
116
112
113
113
113
113
114
112
114
111
117
115
111
117
114
115
115
115
116
112
111
113
111
110
114
112
117
114
114
112
113
117
117
115
116
115
112
114
113
116
115
110
115
113
113
118
114
114
116
111
111
111
109
115
111
112
116
110
117
113
112
113
111
112
115
110
112
111
107
112
107
110
107
107
111
110
109
111
108
107
110
106
110
107
109
113
109
110
111
110
113
111
108
109
108
107
114
107
111
111
110
111
110
111
110
108
109
110
106
111
106
108
111
105
110
108
107
110
109
110
112
107
113
114
111
115
109
112
115
111
112
110
111
113
111
109
111
106
109
110
108
112
111
113
112
111
115
116
111
111
111
110
113
108
111
110
106
110
106
107
111
108
112
112
110
113
113
112
113
107
111
109
110
111
107
111
109
105
108
110
103
108
108
111
112
109
114
110
111
114
111
110
112
109
110
108
108
110
108
109
110
104
106
109
111
113
112
111
113
108
111
111
108
110
108
110
111
110
112
109
108
112
110
107
112
108
113
110
109
115
110
112
111
109
111
110
109
110
109
110
111
107
112
109
108
110
110
110
115
110
111
113
110
112
109
109
111
104
108
108
108
112
111
110
113
107
110
111
110
111
108
109
111
107
113
110
111
112
110
110
112
109
113
111
110
111
108
110
110
107
110
112
109
112
112
110
113
108
113
109
110
111
112
110
113
109
113
111
108
109
108
108
109
105
109
108
107
110
112
112
114
110
114
113
112
114
110
110
111
106
110
107
111
111
111
111
114
110
116
111
114
114
109
111
114
111
113
111
115
111
110
110
110
106
112
109
109
112
109
109
112
109
113
109
111
110
108
108
111
104
112
105
106
108
104
105
110
108
110
109
111
113
109
