106
102
104
99
102
101
102
100
98
99
104
100
105
103
103
106
105
107
111
106
106
106
104
104
103
104
105
101
105
102
102
105
102
102
105
101
104
106
105
105
104
103
104
102
105
103
101
103
101
101
104
99
100
101
101
102
103
104
105
102
105
104
103
103
102
102
101
100
102
104
103
102
101
101
104
102
106
106
105
105
105
106
108
104
104
104
103
104
106
105
106
104
104
103
102
103
103
105
106
103
106
109
106
105
104
104
106
103
105
104
104
104
103
105
107
102
103
104
104
106
106
105
102
102
103
102
104
103
103
103
104
103
106
107
106
105
105
105
104
104
106
103
104
103
104
104
108
105
106
105
106
107
105
106
106
105
107
105
106
105
103
104
105
102
106
106
105
106
105
106
106
105
106
104
104
105
104
107
107
102
104
100
102
103
103
102
104
105
108
107
109
109
106
108
108
106
109
108
106
105
102
103
103
103
105
105
105
108
105
108
108
105
107
105
104
106
106
105
106
104
106
104
105
104
101
105
106
104
107
105
105
107
105
106
106
106
107
106
106
104
104
106
104
99
100
100
101
106
105
105
105
103
107
105
108
107
104
105
105
102
104
104
103
105
102
104
104
100
106
106
106
106
105
108
108
105
107
106
107
107
105
105
106
103
107
106
109
105
102
105
107
103
107
105
106
107
105
106
107
104
104
103
103
103
104
107
108
104
106
104
106
109
107
105
109
106
107
108
108
108
104
107
106
105
109
106
106
107
104
104
105
102
103
104
104
107
103
109
106
104
107
105
103
108
104
105
105
103
106
105
105
106
99
104
105
105
108
105
104
108
101
103
105
103
107
105
106
109
105
110
109
107
107
107
105
111
105
107
106
104
109
108
108
111
106
106
104
105
108
106
104
108
103
107
107
103
107
108
104
107
104
104
106
104
108
110
104
110
105
106
106
104
106
112
106
105
101
100
104
101
105
103
104
108
105
108
110
107
108
110
108
108
103
108
108
105
107
104
104
107
106
106
108
107
108
111
108
109
106
106
106
103
108
106
106
107
106
106
107
103
103
105
106
108
106
107
108
106
108
107
106
107
105
107
106
104
104
105
106
102
100
101
103
106
107
106
106
109
107
109
111
107
107
105
106
107
106
107
106
107
104
105
105
107
104
104
107
106
109
110
107
109
108
108
107
109
108
106
105
107
102
108
106
103
106
104
105
107
107
108
105
106
110
107
108
107
100
104
103
104
106
108
106
105
105
107
106
107
110
107
106
105
104
110
107
108
105
106
105
108
105
108
107
105
108
106
107
105
103
107
107
107
108
110
107
110
104
108
109
106
107
106
105
106
105
109
106
104
105
103
104
109
105
107
104
105
104
106
106
105
104
105
106
105
109
108
107
108
103
107
103
105
104
105
104
106
104
108
107
106
110
106
107
109
102
107
106
108
106
107
107
109
102
107
106
106
107
104
105
106
106
107
106
109
106
105
104
108
103
109
105
105
102
101
102
104
101
102
104
106
106
105
107
110
104
107
106
108
108
107
105
107
103
107
105
104
106
105
107
109
105
111
107
108
108
106
105
108
103
109
106
106
107
105
106
105
102
106
104
107
108
107
108
110
104
109
109
107
105
105
107
107
104
107
102
101
101
101
102
110
103
109
107
108
108
108
109
109
103
107
106
104
108
105
106
110
102
106
106
105
106
104
105
106
106
108
106
103
109
106
107
110
104
107
107
106
106
105
104
106
101
106
109
107
109
105
106
107
106
108
109
104
107
104
102
107
103
108
107
106
106
106
105
110
106
105
108
105
109
110
106
109
106
109
106
106
107
106
107
109
106
107
109
103
107
107
107
109
106
111
108
109
109
109
106
111
102
107
109
107
110
109
107
105
103
105
106
109
106
106
106
108
103
105
106
103
104
104
105
105
108
108
108
107
106
105
103
108
102
107
104
106
106
107
104
107
105
105
107
106
107
106
109
109
106
107
104
106
104
106
106
106
106
105
106
103
106
105
108
107
104
103
104
106
106
107
104
105
102
104
104
106
105
102
106
105
105
110
111
109
112
109
109
111
108
108
107
107
107
104
107
104
104
106
106
105
107
108
108
108
104
108
105
108
105
104
106
109
104
107
105
103
103
103
105
107
106
106
105
106
106
105
106
107
103
106
106
103
108
102
105
103
100
102
100
105
106
105
106
110
107
112
109
108
107
106
106
106
105
105
107
105
106
106
104
105
103
108
106
106
108
105
106
107
105
106
105
105
104
32
106
-13
-205
-285
-452
-455
-456
-459
-460
-462
-464
-465
-466
-466
-467
-467
-467
-468
-467
-469
-468
-468
-468
-467
-468
-468
-468
-469
-468
-469
-469
-469
-470
-471
-470
-471
-470
-471
-471
-471
-471
-471
-471
-471
-471
-469
-468
-466
-466
-464
-463
-462
-460
-460
-431
-382
-341
-303
-262
-231
-198
-170
-143
-120
-95
-77
-58
-36
-22
-12
1
14
30
40
45
51
59
69
76
84
87
91
95
102
102
105
109
108
113
114
114
115
115
115
117
119
120
122
121
124
123
125
123
122
125
125
125
123
124
123
123
122
120
119
115
119
119
120
119
116
117
117
115
114
116
111
113
111
111
112
108
108
106
106
102
101
101
103
99
99
98
97
99
100
100
98
96
95
98
95
96
90
93
95
90
90
91
88
90
89
89
87
88
88
90
87
87
86
83
85
81
81
80
79
79
78
77
75
73
72
76
74
75
73
73
75
73
75
74
72
70
70
69
70
71
66
67
64
64
62
59
62
66
67
69
70
69
74
71
73
71
70
71
73
74
73
76
76
79
77
79
75
81
83
83
85
86
84
84
86
85
84
87
84
85
83
86
83
84
85
84
83
83
83
85
90
87
88
90
90
91
91
95
91
92
92
93
93
96
92
97
96
96
99
99
103
104
106
107
106
108
110
113
112
114
114
115
118
116
118
119
121
121
124
123
125
127
125
130
134
136
137
138
139
139
141
144
143
141
145
144
146
149
147
148
149
149
148
149
152
155
151
153
155
152
157
154
155
155
153
156
162
155
161
158
160
159
158
162
157
158
162
156
162
162
161
160
165
163
165
163
166
168
164
169
169
168
171
170
168
170
171
174
177
176
178
178
178
180
178
182
181
179
180
183
182
186
182
183
183
182
184
184
186
187
185
186
189
188
191
194
196
199
196
198
201
200
200
199
197
199
198
200
200
199
203
203
202
207
203
205
205
207
207
208
207
206
205
207
209
210
211
209
206
210
207
210
212
211
211
212
212
215
213
216
213
212
213
211
211
214
208
211
207
207
205
207
205
206
205
209
206
208
206
199
200
197
191
187
186
181
179
178
175
176
170
172
167
167
165
167
167
170
166
169
170
169
171
170
170
172
167
171
170
172
172
168
167
168
164
168
169
165
168
165
166
169
167
170
169
169
170
173
173
178
177
184
185
185
194
199
202
207
208
212
216
216
218
221
222
228
220
230
227
226
230
230
232
236
235
235
235
233
235
235
234
235
229
232
230
228
228
225
222
226
216
220
219
218
217
211
207
206
199
200
196
190
182
180
173
172
168
163
157
156
155
150
147
146
139
138
134
128
124
118
111
111
104
104
100
99
96
93
94
94
88
89
85
80
79
77
72
72
64
62
54
50
48
48
46
44
38
38
34
32
31
32
22
28
22
22
19
18
14
12
8
6
0
2
-3
-9
-11
-14
-16
-14
-18
-19
-19
-22
-22
-24
-25
-27
-35
-30
-38
-38
-38
-43
-46
-44
-49
-47
-51
-51
-52
-55
-55
-52
-58
-55
-58
-59
-59
-60
-59
-56
-59
-58
-60
-60
-59
-61
-59
-59
-64
-62
-63
-63
-62
-66
-72
-71
-77
-77
-79
-82
-81
-85
-87
-86
-93
-90
-91
-91
-92
-93
-92
-86
-92
-90
-92
-94
-95
-95
-95
-92
-97
-90
-94
-94
-92
-98
-94
-94
-98
-90
-94
-94
-94
-95
-95
-93
-97
-91
-95
-97
-92
-96
-97
-87
-97
-93
-98
-94
-98
-90
-95
-92
-96
-93
-91
-93
-90
-93
-93
-91
-95
-92
-90
-89
-89
-87
-87
-82
-85
-82
-80
-79
-77
-76
-77
-72
-75
-74
-72
-71
-70
-67
-67
-64
-63
-59
-57
-56
-52
-53
-51
-48
-47
-43
-40
-39
-39
-35
-35
-30
-33
-27
-30
-30
-27
-26
-24
-19
-19
-16
-16
-15
-13
-11
-9
-7
-9
-6
-4
-2
1
5
7
11
10
14
17
17
20
23
24
25
24
26
23
28
31
31
35
37
35
39
40
43
44
45
46
48
48
51
53
55
57
55
57
58
59
65
70
71
73
74
76
78
79
82
80
83
83
84
87
90
87
92
88
89
91
93
94
98
91
103
100
102
104
105
109
111
108
113
113
112
114
113
116
119
117
121
119
122
124
125
128
134
130
135
135
136
138
137
137
141
137
140
140
142
143
140
140
143
140
145
146
145
147
145
146
151
149
152
151
150
151
150
151
153
149
153
153
153
155
156
156
160
154
161
159
165
159
162
159
164
156
164
161
160
163
162
164
168
164
165
164
165
166
167
171
172
168
170
172
172
175
173
173
175
174
175
175
178
177
174
174
176
173
178
178
178
179
178
180
182
178
180
179
178
179
180
183
184
180
185
185
186
187
184
186
187
185
187
187
188
187
186
188
191
188
194
195
195
196
194
196
197
193
196
195
193
197
197
200
198
196
199
197
199
202
198
198
199
197
199
199
199
199
197
198
197
195
200
196
196
197
195
196
200
198
202
201
199
201
200
203
202
200
203
202
200
202
197
197
200
196
200
200
201
203
200
202
203
199
202
200
199
201
198
201
206
199
200
197
197
199
198
201
201
197
200
201
201
205
201
199
201
198
201
201
199
200
197
195
197
194
196
198
198
202
199
201
207
201
204
204
202
203
202
201
201
198
200
200
199
202
198
199
202
200
202
205
200
203
201
202
203
203
203
202
201
202
201
203
205
201
200
202
200
201
204
204
204
203
204
206
204
207
205
203
204
200
202
204
201
202
202
203
205
205
205
206
207
207
207
206
209
205
207
205
207
206
206
205
204
204
207
207
207
206
204
205
204
203
207
206
206
207
206
208
207
208
206
205
204
205
204
207
207
205
205
204
204
203
205
204
206
203
206
206
206
207
204
206
205
204
207
206
207
208
207
209
208
206
206
203
205
208
204
208
208
205
207
207
207
207
207
207
208
204
208
207
209
209
203
207
206
205
208
207
206
208
206
208
207
209
209
206
206
207
204
207
208
204
207
206
204
206
201
205
205
201
205
203
207
209
206
207
208
207
209
206
205
207
203
206
204
204
203
201
202
205
203
206
207
206
208
207
208
209
206
206
206
203
206
206
207
207
207
203
204
202
208
205
205
207
203
205
207
205
205
205
205
205
203
207
202
200
202
200
199
202
200
203
206
201
206
207
209
208
204
206
204
201
206
203
204
204
204
205
207
204
204
202
202
207
204
208
204
204
205
206
207
209
204
207
206
203
204
203
205
205
201
201
203
201
206
205
204
205
202
210
207
204
206
203
202
202
200
204
201
202
201
204
203
207
201
205
205
204
204
203
201
202
200
202
203
200
203
201
201
205
200
204
206
202
202
201
199
205
200
202
201
201
204
202
203
212
200
202
201
201
202
203
201
203
199
202
199
198
202
200
199
202
198
201
202
201
201
200
199
205
200
204
200
203
204
203
201
203
198
198
200
199
201
204
198
203
198
200
200
198
199
199
197
199
197
199
202
198
199
196
195
200
199
200
199
199
198
200
198
202
199
199
200
199
200
201
198
201
201
198
197
196
194
197
197
199
196
199
201
198
203
203
202
204
202
200
199
196
196
196
196
198
192
195
195
194
195
196
196
196
195
198
198
198
195
193
195
196
190
191
192
195
193
192
195
192
192
194
193
191
189
189
190
192
192
192
191
188
186
189
186
188
184
188
188
188
186
186
189
194
194
194
198
197
194
195
193
195
191
190
189
189
192
191
191
189
186
188
187
189
189
191
190
193
190
192
193
198
192
192
192
195
190
190
188
187
188
186
185
186
185
190
188
188
186
188
188
191
185
188
185
185
188
186
186
192
189
188
187
191
188
187
187
191
185
190
187
184
188
187
189
189
187
187
187
186
188
186
188
190
184
187
184
186
188
189
187
188
187
189
190
190
189
190
186
189
185
190
188
188
188
186
185
189
183
185
187
183
185
184
186
188
183
189
187
187
189
190
189
193
189
191
190
188
187
184
185
187
186
190
188
191
188
188
188
193
188
188
188
187
188
188
189
187
185
185
184
184
188
187
185
189
184
188
188
189
187
185
184
186
185
187
186
185
186
181
183
186
178
183
181
183
183
184
187
186
183
188
186
184
188
182
184
184
180
182
183
183
181
179
181
184
180
185
181
182
183
182
184
188
182
182
181
181
183
182
182
183
178
182
180
181
185
181
182
183
182
186
187
184
185
183
183
184
179
182
179
181
180
180
180
184
178
182
182
181
185
185
184
185
180
183
181
180
181
178
179
183
178
182
186
178
180
177
178
181
181
182
180
182
182
181
180
186
179
183
181
179
181
183
181
182
179
179
181
178
182
184
181
183
178
183
181
178
179
176
176
179
177
178
179
178
181
180
180
182
177
179
178
179
177
179
176
179
176
179
181
181
181
179
179
179
177
180
180
180
177
178
177
181
179
179
178
176
179
178
181
182
179
179
178
175
177
178
177
181
177
179
175
177
175
173
176
173
171
175
177
174
176
176
176
178
177
178
176
178
177
176
176
176
172
172
174
173
175
174
176
177
175
175
175
178
174
174
173
175
173
180
177
175
175
170
173
173
173
177
174
175
175
177
178
178
174
177
176
176
174
174
176
174
172
172
170
169
171
171
173
176
170
176
176
175
176
173
175
175
172
172
171
169
173
170
173
173
167
170
168
169
171
168
169
170
168
171
172
171
173
170
171
171
168
171
172
170
170
168
167
170
167
169
170
168
170
169
172
170
169
168
167
164
169
165
164
167
164
168
167
167
167
164
169
171
168
171
171
169
171
169
169
170
168
170
166
169
167
169
170
169
168
166
166
166
171
167
169
169
169
169
169
169
166
167
166
169
167
170
168
167
169
164
165
166
166
168
168
166
168
167
165
166
163
166
163
168
169
167
169
167
168
170
169
166
167
163
164
167
164
168
164
168
167
167
166
170
167
167
167
166
167
165
168
166
165
165
161
166
167
165
165
165
163
167
168
166
167
162
166
164
163
165
163
164
165
163
163
165
157
167
160
160
160
158
169
163
163
165
164
164
167
162
163
162
160
164
163
162
162
157
164
162
161
161
161
160
164
160
164
166
159
167
160
161
162
162
162
164
159
164
158
161
162
158
166
162
159
165
163
162
161
159
163
162
160
160
159
161
158
156
160
156
156
160
160
159
166
163
161
163
159
167
160
160
160
155
163
159
161
159
165
157
162
153
160
160
160
161
158
163
160
160
161
163
160
158
163
158
163
157
160
157
157
161
155
160
156
160
157
162
156
162
158
160
159
158
160
154
159
157
158
156
160
156
160
157
158
161
156
163
158
160
157
159
160
156
161
158
161
153
160
156
158
161
154
158
159
156
158
158
160
155
161
154
162
155
163
157
158
159
156
158
159
157
158
158
157
157
156
156
157
153
160
153
155
161
151
154
155
154
154
156
153
157
155
156
160
151
160
151
152
151
154
153
155
154
154
156
153
157
155
156
154
153
155
155
154
155
153
152
153
150
151
153
151
154
152
152
153
151
155
155
154
154
153
151
156
151
152
154
150
152
150
150
149
147
147
150
148
154
150
151
155
153
156
157
154
155
155
153
154
154
154
154
150
152
152
151
155
151
152
153
153
153
155
154
154
154
152
153
150
156
154
153
153
150
152
154
152
151
153
152
155
152
154
153
153
153
151
150
154
152
150
151
151
148
149
147
148
147
151
151
151
154
154
155
155
153
154
153
152
152
150
147
153
152
154
150
150
150
151
149
155
151
153
153
151
153
153
153
153
151
154
151
153
152
150
150
151
148
148
150
149
151
150
150
150
150
150
149
149
149
147
146
150
143
147
147
146
148
149
148
149
148
151
151
150
153
146
147
150
146
150
148
148
148
146
147
147
149
149
148
147
149
145
147
149
146
149
149
149
150
151
150
151
146
150
149
148
150
147
149
150
146
147
148
145
146
145
146
148
146
145
146
144
146
144
146
147
145
147
148
147
150
149
146
148
141
145
147
147
147
144
147
148
145
148
149
146
147
144
144
148
147
147
147
145
145
144
146
148
146
147
148
146
148
147
147
149
144
148
148
149
148
147
146
149
143
147
145
141
143
142
143
143
142
146
146
146
147
147
148
149
145
147
145
145
144
145
143
143
141
143
144
146
146
143
143
146
144
148
146
145
146
144
143
146
144
147
147
144
145
143
144
146
143
146
145
146
150
147
148
148
144
145
145
145
145
142
143
143
140
144
140
139
143
141
145
148
144
147
146
146
145
143
144
143
140
142
142
142
145
141
140
141
138
140
143
143
143
142
142
147
142
146
144
141
145
142
142
146
140
142
142
140
141
139
141
143
140
142
142
141
144
140
141
143
140
140
140
138
139
137
138
142
139
139
141
140
142
140
142
145
139
141
142
140
141
141
141
143
139
140
141
140
142
140
139
141
136
137
142
139
141
139
139
143
139
143
142
140
141
139
139
143
137
139
140
139
139
138
137
136
135
136
136
137
139
136
137
138
136
137
141
139
138
139
140
143
142
142
140
137
136
136
137
140
137
138
139
138
139
141
140
140
137
138
138
138
140
138
138
138
134
135
137
137
137
136
138
137
138
138
138
139
138
137
138
140
136
137
135
135
134
134
133
132
131
133
135
136
135
133
136
137
137
139
139
139
139
136
137
137
137
137
136
134
134
133
138
137
135
138
136
137
138
138
139
138
137
138
137
139
137
135
138
137
135
137
136
135
138
135
136
138
139
139
138
138
138
135
138
139
133
136
136
133
135
132
132
134
132
136
135
138
138
136
138
138
135
138
135
133
134
133
134
136
135
136
135
132
134
130
134
137
134
136
136
136
137
135
136
136
132
134
136
136
135
133
134
135
130
134
132
132
134
132
135
135
134
134
135
134
134
131
134
133
130
133
133
134
137
133
132
135
131
134
135
134
133
130
133
133
132
135
134
132
132
132
132
134
131
133
133
131
130
129
134
133
132
132
133
131
136
133
135
136
131
134
134
133
133
131
135
134
