105
102
104
99
102
98
100
100
99
100
101
97
104
98
98
98
95
102
101
96
99
96
98
99
98
101
101
99
104
101
103
106
101
103
104
97
102
99
102
103
102
102
105
101
107
104
105
106
101
103
106
101
102
101
101
104
99
101
102
96
104
101
101
106
100
104
107
102
107
105
104
105
103
104
106
99
108
104
102
103
97
99
102
97
103
101
102
107
104
107
104
99
105
101
101
103
98
100
104
97
102
101
97
101
98
102
103
98
104
102
102
104
102
102
107
100
106
104
101
105
103
102
103
97
101
103
103
107
102
102
107
100
105
106
102
105
103
99
101
96
101
100
99
101
98
98
105
101
107
104
102
104
104
103
105
101
101
102
99
104
99
102
105
96
104
104
102
102
102
104
105
101
106
105
104
105
103
104
104
101
103
101
104
102
104
104
105
98
102
100
107
104
101
101
101
98
101
102
102
100
98
98
103
99
105
102
105
105
102
99
102
100
103
101
101
103
102
103
105
102
106
101
104
103
101
102
104
101
107
102
99
100
96
101
103
101
107
100
102
102
100
103
102
97
102
99
100
102
100
101
101
97
100
98
99
101
99
100
102
97
106
104
105
103
103
107
107
105
107
103
102
104
98
103
105
96
104
101
102
103
102
104
103
101
105
102
102
104
99
102
103
99
106
104
102
103
100
103
106
102
108
104
103
107
105
111
109
103
107
107
104
105
101
101
105
98
104
102
100
105
101
106
107
104
110
108
106
108
101
103
105
98
105
101
102
104
101
105
103
99
103
104
104
107
104
105
107
106
107
106
105
105
105
103
106
105
107
104
103
103
98
100
104
101
105
103
103
104
103
105
105
99
104
100
99
105
98
101
101
102
104
103
100
103
104
106
108
102
109
103
104
104
103
108
107
105
106
106
104
105
102
105
105
102
105
103
106
107
104
104
104
102
107
105
104
104
100
104
103
100
103
101
102
101
99
101
102
98
104
98
98
99
96
102
101
100
107
101
102
106
102
106
107
102
107
104
103
101
97
103
102
101
104
102
102
104
101
104
105
99
105
102
103
103
101
105
105
102
104
100
101
108
102
106
108
102
108
108
108
107
103
106
106
102
108
104
103
108
102
104
104
99
105
103
106
107
106
108
110
106
111
104
105
108
103
106
104
102
106
107
105
106
102
104
106
105
109
104
105
107
106
109
109
103
106
105
102
105
102
103
105
100
103
100
101
102
102
104
104
99
105
106
103
107
101
103
101
101
100
96
97
98
99
101
101
97
101
100
100
103
101
103
101
99
101
100
98
101
98
101
102
97
103
101
101
101
97
98
98
101
102
101
100
102
99
102
104
99
102
101
102
103
100
102
103
102
103
102
102
102
98
103
102
100
102
100
101
100
98
100
100
99
104
100
99
103
98
106
101
99
102
97
100
102
100
101
101
98
103
102
105
101
99
104
102
101
104
102
102
101
98
101
100
99
103
100
101
100
97
104
102
100
102
99
99
103
98
101
103
98
103
98
100
98
94
100
97
94
104
98
97
103
98
103
101
100
103
100
102
102
98
102
101
96
100
97
98
103
99
105
101
100
103
101
103
103
100
100
103
99
106
101
101
102
96
102
100
98
102
102
102
104
96
105
102
100
104
98
101
103
99
100
101
99
99
100
98
101
95
106
103
103
108
104
104
105
103
106
107
102
103
101
100
103
98
103
100
101
102
99
97
103
100
102
103
99
103
103
107
105
101
104
102
101
103
100
101
102
99
100
100
96
100
96
101
101
99
102
100
99
102
100
96
100
93
101
97
97
101
98
102
102
98
100
101
99
104
100
100
102
99
104
103
101
105
99
102
104
102
103
104
101
103
100
101
102
98
105
102
102
104
105
103
103
102
101
103
102
105
101
103
101
98
103
103
99
100
98
98
101
98
100
100
96
103
99
105
103
99
103
101
102
104
103
102
104
97
101
98
101
104
100
102
100
100
102
105
101
105
99
100
102
99
103
100
99
101
99
99
100
96
99
100
97
102
100
100
102
97
103
98
100
100
100
99
103
95
106
100
97
100
95
103
101
101
104
103
104
105
105
105
107
100
103
100
101
102
100
102
103
100
101
100
104
103
103
104
105
101
108
104
102
106
103
103
104
103
103
102
100
102
99
102
101
95
106
100
102
103
101
102
104
102
104
103
101
102
98
100
101
97
105
100
99
101
100
99
104
102
102
102
100
103
98
103
102
100
101
100
100
103
101
100
102
97
103
100
100
101
101
101
100
98
113
26
93
128
-111
-114
-269
-446
-401
-456
-458
-457
-463
-462
-464
-466
-465
-468
-468
-467
-469
-469
-470
-470
-469
-470
-470
-470
-470
-471
-471
-470
-470
-471
-471
-471
-472
-471
-472
-472
-472
-472
-471
-471
-471
-471
-471
-470
-469
-468
-468
-465
-465
-464
-462
-462
-461
-440
-395
-363
-317
-285
-252
-220
-192
-164
-140
-122
-95
-82
-63
-45
-32
-20
-8
2
16
24
33
35
42
45
54
61
67
73
80
87
86
93
96
94
99
98
98
98
100
100
101
99
103
102
105
103
105
107
106
107
107
107
105
107
106
105
106
103
103
101
103
99
101
101
102
97
95
102
96
97
96
96
97
93
98
92
100
90
92
90
90
89
89
87
88
86
84
85
82
84
83
85
85
83
84
82
83
78
78
76
75
75
75
73
72
71
69
70
70
66
69
66
67
65
68
65
66
65
65
64
61
58
55
56
57
55
54
57
53
53
51
50
52
52
54
52
52
49
49
50
51
49
48
50
50
51
53
54
57
54
56
55
57
55
57
57
56
58
58
61
61
64
69
69
69
70
70
71
72
71
74
74
76
74
73
78
77
78
81
81
83
82
83
88
88
86
88
85
88
85
89
91
89
88
87
88
86
90
89
89
91
91
92
96
95
98
94
99
96
96
96
97
98
98
98
98
101
98
100
103
106
107
109
108
109
109
110
112
110
114
113
112
112
115
112
117
115
111
115
114
116
118
118
120
122
121
124
123
127
127
122
126
125
125
126
123
124
125
120
124
124
123
129
131
133
135
132
140
136
136
138
135
134
136
132
132
135
133
137
134
137
135
132
137
138
136
142
138
139
141
138
142
143
140
143
141
142
143
141
147
146
141
148
143
143
148
145
149
149
148
154
151
154
153
149
152
151
148
157
154
156
156
156
159
161
154
163
158
163
161
155
164
159
160
162
160
159
167
159
165
164
161
166
167
164
166
162
165
169
166
172
169
168
172
166
169
172
167
171
169
169
172
168
172
172
169
170
170
167
174
169
173
172
167
170
171
170
173
171
174
176
173
179
177
177
179
174
176
178
172
175
174
175
178
174
179
178
176
180
180
179
182
177
180
180
177
180
181
180
179
176
178
177
176
180
178
177
181
179
181
184
180
181
179
178
179
178
182
181
180
181
176
177
178
176
180
180
179
183
185
185
187
187
191
190
189
190
189
190
192
194
198
197
195
199
195
198
201
201
202
203
202
204
201
203
203
201
204
203
202
205
204
202
204
199
202
201
201
205
203
204
205
201
206
207
204
209
205
207
209
209
211
211
211
217
215
221
223
218
227
226
225
230
230
231
233
228
233
232
231
234
229
229
229
224
227
228
220
227
218
221
221
217
217
214
210
213
210
209
210
201
202
198
193
194
191
186
186
179
180
176
170
171
167
162
163
155
159
155
146
146
139
134
133
126
122
119
114
113
108
104
102
91
93
89
85
85
80
75
76
67
67
64
59
53
48
43
41
33
34
29
25
23
17
12
11
6
4
1
-5
-9
-13
-13
-15
-21
-21
-25
-29
-27
-32
-37
-33
-38
-39
-42
-46
-48
-50
-52
-52
-59
-56
-57
-63
-61
-63
-64
-66
-74
-74
-77
-80
-81
-86
-84
-88
-93
-92
-95
-96
-93
-98
-94
-98
-96
-96
-99
-94
-99
-98
-100
-99
-103
-100
-102
-105
-103
-108
-107
-107
-109
-107
-107
-108
-104
-106
-105
-104
-107
-103
-108
-108
-104
-110
-107
-106
-107
-104
-107
-107
-105
-109
-105
-102
-103
-96
-101
-96
-98
-98
-97
-95
-104
-98
-99
-99
-95
-101
-93
-96
-102
-92
-98
-93
-90
-93
-91
-88
-91
-86
-86
-87
-85
-87
-84
-83
-87
-80
-82
-83
-78
-82
-81
-75
-82
-74
-74
-75
-69
-71
-70
-67
-71
-63
-62
-66
-64
-62
-61
-57
-60
-53
-51
-53
-50
-52
-51
-47
-50
-46
-46
-47
-43
-43
-40
-33
-40
-34
-36
-35
-30
-35
-30
-29
-33
-25
-28
-28
-22
-23
-21
-18
-22
-14
-12
-13
-9
-9
-9
-5
-7
-3
-2
-2
4
5
6
11
7
10
13
12
17
19
17
23
21
27
26
27
31
30
33
34
32
39
40
38
40
38
38
42
42
47
47
48
51
51
54
57
55
57
58
59
62
62
64
69
66
69
69
71
73
73
76
79
75
81
82
81
84
83
86
88
87
91
89
89
92
91
94
93
89
94
94
98
97
98
99
103
100
105
106
110
109
106
108
110
105
111
110
110
113
109
111
112
113
116
114
115
115
116
120
123
118
124
120
121
124
122
123
126
124
130
130
132
133
129
132
135
130
138
136
138
139
137
138
141
136
138
134
135
137
136
140
143
136
142
139
141
145
144
144
147
141
147
145
145
147
143
145
148
142
148
147
146
149
144
145
148
143
151
148
149
148
148
153
153
149
152
152
150
154
151
151
155
149
156
152
152
155
151
153
157
153
160
152
154
155
152
156
160
150
160
153
158
160
154
161
159
157
160
154
156
161
155
160
158
158
162
158
163
159
161
158
164
155
165
157
160
161
157
161
159
160
157
162
159
162
157
163
164
157
166
160
160
163
160
159
165
159
167
163
162
162
158
164
160
156
168
162
164
166
165
169
171
167
169
168
169
169
165
169
169
165
169
165
165
167
166
168
170
165
169
170
169
170
166
169
170
165
170
166
165
169
165
167
168
162
169
165
167
172
167
170
171
168
173
169
172
174
170
169
172
165
170
167
167
168
166
167
166
168
175
171
170
172
168
171
174
168
172
167
169
169
168
169
169
167
171
169
167
170
166
170
170
166
170
174
172
172
169
169
173
167
171
169
167
171
167
170
172
165
170
167
167
171
166
169
171
165
170
166
167
167
161
165
166
164
168
169
168
172
167
168
170
165
172
167
168
168
168
170
172
172
172
171
170
173
171
172
172
167
173
171
170
169
166
168
173
168
172
171
170
170
167
169
171
170
172
169
167
171
168
170
173
165
171
167
167
168
167
168
168
166
168
169
173
173
170
170
175
170
175
172
172
171
170
170
171
169
170
170
170
171
168
173
176
170
175
171
171
171
170
169
171
165
175
169
170
169
163
166
167
165
173
166
168
169
167
170
172
167
171
168
168
166
164
168
167
166
168
163
164
165
165
168
170
164
172
170
172
171
168
171
170
168
171
168
168
171
167
168
170
164
168
167
168
169
166
169
170
166
171
168
168
172
167
169
170
166
170
167
169
168
165
167
168
164
173
166
166
168
165
168
166
164
167
162
161
163
160
162
164
161
166
163
164
167
163
167
166
164
168
164
166
168
165
167
167
164
170
164
166
165
163
169
169
164
166
164
164
167
163
167
167
166
169
165
167
169
164
165
167
163
167
165
164
166
160
163
160
158
169
162
162
161
160
163
167
160
166
163
162
167
163
168
165
164
166
162
160
162
157
166
163
161
166
163
165
164
162
167
164
160
166
163
162
164
160
163
166
161
163
159
164
162
162
164
163
159
166
161
160
166
160
164
162
161
162
161
162
162
159
162
158
159
163
158
163
163
158
169
168
165
169
166
164
168
163
164
165
160
166
165
165
167
162
164
164
164
167
166
163
167
164
167
166
164
168
163
164
163
160
164
168
161
164
161
159
165
159
167
163
159
168
161
163
164
159
164
160
156
163
158
161
159
159
164
157
161
161
156
165
163
160
160
161
157
165
158
161
158
162
160
158
159
162
158
161
158
159
159
160
154
165
158
163
158
160
159
164
157
164
157
161
159
159
161
157
159
163
155
160
156
160
159
163
155
159
157
159
159
156
162
155
160
158
161
158
161
156
163
159
159
160
152
157
160
153
162
157
159
163
158
160
159
160
157
160
152
160
154
163
159
157
161
154
156
160
155
156
160
152
161
157
160
159
157
160
155
156
161
154
156
159
158
154
155
150
155
154
154
157
155
161
156
158
160
156
158
166
155
157
160
149
160
153
156
157
152
153
157
156
160
155
154
160
153
158
158
154
157
157
155
157
155
156
158
154
155
154
151
157
152
155
156
151
156
156
155
158
156
153
157
151
156
154
148
152
148
150
152
148
150
151
150
155
151
153
154
152
157
153
152
153
152
150
152
149
152
156
152
154
152
150
152
151
157
154
154
156
157
156
160
151
155
155
152
155
152
154
155
151
156
153
151
154
152
152
155
151
156
156
154
156
153
153
151
150
154
152
153
154
155
155
159
152
156
152
155
156
155
154
152
152
153
153
152
154
150
150
153
148
152
151
151
151
149
147
150
147
153
152
150
153
149
153
154
149
156
150
152
152
152
151
152
148
151
151
149
153
148
153
151
148
149
150
148
149
151
151
154
149
154
150
151
155
150
153
155
150
152
148
147
155
154
152
154
149
158
154
155
158
153
152
153
151
153
154
149
154
152
151
150
145
152
149
150
152
149
150
155
149
153
151
146
152
148
150
151
145
151
150
149
148
145
142
149
145
152
151
149
154
151
154
155
153
152
150
149
150
148
147
152
146
149
146
145
148
149
149
150
146
148
149
150
152
149
148
152
147
154
150
148
149
149
147
149
147
145
148
147
151
146
149
150
143
152
149
147
147
148
144
147
140
146
145
148
148
146
147
148
147
152
151
150
148
152
149
152
148
152
147
148
149
146
149
150
147
150
147
146
146
145
145
149
144
149
144
148
146
145
144
144
143
147
146
143
146
143
148
145
141
144
139
143
144
144
147
146
141
146
142
142
146
139
144
145
142
148
144
148
148
146
145
144
140
147
143
142
143
140
145
146
143
146
144
144
145
142
144
145
140
146
143
141
146
139
142
144
140
144
141
140
144
140
143
145
137
148
141
141
142
140
142
142
140
143
140
138
142
138
141
140
137
143
143
144
147
143
143
145
140
144
143
140
144
140
142
143
137
143
141
141
142
141
141
146
139
145
142
137
142
136
140
139
137
141
140
138
142
135
135
141
135
142
140
139
140
139
141
142
139
141
140
138
140
139
137
141
136
139
136
136
138
142
143
144
143
144
143
141
144
139
140
142
137
142
141
139
139
139
139
140
135
139
139
139
142
138
140
142
138
140
139
138
138
138
138
139
135
139
137
138
139
137
139
137
137
140
141
138
139
138
137
141
138
141
137
138
137
138
138
141
139
144
141
140
141
140
141
141
136
139
137
139
140
138
139
139
137
143
139
137
139
135
140
138
138
141
134
136
137
135
138
140
135
142
137
138
138
136
139
137
136
138
136
138
139
133
135
135
130
137
136
134
135
131
135
138
135
138
135
135
139
135
138
142
132
137
134
134
134
132
135
136
135
139
136
136
139
135
137
138
133
138
136
137
138
134
136
139
135
137
133
132
137
133
138
136
132
137
135
135
138
136
135
137
131
135
131
132
133
127
128
130
126
129
135
133
135
130
135
138
136
139
135
132
133
130
133
134
129
133
133
131
133
131
130
132
132
134
133
134
134
132
135
137
132
134
132
130
132
129
131
132
132
132
129
127
126
126
131
135
131
134
133
136
135
132
132
129
129
131
131
132
132
131
134
132
130
134
133
134
135
130
133
131
130
131
132
130
132
128
132
131
129
131
128
131
131
127
128
129
129
133
131
132
131
129
132
131
129
135
129
131
131
127
128
132
130
133
129
129
130
127
130
131
128
131
127
126
129
130
133
132
130
133
132
133
132
130
132
129
127
128
127
124
129
128
131
133
129
134
131
131
132
128
132
130
127
129
129
130
135
128
130
128
124
128
129
130
131
129
131
132
129
133
129
129
131
127
128
133
128
131
128
124
124
120
123
125
122
129
131
132
135
133
135
135
130
133
133
131
131
126
126
126
123
127
124
123
128
129
132
134
129
133
131
130
134
131
132
132
129
131
128
129
132
127
126
125
121
126
127
126
127
124
127
127
127
130
130
128
130
124
124
124
123
126
125
124
127
125
126
127
126
128
129
128
132
127
126
127
124
125
125
124
124
122
125
125
124
125
123
122
124
122
127
126
125
127
125
126
129
129
130
129
127
126
124
127
128
128
132
130
128
129
129
130
131
127
127
124
125
125
125
125
126
122
128
131
129
134
132
131
132
127
124
122
121
124
122
125
126
123
126
124
123
126
124
124
126
121
126
124
124
126
120
123
122
119
126
125
123
125
123
124
127
125
127
124
122
126
121
125
126
121
124
124
119
122
118
121
124
120
124
124
125
129
129
130
132
127
129
129
125
125
122
124
127
122
125
124
122
126
125
127
128
128
132
132
130
134
129
130
131
127
127
126
126
128
128
128
129
123
127
124
123
126
124
124
129
128
130
129
127
123
122
124
123
119
123
122
119
124
120
120
126
123
127
127
126
128
127
124
125
119
126
122
122
125
122
122
127
121
122
122
120
124
123
126
126
121
126
123
122
126
123
122
125
120
124
123
122
125
121
121
123
118
122
121
122
124
122
123
126
118
123
122
120
123
121
122
124
119
124
123
124
125
122
120
122
117
122
121
119
122
119
121
123
121
124
122
119
122
118
120
125
118
122
119
117
117
117
119
121
117
123
120
120
125
121
122
123
117
122
122
119
121
120
121
120
116
121
116
115
121
117
118
123
119
123
120
121
123
122
123
123
119
123
121
119
122
118
118
121
117
122
123
121
123
120
120
124
121
126
120
120
121
120
120
122
117
120
117
117
119
118
119
122
118
122
120
122
122
120
121
124
117
121
120
119
119
116
117
120
116
116
116
115
118
117
119
124
118
124
123
123
126
121
120
122
117
122
119
122
122
119
119
121
114
120
119
119
119
118
120
121
120
122
119
118
121
117
120
122
117
122
119
118
118
117
118
120
117
121
119
121
122
118
119
122
114
118
117
118
120
118
120
123
120
122
120
119
122
119
122
123
117
121
118
118
121
118
118
121
115
122
118
122
121
118
119
119
116
120
119
120
122
118
120
124
118
123
122
122
122
119
122
122
118
123
121
120
122
118
119
120
117
120
116
118
118
115
116
121
