75
70
64
69
63
70
77
68
84
76
70
78
77
74
78
67
78
72
70
77
71
79
74
66
70
67
66
81
72
72
72
64
77
73
73
78
67
69
72
63
69
68
65
79
66
69
70
66
80
81
79
84
78
78
81
71
81
80
69
87
73
75
77
66
76
79
67
73
63
61
72
66
80
71
63
74
67
76
79
64
69
71
63
70
68
68
74
64
74
70
61
74
73
70
72
62
65
76
62
72
71
64
68
63
71
68
63
69
73
68
76
62
60
66
58
67
64
68
75
64
75
73
66
71
68
65
72
61
68
78
70
74
64
66
68
71
76
75
75
76
79
76
83
70
75
71
67
75
70
67
70
68
72
70
60
59
57
60
68
63
75
77
76
84
83
76
83
80
83
77
68
76
68
75
75
64
76
65
70
78
78
75
75
70
78
79
79
87
72
77
77
66
73
72
70
76
71
70
75
69
82
79
73
80
73
83
83
75
83
79
71
79
73
69
69
60
74
75
71
77
64
70
77
72
80
81
71
85
76
78
83
70
79
74
69
75
70
75
76
69
72
70
60
75
71
78
78
67
77
75
77
80
73
67
78
68
78
79
69
82
72
76
73
65
65
81
72
79
76
77
80
69
80
76
67
76
68
75
77
67
72
80
78
81
66
70
71
64
80
70
66
74
73
74
77
73
77
79
72
80
69
75
78
74
81
74
70
74
74
76
80
75
76
77
78
85
77
80
76
68
79
70
66
69
70
70
75
61
63
55
52
61
56
62
62
60
67
70
63
76
67
71
73
59
67
66
67
73
64
71
65
60
74
74
70
78
71
75
84
72
83
76
74
77
76
82
78
71
80
80
69
81
65
70
81
73
76
76
78
82
78
79
84
72
88
76
71
77
67
73
80
70
74
71
67
75
76
79
86
72
87
86
80
98
75
78
80
74
80
76
74
80
72
74
74
59
70
68
69
76
65
72
78
72
77
78
72
76
69
71
68
62
69
69
69
72
67
67
68
62
71
78
69
77
68
71
71
64
74
60
64
69
62
67
82
70
85
82
71
76
69
75
74
66
76
71
79
84
69
76
81
64
78
75
70
74
73
74
77
66
77
68
66
79
76
74
81
69
81
76
73
78
77
79
81
74
79
78
76
85
72
70
76
56
69
72
70
73
68
72
80
72
85
84
79
88
79
83
86
75
81
77
70
72
70
68
80
69
79
73
79
78
70
76
79
70
75
74
71
75
69
66
79
71
73
64
65
67
65
68
75
66
76
75
70
77
74
74
76
66
74
65
67
69
63
65
70
59
69
69
71
79
73
81
80
77
87
73
76
73
66
73
76
64
73
71
73
78
67
71
69
68
81
78
81
79
74
80
85
74
84
75
75
74
71
76
78
72
80
71
66
74
60
74
81
65
79
72
72
74
69
73
71
59
69
70
69
75
69
77
79
66
80
71
67
75
70
71
75
64
79
68
69
79
67
80
75
65
78
75
75
81
74
71
76
61
71
71
74
76
71
73
79
69
83
79
71
79
70
70
81
72
79
73
73
72
62
61
67
60
69
70
68
80
73
75
81
72
79
75
78
79
75
77
78
67
75
65
59
60
60
69
76
66
76
73
74
78
71
79
77
69
80
74
71
83
74
79
77
69
75
72
77
80
76
79
83
79
88
81
82
84
75
81
85
74
83
76
76
79
70
76
72
67
80
79
80
84
74
84
84
77
86
79
79
80
71
80
80
75
90
78
78
80
69
81
87
77
84
81
82
87
81
90
84
72
86
77
76
83
72
76
78
65
73
69
63
69
66
77
74
68
80
74
71
79
68
72
79
68
77
73
78
85
79
83
83
73
81
81
78
83
73
78
82
69
82
81
75
80
73
81
81
73
82
74
74
74
68
75
79
69
79
74
71
75
73
78
83
72
81
78
77
79
69
73
74
66
77
71
69
68
65
70
71
62
67
63
64
72
66
77
78
69
79
73
72
78
73
77
72
61
64
61
66
77
68
75
78
71
81
79
76
80
69
75
74
72
76
68
69
73
61
66
69
58
68
69
67
72
68
78
73
67
78
72
73
75
67
73
72
62
70
67
63
58
48
63
69
73
78
72
72
79
72
87
82
74
83
72
73
76
65
73
73
66
76
73
71
77
70
81
79
71
83
76
79
85
75
80
79
77
80
73
73
78
71
82
76
68
74
72
74
80
75
79
81
77
85
75
81
76
62
69
69
61
76
73
75
75
67
74
74
71
83
74
78
81
71
75
69
74
68
69
74
-206
255
-54
-312
-325
-465
-465
-460
-458
-459
-458
-458
-458
-458
-458
-458
-455
-458
-453
-449
-457
-439
-447
-444
-434
-450
-439
-437
-448
-432
-444
-443
-436
-453
-445
-444
-456
-445
-454
-460
-450
-461
-461
-459
-461
-461
-462
-462
-463
-464
-463
-463
-464
-464
-465
-465
-467
-469
-471
-471
-469
-467
-466
-464
-463
-462
-446
-398
-358
-309
-281
-256
-224
-204
-173
-146
-128
-107
-92
-74
-60
-44
-27
-26
-17
-7
-4
6
14
26
28
32
26
34
26
39
40
44
46
52
53
64
67
67
71
70
69
68
64
64
60
55
60
58
59
54
47
52
51
54
53
54
51
54
49
51
49
47
44
47
43
44
41
46
42
32
31
31
27
33
29
30
31
26
26
27
30
25
22
20
16
9
10
5
1
2
1
-4
-8
-10
-14
-7
-5
-7
-12
-10
-11
-17
-16
-14
-19
-20
-22
-27
-26
-28
-28
-24
-22
-30
-31
-33
-29
-30
-27
-29
-31
-34
-23
-28
-28
-30
-36
-31
-39
-36
-36
-32
-38
-33
-38
-35
-35
-40
-33
-32
-33
-31
-36
-27
-29
-30
-27
-27
-30
-23
-18
-19
-16
-14
-9
-2
-2
-4
-6
-9
-4
-3
-3
2
5
10
9
10
14
21
12
17
14
14
17
21
24
20
17
16
13
17
26
29
29
32
24
37
34
35
35
37
40
40
39
43
42
40
44
44
41
48
37
47
49
49
51
56
58
65
65
72
76
75
78
82
77
78
77
73
82
81
74
84
75
83
91
86
91
92
82
94
94
93
99
82
89
94
86
100
89
97
101
92
98
100
89
112
103
100
108
102
113
114
104
119
111
108
120
108
109
114
105
121
117
114
122
110
117
126
121
140
133
130
138
134
130
134
119
126
124
120
124
119
129
136
122
129
127
116
135
128
132
138
127
139
139
138
145
137
138
146
136
149
143
139
150
141
146
159
137
146
148
148
156
147
151
152
143
152
148
146
157
149
151
156
145
156
156
155
158
148
150
155
146
160
140
147
155
149
152
161
144
157
151
149
155
151
146
156
147
157
150
147
158
150
156
161
146
163
161
157
168
163
159
166
151
167
152
158
159
155
157
163
136
151
143
141
154
150
151
157
148
163
158
160
164
153
157
167
147
159
159
153
159
147
149
152
141
159
156
162
157
154
157
168
148
166
156
153
166
158
163
163
150
164
161
154
164
154
164
167
155
169
162
160
168
162
161
170
160
167
163
158
166
151
164
162
148
159
151
156
161
161
161
167
154
162
165
163
170
158
163
162
150
176
159
161
165
159
163
163
151
160
153
158
160
146
164
163
154
168
158
161
165
158
157
159
148
166
155
165
158
152
156
152
148
159
159
154
163
148
155
158
151
162
147
152
159
153
156
157
154
168
154
155
165
149
160
162
144
164
155
164
158
156
158
160
143
161
150
150
160
146
159
160
142
156
153
148
157
151
155
160
139
160
148
151
158
145
153
150
139
143
146
146
148
132
140
143
124
144
139
137
141
131
138
145
141
146
144
141
148
137
147
146
137
145
134
132
135
130
127
135
134
139
137
138
142
134
138
144
132
143
137
131
133
132
129
136
123
125
115
113
118
111
121
118
110
120
119
105
115
111
111
115
100
110
100
104
100
93
103
94
90
102
94
98
98
92
102
102
93
106
91
98
93
91
98
87
78
89
83
81
89
74
89
82
76
88
84
89
88
84
85
89
78
99
76
81
87
71
82
86
73
87
78
77
85
73
84
83
72
87
75
79
92
70
78
75
60
63
54
53
59
50
60
60
44
63
47
47
53
43
47
47
37
46
41
37
48
33
42
36
23
44
30
38
41
27
31
33
14
31
30
27
35
17
27
27
19
32
17
22
24
19
21
30
14
25
12
12
16
4
7
9
-3
3
-1
-1
6
-3
4
14
3
16
12
10
13
9
8
7
-2
-1
-7
-10
-9
-10
-5
5
-10
0
-7
-8
-10
-6
-4
-7
-16
-7
-14
-13
-2
-15
-8
-11
-17
-12
-18
-16
-14
-13
-11
-5
-7
-3
-8
-4
-4
-16
-10
-8
-14
-10
-17
-11
-14
-19
-17
-19
-26
-8
-17
-10
-3
-11
-4
-6
-10
-3
-9
-12
-13
-23
-9
-5
-12
-1
-11
-3
-6
-12
-2
1
2
12
5
3
12
7
14
15
3
17
4
17
19
12
18
19
11
18
15
12
26
17
28
26
25
29
25
28
29
20
26
26
14
28
22
30
38
29
38
31
30
37
31
41
41
26
36
39
26
50
41
41
46
36
47
45
45
45
42
46
51
41
53
53
50
64
59
64
66
66
68
73
66
72
67
67
72
62
65
76
67
81
74
72
70
68
71
78
70
81
77
75
85
74
91
83
78
88
82
90
92
87
90
95
81
92
81
90
90
82
82
93
91
104
99
96
101
88
97
99
92
107
96
103
104
95
108
100
98
103
103
102
110
100
111
110
98
117
106
113
114
108
114
118
101
121
110
105
113
100
114
115
115
127
119
124
127
124
136
141
122
128
122
123
124
111
117
116
115
121
117
120
123
121
126
130
123
134
126
131
135
127
126
129
128
130
125
118
124
120
127
121
113
119
114
126
129
127
135
135
132
144
138
137
132
122
130
129
124
139
131
139
137
131
139
142
138
151
138
140
144
136
149
142
138
145
134
141
147
136
140
141
131
146
134
134
129
127
140
140
134
146
137
138
142
133
141
144
129
140
130
135
137
130
140
132
129
138
128
133
145
130
138
130
126
135
132
139
138
128
137
139
134
146
137
139
150
135
144
144
130
142
142
138
142
135
144
147
138
150
144
138
143
130
139
138
135
144
143
139
140
133
136
141
138
149
138
142
148
135
148
150
136
145
143
141
148
142
146
148
143
146
131
132
135
128
137
137
138
145
146
145
153
143
152
146
153
152
144
145
143
138
140
139
133
135
134
136
146
138
146
138
140
144
139
136
142
135
139
142
136
145
139
141
137
128
139
130
141
144
137
139
141
136
146
142
138
146
134
145
143
129
142
130
132
137
131
136
138
123
138
138
137
146
136
147
145
136
144
138
139
136
134
137
139
131
150
140
133
132
125
130
138
136
139
139
134
146
139
148
148
128
145
139
136
143
137
137
143
133
141
134
131
142
134
142
142
131
151
141
136
142
133
131
141
135
144
139
141
151
142
150
145
134
142
145
139
148
145
137
149
136
148
145
141
146
144
145
146
138
150
148
142
144
138
134
143
134
151
141
137
142
142
144
147
136
139
142
133
147
136
134
141
131
146
138
132
132
136
134
140
120
135
131
132
146
135
143
147
139
150
143
144
140
142
144
141
128
141
130
131
147
134
136
141
134
143
142
136
141
134
137
143
129
146
136
138
143
135
131
139
129
141
141
139
143
139
153
151
140
152
143
141
151
141
143
144
133
146
139
129
136
123
131
141
134
149
138
142
147
143
142
150
133
140
136
134
139
132
140
141
132
138
133
131
144
137
140
144
132
146
144
137
145
139
141
145
137
149
137
137
147
138
141
144
123
133
130
132
139
134
135
134
131
140
134
132
138
124
123
124
119
134
139
139
140
132
134
136
132
140
130
130
138
131
138
141
131
142
138
135
136
135
131
137
127
135
135
127
130
124
131
141
129
140
138
136
138
131
134
138
129
141
133
131
134
130
132
135
120
125
114
118
129
124
124
129
123
133
129
136
138
132
136
141
133
139
135
128
135
119
116
123
109
132
130
131
130
130
131
138
123
133
131
123
129
126
126
127
120
131
130
126
128
124
122
131
123
137
130
138
139
134
138
142
136
139
133
132
131
124
125
129
120
125
113
116
121
121
125
131
127
133
136
139
141
134
133
136
124
126
118
121
126
122
124
124
118
126
121
121
127
120
132
132
125
134
128
131
130
123
123
125
114
126
119
125
125
114
123
117
115
133
127
124
128
124
124
127
117
127
118
118
117
114
126
125
118
132
125
120
128
123
129
136
127
133
126
127
125
117
125
127
115
132
124
121
128
124
131
139
125
132
126
122
129
125
130
135
123
137
127
127
136
124
127
127
117
130
128
127
130
122
120
123
109
131
123
118
119
114
118
122
112
126
121
117
124
119
125
129
120
129
128
122
121
109
106
114
105
122
120
118
123
118
121
125
114
125
118
119
121
117
123
130
122
124
117
113
118
117
125
125
118
127
124
125
133
128
129
130
120
125
125
123
125
119
124
117
110
116
112
114
119
115
121
125
116
125
121
127
125
119
125
122
110
119
111
117
123
112
121
115
115
125
124
125
126
118
129
131
128
135
124
123
124
117
127
129
125
130
124
121
123
117
127
126
119
128
127
124
131
124
130
130
118
125
119
114
119
113
122
125
117
129
120
118
124
114
127
127
113
126
115
118
123
118
125
122
114
124
116
118
123
109
117
111
101
117
117
115
120
108
119
118
113
124
117
115
120
110
118
121
112
122
115
116
120
113
113
120
113
123
114
116
117
110
116
121
113
120
119
120
122
113
121
123
119
123
115
115
115
111
122
123
116
125
118
120
125
121
126
122
113
122
114
118
121
114
120
116
108
116
108
110
116
107
114
114
119
120
116
117
120
110
118
115
108
118
111
115
118
107
108
106
103
112
114
118
121
113
123
120
118
128
121
115
118
109
118
113
112
118
109
109
114
99
120
115
111
120
113
116
121
115
124
124
113
122
114
122
120
111
120
120
111
123
114
111
122
114
124
119
117
121
115
117
123
113
122
114
107
113
103
109
117
106
116
112
106
114
113
117
118
111
118
120
108
125
113
110
118
104
118
116
107
120
113
114
118
105
113
110
107
120
108
114
122
108
117
117
113
117
113
113
113
106
114
113
104
118
104
103
105
100
110
113
104
114
104
106
110
100
113
105
99
112
104
109
121
108
116
113
99
108
100
104
111
100
108
108
102
116
108
109
109
98
107
109
97
106
97
101
108
94
107
100
91
109
101
103
112
94
114
106
99
112
103
104
107
97
103
102
97
106
99
94
97
81
95
103
89
102
94
100
107
104
114
112
104
111
103
102
109
96
107
106
98
105
101
102
105
99
108
108
105
114
106
108
113
101
109
107
99
104
100
102
107
102
106
102
99
103
101
105
112
100
108
106
105
110
108
109
106
96
108
102
102
106
102
105
103
95
108
103
107
115
107
112
115
111
114
108
104
110
100
106
110
100
110
104
103
111
102
102
104
93
116
108
110
115
103
108
113
104
119
109
106
113
102
106
110
104
113
107
105
110
98
107
110
99
111
104
98
111
106
106
110
96
108
105
103
108
103
106
115
98
113
109
95
113
101
103
106
100
112
110
105
116
102
107
113
96
109
105
102
110
105
100
102
92
103
101
104
109
95
106
113
94
112
106
102
104
104
103
111
102
112
109
106
106
97
95
108
92
108
100
103
107
105
105
115
109
114
114
115
117
110
112
114
103
117
111
106
107
110
113
119
108
117
111
111
115
109
115
112
103
115
108
105
113
106
109
111
98
112
102
110
113
106
113
113
107
122
112
114
115
108
105
112
99
107
94
105
106
100
106
104
95
118
110
110
121
109
118
119
105
112
102
109
109
100
105
111
102
123
108
103
105
92
106
110
101
115
106
108
114
110
115
117
99
114
105
107
113
101
105
109
96
109
103
94
107
103
105
110
96
111
100
97
103
94
100
114
96
107
103
101
114
107
109
107
93
109
101
104
109
96
100
114
97
113
112
107
113
104
108
112
98
110
96
105
108
102
103
114
100
115
110
108
113
113
114
116
103
110
106
103
110
101
101
112
99
114
106
102
99
103
100
107
95
110
106
106
115
113
112
117
101
115
105
106
108
106
107
106
90
104
97
101
114
103
107
111
90
118
109
108
108
99
102
111
101
111
106
110
113
100
106
108
94
115
106
114
108
105
107
112
96
107
100
111
105
98
98
98
86
102
97
91
101
88
97
105
97
107
100
104
111
98
101
105
93
110
101
100
103
100
102
108
102
110
100
106
110
107
107
109
100
115
110
106
112
103
108
108
103
121
104
105
109
106
106
109
91
107
100
104
106
96
104
104
95
104
98
100
93
96
93
102
89
111
100
106
102
98
103
104
102
108
103
102
105
103
109
115
99
111
99
106
106
99
104
107
99
110
101
99
99
94
106
108
95
117
105
108
110
105
105
115
105
115
101
105
109
98
113
107
94
109
105
100
106
100
96
107
94
114
106
109
113
104
113
115
103
117
109
106
109
103
103
106
92
114
101
106
109
103
114
116
104
116
111
107
116
104
107
112
104
118
112
113
114
108
110
118
110
121
113
111
120
107
114
116
107
116
109
106
108
105
113
116
99
108
101
101
111
103
114
114
109
116
117
111
117
110
106
108
94
116
99
103
109
105
105
107
100
102
106
106
112
103
119
112
103
117
106
114
114
105
110
107
98
108
105
106
105
92
106
98
93
112
98
101
102
100
105
111
99
104
94
100
99
87
107
101
96
109
99
101
111
97
106
105
92
112
99
102
104
94
110
100
89
104
93
98
100
95
110
110
90
110
93
102
102
99
105
104
99
109
102
101
112
93
107
99
90
111
100
99
100
90
97
95
88
102
90
93
102
85
98
97
88
103
91
96
96
93
100
101
89
106
97
90
100
79
88
91
85
96
91
93
96
82
92
97
87
103
87
93
97
92
97
96
88
92
88
84
89
88
92
92
83
98
88
93
97
89
94
95
83
96
91
89
98
83
96
84
84
90
85
90
93
89
93
98
90
102
93
102
99
91
96
87
89
93
90
100
90
85
90
88
85
100
93
96
97
90
103
98
102
103
93
98
93
89
100
95
90
101
86
92
90
87
93
92
89
100
91
98
97
87
103
97
85
102
87
94
95
90
99
95
91
96
88
90
102
87
107
95
93
99
89
97
95
95
98
95
89
101
90
100
95
90
98
90
87
99
90
96
99
87
99
96
90
110
94
99
99
86
105
91
93
99
