103
99
100
101
99
100
103
100
101
100
103
101
101
102
99
97
101
98
97
100
97
101
102
102
103
103
103
102
101
104
102
100
102
103
103
104
100
101
100
100
102
102
104
103
103
104
105
103
107
103
102
101
100
102
103
103
103
100
97
98
96
102
102
99
104
103
103
106
105
105
104
104
104
102
102
104
101
104
104
100
103
102
103
106
104
105
108
105
107
104
104
107
103
107
104
102
103
104
102
105
100
99
102
100
102
104
103
104
101
103
105
105
107
104
103
103
99
101
103
99
102
101
102
105
101
107
107
105
107
106
106
109
104
105
106
103
105
104
103
102
102
103
104
101
103
100
100
103
100
102
105
102
104
104
104
104
101
104
102
101
103
103
102
106
101
102
102
100
102
104
104
104
103
106
104
102
105
102
101
102
100
104
105
103
105
106
105
104
102
105
104
103
104
103
103
105
101
105
104
102
104
106
105
105
103
106
105
104
104
102
102
104
102
104
106
103
106
104
102
106
104
105
104
104
104
103
104
107
102
105
104
101
104
104
101
102
99
102
101
105
106
104
105
108
105
108
108
106
106
106
102
104
100
100
101
101
102
102
102
107
102
105
105
103
104
104
102
104
100
103
103
104
102
101
98
102
100
104
103
103
104
104
104
107
105
104
105
103
104
104
103
106
102
103
100
98
98
101
100
103
102
105
108
108
106
108
105
107
102
105
104
102
103
104
103
105
103
101
104
104
106
105
105
106
103
106
107
106
106
106
104
106
102
105
105
107
103
102
102
102
101
105
105
103
103
106
104
106
105
104
103
103
102
100
101
102
99
102
103
102
102
104
105
107
104
107
104
104
104
104
103
103
100
105
102
102
102
103
103
104
101
102
100
103
103
103
104
106
104
106
104
106
106
104
103
106
101
107
105
107
105
104
103
103
102
108
105
106
106
105
104
109
102
103
102
103
104
103
105
107
104
108
105
105
106
102
103
106
100
104
104
104
104
103
104
105
100
106
104
103
104
103
102
106
100
103
100
102
105
104
105
107
102
106
106
106
108
105
104
107
102
106
104
105
105
103
101
102
97
103
102
101
101
100
102
107
101
106
104
105
106
106
103
106
100
102
101
101
102
99
101
105
101
103
105
103
105
105
105
107
103
105
105
103
104
103
106
110
102
104
103
101
103
104
103
104
101
105
104
104
106
104
103
106
102
104
104
102
103
100
99
99
96
103
101
102
104
105
106
109
105
107
105
102
102
103
101
104
102
105
103
103
102
101
100
104
102
105
106
104
105
104
105
107
103
105
104
103
103
103
102
106
101
103
100
101
103
105
105
105
103
107
104
106
105
104
102
104
99
103
103
102
104
103
103
106
105
106
107
108
108
104
105
107
102
107
106
105
106
106
104
107
103
105
105
106
105
103
102
106
102
106
105
105
106
105
106
108
106
106
105
105
105
102
104
108
103
104
104
101
101
103
102
104
100
104
103
104
104
103
104
107
104
106
108
107
109
108
107
108
104
104
104
103
104
103
106
109
105
107
106
105
105
104
103
105
102
105
104
106
102
101
100
102
101
104
104
103
104
102
103
105
104
103
104
104
102
103
105
105
103
102
101
99
100
99
101
102
101
102
104
105
104
104
105
106
104
107
105
103
101
101
101
101
99
100
101
103
104
102
105
106
102
106
106
106
106
106
104
105
103
106
105
105
104
102
102
103
101
105
103
104
103
105
105
107
105
108
105
104
103
102
103
103
101
103
100
101
100
101
102
105
102
108
107
107
107
105
105
104
102
105
103
104
101
103
105
106
99
102
100
102
102
102
103
104
102
104
102
102
105
101
101
105
99
102
104
103
102
100
100
100
100
105
103
101
104
102
104
107
102
104
100
102
102
101
101
104
100
104
99
102
107
102
105
107
104
106
107
106
104
103
105
107
104
107
105
104
105
101
104
106
103
103
103
102
106
104
104
106
103
105
105
105
106
102
104
105
101
104
106
103
106
102
103
103
104
104
102
101
101
98
101
104
102
102
103
100
102
103
102
102
102
105
103
103
103
99
99
102
98
102
105
98
104
103
105
105
103
103
102
101
102
101
104
105
100
101
98
100
100
102
106
102
100
104
103
100
104
100
102
103
100
102
102
104
103
102
102
100
98
101
102
101
101
101
106
107
104
103
107
108
107
108
107
107
102
106
104
103
104
101
102
103
103
105
104
103
105
102
102
106
103
104
102
102
105
100
100
106
99
100
100
55
101
-9
-47
-239
-414
-453
-458
-459
-462
-465
-465
-467
-468
-468
-469
-469
-469
-467
-466
-466
-466
-466
-467
-466
-466
-467
-467
-467
-468
-468
-468
-468
-468
-468
-468
-469
-468
-469
-469
-469
-471
-471
-472
-472
-473
-472
-472
-471
-469
-468
-467
-465
-464
-463
-462
-461
-428
-375
-334
-297
-258
-228
-195
-171
-142
-119
-92
-76
-56
-37
-18
-9
5
18
27
38
44
54
60
69
79
86
90
96
92
100
103
105
109
110
115
114
116
117
119
122
121
125
125
125
125
124
126
126
124
123
124
123
125
127
127
123
123
125
124
127
126
124
122
122
121
121
123
118
119
117
117
115
114
114
115
112
108
108
106
109
106
108
109
106
106
106
106
103
102
101
100
98
96
92
95
96
89
95
94
93
93
89
93
92
92
88
89
87
87
86
86
87
86
84
82
81
81
84
80
82
83
80
81
83
81
78
78
76
79
76
76
75
75
75
71
72
71
68
72
71
73
73
76
76
78
77
80
76
79
78
76
78
76
76
78
81
77
76
80
79
83
83
84
83
85
84
86
87
90
89
88
91
91
91
96
89
94
92
93
93
95
95
98
93
99
95
99
99
98
99
99
100
100
101
99
98
100
100
103
104
107
108
108
112
113
114
117
117
116
118
119
120
120
119
122
121
124
123
126
127
127
128
131
134
135
139
139
141
142
142
143
146
149
143
147
145
147
148
150
149
152
150
153
153
152
154
154
155
159
158
162
155
159
160
157
160
158
163
164
163
162
165
164
168
168
164
168
167
167
167
168
166
168
164
168
168
168
169
167
168
170
167
170
170
169
168
168
168
173
172
176
174
175
177
176
177
180
177
180
180
179
183
183
183
190
183
190
188
191
191
192
195
197
196
200
201
204
207
209
210
213
212
214
215
216
216
219
217
222
216
220
223
224
224
223
229
231
226
231
233
233
232
233
232
239
235
243
242
241
243
241
241
246
246
248
250
250
252
251
256
263
258
260
261
262
264
266
265
269
267
265
267
266
267
267
269
275
273
279
279
280
279
283
281
285
280
282
283
280
283
282
283
284
280
282
284
285
286
287
285
289
280
287
287
289
283
287
285
286
284
285
285
284
280
280
279
283
279
282
281
283
282
285
283
287
288
285
291
287
295
290
292
295
295
299
300
303
303
307
311
314
314
320
324
324
328
327
330
331
328
332
328
329
328
331
329
328
323
324
322
322
322
319
317
315
315
316
315
313
312
310
306
307
301
306
301
301
300
294
293
290
284
287
281
278
274
269
263
260
248
242
233
228
222
219
211
207
200
196
190
177
173
162
158
158
151
149
143
141
135
130
127
122
113
113
110
104
103
99
97
93
90
90
86
86
85
82
80
84
77
80
80
77
78
76
77
78
74
74
73
73
71
68
66
70
62
62
58
56
53
55
48
47
39
37
33
26
26
19
9
5
-6
-12
-19
-27
-34
-35
-39
-41
-47
-52
-57
-63
-66
-75
-78
-82
-91
-93
-99
-100
-107
-109
-114
-116
-125
-128
-132
-137
-141
-146
-149
-151
-153
-154
-155
-157
-160
-164
-162
-160
-167
-163
-165
-168
-166
-169
-169
-170
-174
-171
-170
-171
-168
-169
-167
-166
-169
-164
-168
-166
-168
-170
-168
-168
-170
-167
-167
-170
-171
-174
-172
-171
-171
-171
-174
-173
-174
-175
-174
-175
-180
-180
-179
-180
-180
-181
-180
-180
-183
-183
-183
-181
-180
-179
-179
-176
-180
-172
-174
-173
-171
-172
-170
-169
-169
-169
-168
-167
-160
-165
-161
-157
-163
-152
-154
-152
-147
-151
-149
-147
-147
-143
-140
-140
-137
-137
-134
-134
-132
-124
-122
-119
-117
-118
-115
-108
-108
-104
-102
-102
-95
-97
-89
-90
-92
-88
-86
-84
-81
-80
-81
-72
-76
-72
-71
-69
-67
-67
-62
-57
-58
-52
-52
-51
-49
-49
-48
-42
-44
-40
-38
-35
-31
-30
-28
-27
-30
-27
-23
-22
-16
-15
-14
-8
-9
-4
-2
0
4
7
9
12
14
18
20
20
22
23
25
30
30
36
33
35
38
41
44
49
48
48
52
55
60
59
63
66
71
73
76
77
77
79
81
86
85
91
93
94
98
94
103
103
102
105
108
108
108
110
111
113
111
115
116
120
124
124
123
127
128
134
140
138
139
139
142
144
144
149
148
151
152
153
154
156
156
159
160
157
163
160
164
163
163
167
165
166
169
168
168
171
170
171
174
173
173
172
178
180
181
184
184
186
191
190
192
195
193
195
194
195
199
198
201
200
199
200
200
201
205
204
207
209
207
210
211
211
210
209
210
212
211
213
212
213
217
212
215
215
213
218
220
219
222
222
222
225
217
225
222
224
221
223
226
223
227
226
225
226
228
226
229
232
232
232
231
231
232
228
232
233
230
232
234
233
235
232
235
236
233
236
235
237
239
239
239
241
240
242
243
243
246
242
242
243
241
246
244
244
245
244
245
246
240
246
247
246
248
244
247
248
245
248
248
249
248
247
251
250
250
253
252
252
250
245
248
249
250
249
252
253
253
252
255
256
255
253
252
252
255
253
254
255
253
253
253
253
254
251
258
258
256
261
258
259
262
258
260
260
261
262
260
260
262
257
261
258
253
256
257
258
260
260
260
261
261
263
262
263
265
261
264
263
262
265
262
260
260
258
260
263
262
264
263
263
265
262
265
265
263
264
264
264
266
262
264
265
261
264
262
261
262
260
263
261
262
265
261
261
265
262
262
263
262
263
262
261
261
261
261
260
259
260
262
262
267
265
266
269
267
269
269
267
267
264
263
264
263
267
266
263
265
263
263
267
265
266
266
266
268
266
269
269
267
268
266
266
270
266
268
269
267
266
267
265
267
266
266
269
267
270
269
268
269
268
267
270
265
265
265
266
268
266
267
267
267
265
267
268
271
267
268
268
267
267
268
266
267
265
268
267
267
269
268
267
267
264
266
268
267
268
268
269
269
268
270
269
270
268
268
267
270
266
267
268
268
268
268
267
266
266
268
269
269
269
266
267
268
266
269
269
267
268
268
269
270
269
271
268
266
265
264
265
267
264
267
267
267
269
270
269
268
266
267
267
267
268
267
268
268
265
268
266
266
268
268
269
270
270
272
272
271
272
268
271
272
269
270
270
269
271
269
265
268
264
265
267
268
267
267
269
271
268
271
271
270
272
270
269
271
268
270
267
266
266
264
269
269
266
268
269
268
268
268
267
269
266
268
268
268
266
265
266
268
264
266
266
264
266
266
266
268
266
267
268
267
270
267
269
269
265
266
265
263
264
262
262
264
260
263
266
266
266
266
266
269
265
269
267
264
264
262
262
265
262
264
264
262
262
261
263
263
261
263
262
263
265
264
264
265
260
263
263
263
262
262
263
264
261
264
261
259
261
260
261
265
262
265
264
264
263
261
261
262
258
261
261
261
266
264
263
264
259
263
263
263
262
259
261
263
260
264
261
260
262
260
262
264
260
263
261
260
260
258
259
262
260
262
263
262
266
260
261
263
259
262
262
261
262
260
261
262
260
263
260
259
261
258
259
261
255
254
255
254
257
260
258
262
258
261
261
260
264
261
260
260
256
256
259
257
257
256
257
260
257
261
260
258
259
257
256
259
254
253
255
253
254
253
252
254
252
255
254
254
256
258
258
260
257
257
260
257
256
255
253
256
256
257
254
248
247
248
248
253
251
252
255
255
256
259
258
259
257
258
257
256
257
256
254
251
248
248
250
252
251
251
251
252
252
252
253
252
250
251
250
253
249
250
251
250
249
249
246
249
248
250
250
250
250
250
250
252
249
250
250
250
248
246
245
245
246
244
243
245
245
246
249
251
248
252
250
250
250
251
249
247
244
246
246
246
247
245
247
247
244
246
245
246
246
246
246
246
247
249
247
248
246
245
247
246
244
244
244
244
245
245
243
242
240
243
242
242
244
241
242
243
240
242
239
239
240
238
241
241
243
244
242
243
243
240
245
245
241
244
243
241
244
242
243
243
239
242
243
242
242
240
240
240
236
240
238
237
240
238
240
241
240
239
239
238
240
235
239
239
235
238
238
236
238
235
234
236
234
236
238
238
236
234
235
236
234
239
239
238
238
238
239
240
239
240
238
236
236
233
238
238
235
238
237
237
238
239
238
239
235
237
237
236
237
235
236
238
235
237
235
234
235
235
236
238
234
237
236
237
238
234
237
235
233
234
234
235
237
232
230
230
226
230
230
231
232
232
232
234
234
240
236
234
235
231
233
233
230
233
231
231
230
229
231
230
230
233
232
232
235
231
233
234
231
235
233
232
233
231
232
233
229
232
229
227
231
229
231
232
230
233
232
230
236
230
232
231
229
230
227
228
230
226
226
227
227
227
231
230
232
228
230
228
222
232
226
225
227
225
226
225
224
226
228
224
228
225
226
226
225
228
228
226
231
226
227
230
226
228
231
225
227
224
226
227
225
225
224
223
228
223
227
227
221
228
225
221
227
222
226
223
224
221
225
223
229
219
227
225
221
225
225
223
226
222
225
224
223
228
224
222
226
220
225
224
222
226
222
226
221
226
220
224
223
225
222
226
223
224
221
226
220
224
222
222
223
222
224
220
224
219
222
224
217
221
222
221
220
220
223
221
222
222
221
223
221
223
222
222
222
220
220
218
216
216
218
217
218
217
213
219
218
219
216
218
217
216
216
215
214
216
216
215
216
214
215
213
213
218
213
216
215
215
216
216
213
218
215
214
214
210
213
212
215
214
209
207
207
207
211
212
210
213
212
213
212
214
215
211
211
210
210
210
210
209
212
210
207
211
208
210
211
208
211
211
213
213
213
211
214
210
213
214
209
211
210
211
211
207
207
206
205
210
209
210
212
209
211
210
209
211
210
209
208
204
204
206
206
207
206
204
208
204
211
210
209
210
210
209
212
207
207
209
205
209
207
209
208
203
207
208
206
208
206
205
208
205
207
208
208
208
206
208
208
205
209
207
208
206
207
208
210
205
206
206
205
206
206
207
206
205
206
206
204
207
203
202
204
201
203
202
204
205
204
202
202
200
203
204
200
202
201
203
206
202
206
204
203
204
204
203
205
202
203
205
203
205
201
202
204
203
202
205
205
205
204
202
205
200
204
202
202
203
201
202
206
200
200
198
196
202
200
198
200
195
202
200
201
205
202
201
203
201
202
204
200
202
200
198
198
195
198
199
200
199
199
198
201
199
201
201
198
202
200
198
201
195
198
200
197
198
196
193
199
196
200
202
197
199
198
201
202
200
199
199
198
199
197
196
201
196
195
194
192
193
198
195
197
194
195
199
198
200
199
195
197
192
195
194
193
194
195
193
195
194
190
189
187
189
188
189
191
186
190
190
189
189
192
192
196
191
191
193
196
196
192
190
187
188
191
191
192
193
195
194
196
194
193
190
185
186
185
186
188
186
186
188
187
185
190
190
192
192
193
191
190
187
187
186
187
185
186
188
186
186
186
188
187
184
187
183
187
187
188
188
189
185
188
189
189
189
186
188
188
186
185
186
189
185
185
184
185
183
190
187
185
187
185
185
186
184
185
184
184
182
184
186
187
183
188
186
186
187
182
184
185
183
183
184
186
185
185
185
185
181
187
183
183
182
183
183
187
182
182
181
182
185
182
187
187
183
186
183
185
185
183
181
184
180
183
181
183
184
180
180
180
177
181
181
179
180
181
179
184
182
185
183
182
184
184
185
183
181
181
181
178
180
178
177
182
177
182
179
181
181
179
179
181
177
180
180
178
179
177
177
180
175
177
174
174
175
177
176
178
176
176
177
178
181
176
178
179
176
178
178
176
172
174
172
175
170
177
176
176
178
177
179
184
180
180
181
178
177
177
176
178
173
178
176
176
176
174
176
176
175
176
177
176
177
176
175
179
173
176
173
174
174
174
174
178
172
175
173
171
174
174
175
176
174
178
176
177
176
176
172
173
169
175
173
171
173
171
173
174
171
175
174
175
173
175
174
177
170
175
172
172
171
173
174
174
171
173
173
171
173
169
169
174
168
174
174
173
173
171
171
173
172
172
172
169
172
170
171
173
169
172
170
171
172
174
172
173
169
170
167
168
170
167
167
169
166
169
172
169
171
171
169
175
170
169
170
167
168
167
168
170
168
169
171
169
170
170
166
170
165
169
168
168
167
164
165
167
165
166
167
165
168
167
167
169
170
168
167
167
165
167
167
169
167
164
165
162
162
162
162
163
160
162
165
165
163
165
165
168
165
168
168
165
168
165
166
165
165
162
164
162
165
164
166
167
162
165
164
166
164
164
164
164
162
164
166
166
163
161
158
165
161
164
162
163
161
163
160
164
163
164
164
163
164
161
164
164
160
160
156
163
158
164
160
163
162
166
164
166
166
164
166
164
162
166
160
160
159
164
161
162
157
164
158
163
161
158
167
160
161
162
161
162
164
161
160
161
157
165
160
162
161
157
163
158
161
160
159
161
162
159
165
164
161
163
158
161
156
159
161
157
161
159
161
156
164
156
163
161
158
164
159
165
158
160
157
164
155
165
157
160
158
159
163
158
159
158
157
159
162
158
161
160
156
163
157
162
160
155
163
159
162
158
164
159
164
154
159
162
154
164
156
160
156
158
160
157
157
159
158
158
159
159
160
155
158
161
154
159
159
155
155
159
156
156
157
155
157
156
159
158
157
160
153
156
156
156
157
162
151
157
156
157
157
157
158
156
155
157
158
158
159
155
156
157
154
155
155
156
156
155
156
154
151
154
154
152
154
153
156
159
157
159
157
158
158
158
159
157
155
157
155
153
153
149
153
153
153
156
156
155
155
154
155
157
153
156
156
154
157
152
156
156
152
154
152
150
152
155
154
154
151
155
154
155
153
153
155
155
153
154
153
150
150
147
149
150
148
150
149
152
153
151
154
154
152
154
153
152
153
152
152
151
149
151
150
151
151
148
147
152
150
151
149
149
153
149
152
153
152
151
154
149
150
149
148
153
149
150
150
147
149
148
149
150
148
151
151
152
