100
100
95
97
99
94
98
95
102
97
96
98
99
99
104
99
97
98
94
100
96
93
99
93
99
95
99
95
102
96
103
100
102
105
96
102
100
99
98
97
98
97
96
100
100
99
101
95
102
96
95
104
100
99
100
99
99
101
99
100
97
95
103
96
101
100
97
99
101
94
102
98
98
103
97
102
100
100
99
97
99
97
96
99
100
97
100
98
99
100
97
101
96
95
102
94
100
97
93
99
99
96
100
96
96
98
96
99
97
99
98
99
97
100
97
100
98
95
102
96
99
98
96
100
97
97
96
97
98
99
95
102
98
95
103
93
99
94
96
96
95
98
98
98
99
102
95
107
99
100
100
97
99
98
95
100
94
96
96
96
100
99
95
105
96
98
102
99
98
100
96
98
100
99
100
97
97
98
92
101
97
98
100
98
97
101
96
102
97
96
100
95
102
97
94
101
93
95
99
92
95
102
94
104
98
100
103
98
100
101
97
99
96
96
98
95
100
102
95
105
97
97
97
97
99
102
98
101
102
100
106
102
102
106
98
102
101
101
101
101
100
102
98
100
101
99
103
98
102
105
99
103
99
101
100
98
98
100
97
103
98
100
104
100
100
101
97
100
102
98
99
101
99
102
99
105
101
99
103
102
102
105
100
103
102
99
101
102
102
104
98
103
101
101
103
101
101
100
94
103
101
99
101
97
99
101
99
101
98
101
100
99
98
102
97
99
100
100
102
101
104
104
103
105
103
105
104
101
101
102
96
102
101
98
101
98
100
101
101
103
100
99
101
98
101
102
97
103
100
100
100
99
100
101
98
101
100
102
103
100
102
103
99
103
102
100
101
100
101
101
98
97
96
96
99
98
101
103
101
105
104
104
105
103
102
103
97
101
99
102
102
97
99
98
93
102
99
99
103
99
102
103
101
104
101
100
102
98
102
101
98
100
98
97
100
97
98
101
97
102
99
102
101
98
100
103
97
101
98
95
102
94
101
100
99
100
100
98
100
102
104
104
98
102
101
98
103
100
101
102
98
101
100
101
101
98
99
101
96
101
101
99
102
98
99
100
99
102
101
100
100
97
101
100
96
101
101
100
100
98
98
98
98
99
99
100
99
100
99
101
98
101
100
100
102
99
101
105
101
104
102
99
99
97
102
101
99
101
101
101
104
101
102
102
99
103
101
103
104
101
104
102
99
103
98
102
103
101
102
104
101
102
100
101
100
97
102
99
96
99
98
98
101
96
97
98
93
101
98
100
100
98
101
102
99
109
103
103
104
99
102
103
99
101
98
99
101
97
102
100
97
101
96
98
101
96
100
100
94
102
96
97
97
94
100
99
93
103
94
98
97
94
100
99
94
104
98
98
100
97
98
98
93
101
94
98
100
94
99
97
94
103
101
99
103
99
103
102
99
104
99
98
100
96
100
103
96
101
100
97
97
96
97
97
96
99
97
97
101
95
104
101
97
99
103
98
100
98
100
101
97
100
99
96
100
97
100
103
97
100
98
97
99
97
96
96
94
102
98
98
101
99
100
100
99
99
100
99
101
98
100
100
99
100
101
101
102
98
100
101
98
101
100
100
101
100
99
99
98
100
100
100
100
98
101
100
98
99
100
97
99
97
99
99
100
101
98
98
97
95
102
98
94
102
97
100
102
102
103
101
101
103
100
104
102
99
103
99
96
98
96
97
99
97
99
99
100
101
99
100
100
97
102
102
99
102
100
100
100
97
99
98
97
103
100
102
102
99
103
102
99
105
101
101
102
98
101
100
97
99
96
95
101
92
105
101
99
104
101
102
105
100
102
101
97
100
98
99
100
96
101
100
95
106
97
98
101
97
101
101
98
102
99
99
102
96
103
98
95
103
97
96
101
96
98
98
93
102
96
98
99
94
103
97
95
104
96
92
99
92
99
94
98
97
99
97
99
95
104
100
97
99
97
95
104
95
101
98
95
100
95
99
97
93
100
98
94
101
94
96
94
96
96
97
95
100
96
94
101
93
100
96
96
97
95
100
101
95
102
96
94
98
98
96
98
95
100
96
95
103
97
98
104
100
103
104
101
102
101
99
98
95
102
94
98
98
96
96
100
96
99
98
98
98
98
98
99
95
103
97
95
103
94
99
96
94
101
99
96
98
96
99
101
98
102
99
98
100
98
99
102
96
99
97
94
100
94
99
98
94
103
99
102
105
101
103
104
98
101
100
95
103
96
97
100
95
101
95
98
98
96
98
102
95
105
101
99
102
100
98
100
95
104
100
100
101
95
99
101
-15
176
51
-13
-31
-281
-276
-349
-453
-414
-456
-458
-456
-460
-460
-460
-463
-460
-463
-463
-461
-464
-462
-463
-464
-463
-465
-464
-463
-467
-465
-464
-466
-463
-465
-465
-464
-466
-464
-464
-465
-463
-465
-464
-464
-463
-463
-462
-461
-460
-459
-427
-391
-347
-320
-278
-254
-220
-197
-168
-145
-124
-103
-84
-72
-57
-37
-27
-17
-5
2
18
25
31
38
42
45
52
60
62
66
76
79
83
81
86
83
86
87
90
91
97
90
98
96
94
98
94
99
94
97
94
97
96
98
94
98
95
94
97
97
95
98
98
95
99
94
101
95
96
94
94
96
95
95
98
92
92
90
90
87
89
89
89
88
89
91
88
89
89
86
89
88
88
84
85
82
83
82
81
81
81
81
82
83
83
81
81
82
83
81
85
80
82
78
79
76
83
78
77
76
76
75
74
78
79
76
77
74
80
79
79
77
79
75
76
74
74
72
74
75
76
75
78
74
78
80
83
80
85
81
82
81
81
80
82
82
80
79
79
80
80
84
84
80
81
79
82
84
87
84
87
87
89
87
89
89
88
87
90
89
93
87
92
90
91
87
91
88
93
87
92
93
93
94
92
94
94
92
93
97
95
93
97
92
100
94
99
93
100
94
100
97
99
97
96
100
102
99
103
101
102
100
101
99
103
104
102
99
103
100
102
106
106
105
104
110
107
106
110
106
108
107
106
108
111
106
109
111
110
111
109
108
109
106
115
109
110
113
114
115
118
113
116
119
116
117
114
118
117
115
118
114
114
116
115
117
120
116
121
119
120
123
120
121
122
119
121
121
121
124
121
120
121
114
121
119
120
122
120
120
122
123
126
124
123
125
123
124
122
120
124
119
120
120
120
118
122
120
128
132
130
134
130
133
133
128
133
131
129
131
129
127
129
129
132
129
127
125
122
127
130
128
131
132
133
133
132
133
135
128
134
129
132
132
131
131
133
127
127
127
126
130
132
131
133
131
135
128
130
129
127
125
126
123
127
126
127
131
131
132
133
127
131
133
136
132
132
133
136
131
136
133
131
135
131
132
134
134
137
135
134
133
131
134
137
130
137
134
135
137
135
135
135
131
134
134
134
134
132
132
138
132
138
133
133
137
134
133
136
133
137
135
135
139
135
139
139
136
140
137
138
139
136
133
134
130
136
133
135
136
132
136
138
134
141
136
134
134
133
134
135
130
136
133
133
133
129
133
134
132
134
132
133
138
134
136
138
132
137
135
136
137
132
135
138
132
134
130
129
134
131
136
142
134
140
138
140
138
136
138
136
130
134
130
130
136
130
134
133
127
127
126
130
132
131
133
135
130
137
131
130
131
128
130
133
128
130
129
128
129
127
122
123
118
126
121
122
125
117
122
121
118
119
116
114
116
108
113
116
112
119
112
112
111
109
112
116
110
110
108
107
109
103
107
105
102
104
101
101
102
99
99
100
94
101
95
97
97
93
98
92
95
97
89
92
93
89
90
93
85
88
84
87
86
81
82
78
76
78
76
76
75
70
73
72
67
72
69
70
70
67
67
67
69
70
66
64
63
54
58
61
57
60
57
59
59
59
59
60
53
59
55
55
59
53
58
55
51
57
53
50
51
51
52
53
52
54
53
53
53
49
53
52
51
53
50
50
53
49
47
46
40
46
45
50
50
46
49
51
48
49
48
43
48
43
47
46
43
46
42
43
42
40
42
42
41
45
43
41
45
43
45
45
42
45
44
46
44
40
42
48
42
47
47
44
45
44
49
47
48
50
51
51
51
49
51
52
45
50
46
48
49
49
52
51
50
51
53
56
57
50
53
56
50
56
54
55
53
52
54
54
54
57
57
57
59
54
60
57
57
62
58
61
62
64
68
70
64
70
67
67
69
66
70
68
68
74
69
67
68
67
71
74
70
72
69
73
72
69
76
73
73
76
76
79
80
78
80
80
75
77
73
79
79
77
81
78
78
83
80
80
83
77
81
83
81
84
80
85
85
82
88
84
81
88
86
86
90
84
92
88
88
94
88
92
91
90
91
91
89
96
85
88
88
83
91
91
92
94
92
94
97
93
102
97
92
101
93
98
93
93
98
94
97
95
97
92
101
94
101
99
95
107
98
100
100
97
100
100
98
99
98
98
103
98
103
97
96
101
99
103
105
101
104
105
102
107
106
102
106
100
105
102
101
106
105
105
106
103
105
114
109
115
113
110
112
106
112
110
107
108
109
108
113
108
111
113
109
112
110
111
111
110
116
114
113
114
116
114
116
114
114
116
113
115
112
114
114
115
116
115
114
114
114
115
120
114
120
114
115
117
117
116
114
116
118
118
118
121
120
121
123
117
121
118
118
120
118
115
119
121
123
122
121
124
119
122
123
117
123
119
121
121
121
118
119
116
120
120
120
123
118
121
123
120
122
120
120
121
122
121
122
119
122
120
119
119
114
120
121
118
123
122
122
127
126
127
129
126
131
130
131
131
125
124
123
119
122
120
118
124
123
124
125
121
128
128
128
128
127
126
127
122
127
124
121
127
124
124
125
119
127
126
126
125
124
123
126
123
129
133
127
128
127
125
125
122
126
124
123
126
125
125
130
128
135
134
131
137
133
133
134
129
130
130
129
131
125
125
129
127
132
129
128
129
130
129
131
130
131
132
130
132
130
130
131
127
127
125
125
128
131
129
130
125
124
127
126
129
129
130
133
128
132
128
125
121
121
121
126
122
128
130
130
131
129
129
128
127
127
124
125
127
125
126
128
127
127
125
127
126
125
127
125
123
128
128
125
122
122
122
129
126
126
123
125
125
126
127
126
123
129
128
126
127
123
125
125
121
125
120
122
122
121
120
123
118
127
123
125
126
122
126
128
127
127
123
125
123
124
122
123
118
125
123
124
123
124
127
129
129
134
131
129
132
128
129
132
125
129
126
124
122
117
121
127
122
127
124
123
126
126
125
126
120
125
121
123
126
122
122
122
116
121
119
116
122
123
124
126
122
131
133
131
131
126
124
126
119
124
121
120
122
122
121
121
118
124
124
124
128
131
127
128
127
129
131
127
126
122
123
124
121
124
123
119
123
119
120
125
123
127
122
123
125
126
125
126
122
123
121
120
122
118
121
121
122
125
123
123
124
124
124
125
124
124
123
121
124
122
122
124
120
123
122
118
122
123
121
123
118
121
122
124
123
121
123
124
122
126
125
122
122
120
121
123
122
124
124
124
122
119
121
119
117
120
119
119
119
119
121
121
119
121
122
126
125
123
125
127
124
130
128
126
120
121
125
125
123
125
123
125
127
125
128
130
126
128
127
124
126
124
125
125
121
125
120
125
124
122
125
125
122
128
127
126
125
121
123
124
121
123
121
118
121
117
119
117
113
120
118
120
122
120
123
125
122
128
127
126
123
120
123
122
117
125
120
120
122
118
120
124
121
123
121
121
123
120
126
124
118
122
120
118
121
117
120
122
117
120
118
118
120
118
121
122
120
126
122
120
122
118
119
119
116
118
116
116
120
118
118
119
116
120
122
122
126
122
123
123
119
123
122
121
124
121
122
124
121
126
123
121
122
119
121
124
120
124
123
122
124
122
125
125
122
124
122
121
126
120
122
122
119
121
121
120
121
120
123
122
117
121
118
119
120
117
118
122
119
121
121
121
123
122
125
124
120
121
120
120
122
118
120
121
119
122
123
120
121
118
120
119
117
123
120
120
120
117
119
119
116
120
116
118
119
117
121
119
117
119
117
116
119
116
119
119
117
120
117
116
114
112
116
118
118
121
119
119
122
120
124
125
118
122
120
119
120
117
119
116
113
117
114
118
123
118
121
121
119
122
121
119
119
116
119
119
118
120
117
117
119
114
116
117
114
120
118
118
119
119
120
120
118
122
118
117
119
114
115
115
112
114
115
114
118
113
118
120
119
122
120
120
120
117
120
120
115
118
117
115
118
117
121
120
116
118
116
117
119
116
120
119
117
121
121
120
122
115
119
118
116
117
115
116
117
114
117
116
111
116
115
114
116
115
117
117
113
114
113
113
113
110
116
116
114
119
119
117
118
114
115
114
116
117
114
115
119
114
119
117
115
118
115
116
116
114
115
115
113
116
112
113
116
113
117
115
114
118
116
116
117
114
116
116
115
116
114
114
116
111
116
114
111
113
113
112
115
110
113
116
111
117
115
118
118
113
119
116
113
118
113
114
114
108
111
112
111
115
113
115
116
113
118
117
115
116
114
112
116
112
115
116
113
116
113
115
114
112
116
116
112
120
115
115
118
115
118
117
115
116
114
115
115
110
116
112
109
112
110
114
118
114
119
119
119
120
118
119
118
113
114
114
111
117
114
114
115
110
115
113
113
117
115
115
118
113
118
117
115
118
115
115
120
114
117
116
114
117
115
114
116
110
116
116
115
119
115
117
116
112
117
117
112
113
110
111
113
110
117
114
115
116
114
115
122
114
117
116
113
115
116
116
117
112
116
114
114
116
113
113
116
111
116
117
112
117
114
115
116
114
119
117
117
120
118
116
120
113
118
116
115
120
119
116
116
111
114
114
112
114
112
113
115
111
117
117
115
116
112
115
119
116
117
116
114
115
111
110
114
111
117
115
114
116
117
116
118
113
116
116
116
117
114
116
116
112
115
114
111
113
113
113
117
113
116
116
114
117
115
117
119
113
117
115
114
114
115
112
113
108
112
112
113
117
115
116
120
116
121
123
119
119
116
114
116
112
116
112
114
114
113
113
114
111
115
115
114
114
115
115
118
114
118
115
117
115
115
114
117
114
118
114
113
114
110
113
116
111
117
114
116
116
115
118
114
110
113
109
112
113
113
114
117
112
116
113
115
117
117
116
119
111
117
114
114
114
112
112
115
113
114
113
113
115
112
112
114
107
116
113
114
115
113
114
116
111
117
113
115
115
112
113
115
111
117
113
112
112
111
112
116
111
121
112
111
111
108
114
115
110
118
115
115
117
114
116
118
111
117
112
112
115
111
112
114
110
116
113
113
113
113
112
116
109
114
110
111
113
111
113
114
106
111
110
110
114
109
113
120
110
116
114
115
114
112
112
116
109
117
113
109
112
106
106
113
106
113
110
113
114
114
116
119
113
117
109
112
116
111
114
116
112
114
114
113
112
112
113
116
110
118
115
112
113
114
112
115
109
113
112
110
113
114
111
113
108
112
110
112
115
110
112
113
109
113
113
113
114
110
111
112
109
112
109
111
110
112
111
115
111
116
115
114
115
113
112
113
111
114
110
112
113
110
110
114
108
114
112
105
110
108
113
112
111
114
112
114
113
112
113
115
108
113
110
111
111
113
113
111
108
111
107
108
111
106
111
110
105
108
107
111
109
107
111
113
109
114
113
114
116
109
111
112
105
111
109
110
111
112
113
115
110
116
111
113
115
109
112
113
110
114
112
110
112
108
111
115
113
117
112
114
117
111
116
116
112
115
113
112
114
113
114
115
107
112
109
111
111
109
111
114
110
114
112
111
118
113
116
113
113
116
111
112
112
110
111
113
107
112
114
111
114
112
114
114
112
116
112
115
114
112
111
114
108
116
113
110
112
110
110
111
110
112
112
111
114
110
115
118
113
117
112
111
110
113
111
113
109
111
112
112
113
114
115
118
110
120
117
116
115
114
114
116
109
117
116
116
118
114
118
116
110
114
112
115
115
115
115
118
113
116
113
117
113
111
113
113
110
115
113
115
111
110
111
113
110
114
110
111
111
108
112
108
108
111
109
109
112
109
112
115
111
115
112
116
111
110
109
112
108
114
110
110
112
108
114
113
110
114
108
111
110
108
111
110
106
110
106
109
114
108
113
112
109
112
109
111
112
107
108
109
103
112
107
109
110
104
107
108
103
106
105
103
110
104
111
112
107
115
108
110
113
106
111
109
105
109
108
107
108
102
107
105
105
111
107
108
109
106
108
113
104
108
108
106
110
106
111
109
105
108
107
106
111
106
108
112
106
112
111
108
111
106
110
109
105
109
106
105
107
102
103
106
100
108
105
108
109
108
110
110
108
108
108
106
111
107
108
108
105
110
109
106
107
106
107
109
108
109
109
108
112
107
110
113
108
112
111
110
110
111
109
113
109
110
108
109
110
106
109
109
109
112
114
113
109
109
107
109
106
109
107
109
109
109
111
111
110
110
109
111
110
111
110
112
108
113
109
113
110
109
108
111
108
112
111
110
109
106
110
107
110
114
107
111
110
111
112
112
109
111
110
110
112
110
113
111
109
110
108
111
108
107
109
108
104
109
106
107
109
106
112
110
113
113
112
112
115
108
113
110
105
110
104
109
112
108
112
109
110
110
110
112
114
107
112
109
106
112
108
111
112
106
108
108
107
111
109
108
112
106
116
113
110
115
110
111
112
109
110
112
108
110
109
107
108
102
108
108
107
111
110
110
113
109
110
111
106
108
105
105
108
105
112
109
106
108
108
105
111
110
111
112
108
114
109
112
112
108
112
110
110
112
110
110
113
107
109
107
103
108
107
109
110
108
110
109
103
108
107
104
108
102
107
104
106
108
107
110
107
106
107
110
107
112
107
108
109
105
108
109
110
108
108
108
109
105
110
111
106
110
105
108
110
107
109
109
108
109
110
111
112
107
113
110
108
113
106
109
109
108
111
108
106
107
107
106
108
103
108
107
107
107
105
110
110
108
109
111
108
109
109
108
108
103
107
103
104
108
104
106
109
107
109
110
105
110
106
108
111
105
110
107
107
108
104
104
106
101
107
107
105
111
109
109
110
106
109
106
109
110
107
105
109
103
108
105
101
103
102
107
110
108
112
112
110
114
114
111
116
107
113
108
107
109
111
110
111
105
