60
83
75
75
73
54
57
79
58
74
66
61
70
64
74
77
62
73
64
71
81
67
70
78
59
68
64
58
62
54
69
78
64
87
70
74
85
72
78
86
62
74
65
61
65
62
68
69
54
67
58
62
78
54
67
78
55
72
72
69
78
66
68
73
62
73
68
67
82
62
62
71
48
73
68
70
72
69
78
80
64
81
68
66
76
59
65
74
58
75
73
67
73
60
65
75
60
70
62
68
71
59
63
72
57
68
65
70
67
62
60
69
58
68
57
59
69
62
66
73
61
73
77
72
83
70
65
76
66
80
65
71
77
66
68
74
56
74
71
71
78
70
76
76
64
81
69
80
80
72
78
86
71
94
85
83
83
68
76
71
70
85
71
70
75
70
77
83
62
81
71
73
68
68
76
74
65
80
65
65
74
61
69
77
56
74
69
76
81
69
79
76
66
79
67
67
79
60
75
80
57
73
58
61
69
64
76
81
67
92
76
82
91
71
83
80
65
82
70
72
81
59
62
70
59
82
71
73
81
68
89
84
69
80
74
70
83
76
77
83
69
86
73
78
78
56
67
79
68
85
77
75
85
69
77
83
74
88
71
73
74
63
72
79
62
75
69
70
88
74
89
86
82
90
78
85
84
75
78
84
65
88
71
77
81
69
82
79
72
79
73
71
81
70
85
90
75
92
81
87
91
75
81
79
71
87
81
85
83
67
80
76
66
91
73
82
79
67
80
76
65
77
68
68
78
65
84
83
73
91
65
73
79
60
70
76
61
72
70
79
82
68
85
79
67
81
71
76
82
69
75
82
60
73
60
60
75
60
72
70
61
75
66
67
79
63
72
76
63
80
73
77
80
63
71
71
57
75
67
65
77
62
71
77
68
90
78
74
80
66
74
83
61
71
65
60
73
57
65
70
58
73
69
69
75
67
72
78
66
81
61
64
77
64
78
80
66
78
66
67
72
71
80
82
70
89
75
76
85
72
81
77
66
79
77
70
77
72
76
73
61
75
63
74
84
74
88
94
82
90
81
79
80
72
79
76
68
85
71
78
82
69
75
73
65
82
79
77
84
67
80
78
75
84
71
77
76
67
75
83
68
82
62
62
68
62
71
74
71
82
73
74
79
65
79
74
55
68
59
60
67
61
73
71
74
81
75
70
77
64
85
75
67
84
66
78
83
79
83
78
70
80
73
80
86
70
83
78
68
74
75
79
85
73
80
82
72
86
72
70
76
57
80
76
71
83
72
73
74
67
73
71
64
81
64
76
75
62
74
73
72
81
76
77
83
71
86
77
70
83
65
69
71
60
76
82
69
80
70
74
86
71
87
81
70
84
72
82
80
69
81
79
68
88
70
75
84
69
84
80
77
90
74
83
88
70
89
85
72
91
71
82
88
72
82
76
68
82
79
86
90
85
96
89
83
106
77
85
84
78
82
80
76
83
80
77
80
65
84
80
72
90
73
80
86
76
86
84
64
84
73
80
83
68
84
80
75
88
72
76
78
73
84
84
71
86
71
75
83
68
84
73
70
77
71
74
84
74
80
79
70
79
73
85
85
73
80
73
72
83
75
75
77
65
83
76
69
82
73
80
76
65
80
69
69
83
70
73
84
66
85
79
73
79
68
73
76
65
73
70
67
80
68
73
74
59
80
80
67
76
65
73
82
71
88
78
72
88
75
83
100
73
96
82
79
80
70
76
89
71
85
82
70
93
74
84
86
66
79
81
76
84
74
77
89
70
87
71
64
89
76
86
90
77
89
87
78
93
87
84
92
73
91
81
80
90
75
79
74
60
68
82
72
88
84
81
95
84
101
90
88
94
80
85
88
68
81
85
75
87
77
77
86
78
94
89
89
95
88
91
98
79
93
93
85
96
77
85
87
87
94
87
80
82
80
91
98
71
94
85
78
93
87
87
81
77
82
75
79
85
77
85
86
71
88
75
81
88
80
84
85
81
92
85
78
93
76
95
89
75
92
78
81
85
73
75
74
57
75
74
74
83
70
83
82
70
88
75
74
81
71
70
75
64
85
73
69
78
63
82
86
74
90
74
69
84
71
72
81
60
81
71
76
85
67
74
76
66
79
65
57
68
65
69
75
59
76
71
73
79
71
76
76
65
78
70
63
81
70
75
73
58
71
72
76
78
65
72
80
65
88
79
66
79
63
68
74
66
80
72
69
73
58
62
62
51
74
70
66
82
73
79
81
71
85
78
76
82
66
72
81
67
91
73
72
78
73
80
73
68
85
80
91
81
-5
-402
-114
259
-458
-461
-458
-456
-457
-456
-455
-456
-446
-452
-450
-434
-450
-429
-429
-434
-420
-428
-422
-419
-425
-417
-419
-421
-416
-424
-418
-417
-421
-418
-420
-422
-418
-424
-424
-424
-433
-456
-460
-441
-424
-422
-424
-435
-445
-456
-461
-462
-462
-462
-463
-464
-464
-464
-465
-466
-470
-471
-470
-467
-466
-465
-463
-462
-461
-420
-371
-334
-300
-258
-231
-203
-181
-154
-140
-112
-90
-77
-64
-42
-36
-23
-21
-7
-1
13
22
30
31
42
37
54
50
53
51
48
55
64
70
71
74
76
78
79
84
81
79
83
81
83
80
85
79
85
77
74
75
80
74
77
77
73
73
79
73
79
71
74
67
73
65
64
63
59
56
56
58
50
47
42
44
44
43
43
41
47
44
45
44
51
40
41
31
38
27
36
30
31
23
23
20
23
20
25
17
23
18
23
23
19
15
8
8
5
4
3
4
0
-1
-5
-8
-8
-19
-8
-14
-8
-12
-4
-11
-8
-12
-15
-13
-14
-21
-21
-24
-27
-27
-30
-28
-34
-32
-29
-38
-22
-18
-25
-21
-20
-24
-21
-17
-20
-22
-25
-25
-23
-26
-15
-18
-13
-13
-14
-16
-8
-13
-6
-4
-1
-2
3
11
7
5
12
13
12
14
13
12
18
15
20
30
20
20
18
22
25
26
32
30
34
35
35
33
42
30
40
36
39
37
45
50
53
50
51
52
48
55
55
58
58
57
59
69
71
73
76
72
74
76
74
79
79
78
83
83
87
83
83
90
92
93
101
93
99
95
101
103
103
101
102
102
102
102
103
110
106
100
103
102
100
110
110
108
108
110
113
119
125
123
125
127
128
131
139
135
134
135
136
129
134
127
126
132
135
136
137
142
146
141
145
147
142
146
143
140
142
138
141
147
148
139
143
140
145
146
150
151
149
145
150
149
160
148
148
152
151
148
150
149
150
146
143
143
142
144
150
151
151
152
153
162
157
157
160
152
150
147
147
148
149
147
151
152
156
151
148
149
153
150
161
156
159
161
156
157
159
160
152
155
156
154
152
158
156
152
150
148
144
148
156
157
157
155
156
158
158
152
151
148
146
142
148
146
146
147
148
148
147
149
150
152
154
157
156
158
154
152
153
157
157
156
155
152
154
148
148
152
155
152
153
151
149
151
158
159
159
159
159
162
163
164
161
157
159
157
158
160
157
158
161
154
154
158
152
158
160
149
153
154
157
154
156
159
157
155
163
155
166
158
164
163
165
159
158
158
153
154
160
163
160
155
168
161
160
165
157
164
162
161
160
163
167
165
162
161
156
157
169
164
166
164
163
163
168
165
165
162
160
157
161
162
157
156
155
153
150
152
145
144
146
147
149
154
153
152
155
159
158
162
158
158
156
149
145
146
148
144
144
141
142
138
143
148
143
143
140
141
143
147
142
145
138
135
139
143
139
138
137
138
132
132
134
130
133
135
129
137
140
137
135
137
138
129
127
120
115
114
111
111
115
121
111
115
109
111
111
122
118
120
117
119
117
117
116
111
109
109
105
110
113
107
106
107
101
97
97
98
102
100
99
99
100
105
101
101
102
92
97
99
93
97
87
94
97
93
92
92
89
91
93
94
93
88
86
82
83
82
84
79
81
78
76
80
84
84
86
80
81
79
73
84
79
78
75
76
82
89
81
84
79
79
76
79
80
80
78
80
79
75
78
71
72
77
71
73
78
72
74
75
76
75
70
75
74
73
72
74
71
82
75
68
67
65
65
72
69
71
71
71
72
71
76
78
67
74
74
70
75
70
64
69
59
59
56
56
62
64
66
65
65
70
68
67
68
70
63
71
67
69
68
67
69
72
64
66
61
58
63
63
68
67
67
75
69
72
76
72
71
70
60
58
56
57
58
60
60
61
57
67
70
77
71
72
71
82
75
79
76
70
70
68
73
71
69
74
78
76
81
76
69
78
76
77
82
83
81
84
84
89
84
87
85
83
84
83
78
87
84
82
82
82
73
86
87
90
94
84
92
89
88
95
79
78
84
77
88
92
85
105
86
90
98
84
89
97
76
95
84
87
99
80
91
92
79
101
86
90
98
82
91
105
83
101
88
91
102
86
103
101
84
107
96
95
109
98
93
108
86
106
92
97
99
89
99
97
82
100
91
91
101
83
90
101
90
111
102
101
104
100
111
112
93
115
103
100
109
89
97
101
90
117
102
110
115
109
112
119
105
121
109
107
115
104
110
119
102
122
107
106
112
97
110
118
97
119
110
115
123
107
117
122
104
125
115
120
121
108
116
119
97
116
104
117
122
112
122
132
124
137
133
135
137
121
128
132
115
131
118
121
132
117
117
124
108
128
128
128
131
122
118
127
115
141
125
121
128
120
119
130
117
132
128
122
124
111
119
127
117
138
127
125
142
131
137
137
146
124
144
129
128
134
120
131
139
132
147
132
131
137
130
139
147
125
144
135
139
133
135
145
141
131
145
135
136
152
136
144
146
125
139
138
140
148
138
143
146
137
153
142
139
145
134
143
156
128
148
136
137
143
131
133
135
123
138
126
124
139
122
134
138
123
141
143
139
145
134
139
148
132
151
118
127
134
118
134
144
128
143
134
134
144
142
142
148
130
152
139
142
149
130
143
146
128
141
139
128
142
129
140
142
138
156
142
145
151
140
144
154
134
147
139
136
146
138
135
133
123
133
131
131
139
134
142
154
139
156
150
140
151
133
145
138
136
147
140
139
138
125
125
135
127
143
135
140
144
140
143
142
130
144
136
141
142
128
144
140
127
140
135
134
135
127
143
139
131
143
135
135
142
125
139
137
123
131
124
123
125
126
131
131
119
129
125
137
142
127
138
138
126
128
130
134
137
123
125
127
116
133
123
127
135
117
132
132
118
132
127
127
140
130
142
142
123
143
126
135
138
122
125
128
119
134
126
120
130
113
123
121
108
131
118
121
122
110
126
127
109
128
119
115
131
119
131
137
118
128
116
117
120
113
121
127
110
135
127
122
132
118
122
123
115
126
116
117
125
112
121
123
105
127
119
120
133
122
130
132
120
132
131
135
139
123
128
133
118
141
125
121
122
114
118
123
118
129
129
129
138
125
142
141
133
148
136
135
143
128
132
132
119
132
124
125
129
121
130
132
122
137
130
128
135
124
134
136
120
133
121
126
129
121
136
129
118
127
115
123
137
121
131
134
120
137
127
134
138
120
123
122
116
130
121
121
131
116
126
132
118
138
127
135
141
132
146
136
125
142
127
122
134
117
131
129
122
142
132
130
131
120
124
130
123
141
132
135
143
127
138
144
126
135
124
126
134
128
136
135
120
137
122
121
134
118
130
129
121
129
129
127
129
119
124
127
116
134
125
129
136
131
141
137
126
131
125
123
133
124
132
127
121
136
129
132
132
117
124
125
112
133
129
129
134
117
126
119
118
131
128
129
135
120
130
142
124
141
126
125
133
124
133
134
128
137
124
117
122
101
118
116
108
127
118
125
124
118
128
126
125
130
127
123
130
120
122
123
113
125
110
122
126
125
130
130
120
128
121
122
131
113
124
116
109
121
113
109
113
104
113
112
105
121
113
120
123
108
126
119
119
132
127
129
129
120
120
118
106
119
107
116
119
107
116
113
113
127
121
119
126
114
124
121
116
120
108
115
116
108
116
118
114
123
112
109
115
107
121
117
112
126
114
126
122
110
117
113
103
125
113
114
120
105
123
111
108
115
106
118
122
114
131
126
112
126
112
119
112
106
120
115
115
123
113
122
131
110
119
114
106
132
114
119
122
106
123
121
119
129
120
117
126
108
128
112
108
125
108
116
120
103
123
124
113
127
114
122
134
122
137
129
121
134
122
120
125
106
123
125
114
126
119
111
118
102
122
106
108
123
112
118
132
116
122
123
112
125
114
124
122
104
117
107
97
113
106
109
122
104
120
123
116
128
115
113
115
107
125
119
117
122
117
117
130
108
115
112
107
122
114
119
119
109
118
117
111
120
110
114
123
103
120
114
110
113
99
97
106
103
118
120
108
119
109
122
125
112
126
110
111
117
114
109
107
96
111
104
98
112
94
114
111
98
112
108
104
113
106
110
115
102
117
105
101
110
93
113
115
100
109
98
95
117
107
102
107
88
115
99
98
116
88
98
96
80
96
96
90
111
97
101
102
89
117
102
104
111
100
104
111
97
113
103
96
108
101
107
103
95
117
105
105
107
95
98
110
93
116
108
101
115
100
110
110
101
109
106
101
108
96
103
117
96
112
100
97
104
102
108
112
96
106
107
106
118
103
108
115
96
119
108
108
114
105
108
111
96
103
101
99
110
98
106
110
101
115
104
106
106
110
109
118
105
117
114
117
123
106
113
112
102
122
114
110
116
111
114
124
112
126
110
111
117
103
115
113
100
113
102
93
105
89
101
104
94
117
103
114
120
114
122
123
108
128
118
115
122
112
118
128
111
122
107
110
120
114
126
125
111
128
122
117
130
119
123
128
116
124
113
120
124
116
115
118
101
131
120
118
126
108
119
126
114
131
122
116
119
108
117
119
97
117
110
113
119
104
112
122
114
127
117
117
116
111
119
123
105
126
112
113
122
110
115
127
112
118
109
107
114
104
117
121
97
119
104
108
121
104
109
116
98
112
101
101
111
97
109
108
85
111
87
103
102
93
96
105
87
106
87
95
104
85
103
100
88
105
98
99
113
94
102
102
86
111
96
94
106
95
108
106
92
117
101
100
108
99
99
111
88
113
98
94
102
87
103
108
91
110
100
98
112
94
107
105
89
109
99
97
103
93
102
104
88
107
91
90
98
84
97
100
86
105
98
105
108
106
107
113
94
114
97
91
112
92
99
99
88
101
100
94
104
92
104
107
95
113
99
102
104
92
97
104
91
108
100
94
100
86
95
96
83
108
90
104
104
95
107
102
90
100
94
94
100
81
92
92
87
98
84
91
92
87
98
101
89
114
97
100
102
93
106
98
87
106
92
103
107
92
103
102
84
108
92
101
109
94
104
103
99
111
101
105
108
91
108
104
83
112
95
103
103
95
100
101
83
109
94
104
105
88
102
95
85
105
93
95
98
83
98
97
91
114
102
97
103
89
105
104
89
107
93
101
109
98
108
111
92
112
96
102
108
95
111
108
92
111
94
97
103
91
108
107
101
114
103
107
110
102
109
109
95
112
97
98
105
96
100
103
86
98
93
108
103
92
105
105
94
117
105
104
112
100
109
106
98
105
96
99
100
89
107
99
90
111
96
101
107
99
104
103
95
108
89
104
100
89
102
97
88
113
89
95
99
85
102
100
93
108
93
108
106
96
114
105
94
110
95
98
101
89
100
92
85
99
86
98
102
93
110
105
95
122
104
108
110
91
107
101
89
110
94
101
104
91
110
97
84
110
95
105
112
90
107
104
92
114
99
101
105
91
103
96
89
113
93
98
98
79
93
101
86
109
93
101
103
87
104
95
89
99
86
91
107
85
102
102
90
105
95
102
102
91
107
100
84
109
96
94
107
91
106
109
94
111
97
100
106
93
112
101
90
106
92
98
108
90
105
99
94
111
102
99
103
92
107
98
89
110
96
105
107
94
106
102
91
111
97
96
103
92
104
100
94
115
97
100
109
93
106
102
93
110
98
90
98
77
99
98
91
107
92
99
104
90
106
106
86
109
93
100
101
94
108
100
88
102
88
97
103
88
103
96
84
107
97
95
102
86
100
90
94
106
91
97
97
81
94
93
84
99
86
96
95
95
105
103
97
109
99
101
105
88
101
91
85
101
90
95
97
80
93
89
90
100
85
91
98
79
101
94
87
98
80
88
89
81
93
86
83
95
80
90
86
78
96
84
84
99
84
90
97
77
92
83
83
88
77
83
89
79
99
88
84
95
79
89
98
81
95
86
83
96
77
95
92
74
91
87
77
91
81
83
92
73
84
73
75
90
78
84
86
69
92
84
76
90
73
76
82
69
83
75
69
83
67
77
80
62
75
76
68
85
74
75
78
68
86
81
74
86
74
79
86
70
89
87
75
87
69
68
79
69
80
80
72
88
77
92
95
81
89
86
77
96
76
87
90
80
87
81
77
85
76
82
86
74
96
87
87
99
83
90
95
82
92
90
85
95
84
94
88
72
81
78
79
98
78
87
96
82
97
92
93
98
83
89
91
77
96
81
82
90
77
80
89
77
92
88
87
98
79
94
97
78
99
84
88
103
82
92
91
77
94
89
86
95
75
91
94
81
103
89
89
103
88
96
103
77
96
85
84
94
81
93
99
81
97
90
88
111
89
102
99
81
107
98
88
105
87
94
99
84
105
95
94
109
90
95
100
76
98
93
88
102
90
98
102
85
103
90
88
103
80
94
95
81
96
92
84
93
78
78
87
78
97
82
83
91
79
84
91
75
85
87
83
94
89
93
98
81
95
86
81
89
78
86
90
76
89
88
84
93
80
90
88
82
95
87
83
92
80
88
92
77
91
82
83
95
84
88
90
78
92
85
90
93
79
85
90
77
92
86
87
95
76
80
81
75
88
83
84
93
81
94
103
83
105
87
90
93
85
87
91
75
90
81
80
84
70
77
89
76
95
85
85
96
80
92
96
80
97
80
83
93
78
92
94
76
93
77
76
91
86
87
92
77
96
80
91
95
76
81
86
70
91
77
77
87
77
85
85
80
97
85
92
94
84
100
94
83
98
87
85
95
81
91
94
76
96
82
86
89
70
81
88
76
97
82
82
92
81
92
102
82
98
84
86
94
81
94
92
81
94
79
75
89
73
87
90
72
83
81
86
89
76
85
88
71
98
71
80
93
75
87
91
79
85
72
75
80
72
84
84
69
89
80
77
94
72
83
86
72
83
78
79
92
69
78
79
60
87
79
80
86
78
86
92
71
91
85
