103
97
100
98
99
101
100
101
99
99
100
98
100
102
97
101
97
96
97
95
102
99
96
101
100
102
103
102
103
104
99
105
101
99
99
97
99
101
98
101
98
97
102
101
103
103
99
105
102
102
106
103
102
104
99
104
102
102
105
103
102
103
99
106
103
103
105
102
103
106
102
106
104
100
103
99
102
100
98
104
103
101
105
101
101
104
102
106
105
105
107
104
104
105
100
106
103
100
105
101
102
105
99
102
100
98
102
100
103
105
100
106
104
102
107
104
102
105
100
105
103
102
104
102
101
104
98
104
102
102
104
100
102
105
99
103
101
101
103
101
104
106
101
105
106
106
108
104
102
105
102
105
104
104
105
103
103
108
103
106
104
103
105
103
102
107
101
105
102
101
102
102
104
104
100
104
102
103
106
103
103
104
99
103
103
102
104
103
104
105
101
105
100
100
101
100
100
105
101
106
105
104
105
104
105
105
100
104
100
99
101
97
96
98
96
101
101
100
101
100
101
102
99
103
100
99
102
99
100
104
100
104
99
100
101
99
103
104
101
105
102
105
106
103
105
104
101
103
102
101
102
98
99
100
97
101
98
100
105
102
105
107
102
107
104
102
105
102
103
104
100
104
102
103
106
100
103
103
97
104
103
102
103
100
103
103
101
105
103
102
105
100
103
106
100
104
103
102
104
102
103
106
101
107
104
104
107
103
105
105
98
103
102
100
102
101
104
106
102
105
103
101
106
101
101
105
99
106
101
102
105
102
99
101
97
102
100
100
101
101
99
100
95
105
100
100
102
100
100
102
101
102
101
99
101
100
103
104
99
103
102
101
101
100
98
101
96
102
100
101
101
99
100
101
100
103
103
102
103
101
101
104
101
102
98
98
98
98
103
102
98
102
101
101
103
102
102
104
100
103
101
103
103
101
102
103
98
103
102
102
104
100
102
103
102
105
104
103
103
101
105
103
99
103
103
100
100
97
98
97
96
103
100
102
104
103
106
106
104
107
103
102
103
98
103
102
100
103
99
99
99
98
103
102
100
104
102
103
107
102
105
103
101
104
102
103
104
100
103
102
97
104
97
100
103
100
103
106
103
105
103
104
104
99
103
101
97
102
99
102
105
99
101
103
101
106
106
104
105
100
102
104
99
105
100
102
102
100
102
105
100
105
102
101
101
97
102
102
99
102
100
101
105
101
103
104
99
103
101
100
100
101
101
103
99
104
101
100
104
103
102
104
98
105
101
101
102
100
103
102
98
102
101
102
108
101
103
102
93
106
102
102
102
102
104
105
102
107
103
103
103
99
102
104
100
105
103
102
100
99
101
104
99
104
101
102
104
101
102
102
99
103
102
101
101
99
101
103
98
102
96
96
99
97
96
101
99
103
101
103
106
105
106
105
101
106
101
102
104
100
101
99
96
102
102
99
102
98
101
102
100
108
102
101
103
100
102
103
98
102
101
99
100
97
98
98
97
102
98
100
105
100
103
103
100
104
103
101
98
97
99
98
100
100
97
98
100
98
104
106
101
106
105
107
107
104
106
101
101
104
102
103
105
101
104
103
98
101
101
101
101
100
102
104
103
106
105
101
102
99
103
102
97
102
104
101
102
99
99
100
97
105
103
103
103
100
105
103
100
103
100
100
102
96
102
102
102
105
101
103
102
99
106
104
102
104
102
102
105
102
104
104
104
105
102
106
103
101
104
103
103
103
99
101
103
100
102
102
100
104
102
102
103
100
104
103
99
102
100
102
105
99
100
99
97
102
99
97
100
97
101
103
100
107
101
103
104
101
105
102
102
103
101
100
101
96
101
102
99
104
100
104
106
102
105
104
100
105
100
102
103
99
104
103
100
104
98
100
102
101
104
104
101
109
102
103
105
98
107
102
102
106
101
102
104
100
100
100
94
105
101
102
101
100
106
104
104
108
103
101
104
100
102
104
98
103
100
100
101
97
102
105
102
105
103
102
110
102
106
110
103
107
105
105
105
101
103
103
101
106
99
100
104
100
106
105
102
105
103
105
106
102
103
103
99
102
97
99
103
100
105
103
101
103
106
104
106
103
103
106
101
106
101
101
101
99
100
102
99
101
101
100
102
97
99
99
98
102
99
101
103
100
103
103
99
101
102
100
102
97
101
102
104
102
98
98
97
98
100
102
100
100
99
97
99
98
101
96
99
101
98
99
102
101
104
102
99
101
100
101
102
98
103
99
101
102
101
101
103
99
104
103
99
102
102
103
100
105
98
39
155
37
77
-30
-223
-195
-381
-427
-414
-456
-456
-457
-460
-459
-462
-462
-462
-465
-464
-465
-467
-465
-468
-467
-466
-468
-466
-467
-467
-466
-468
-467
-466
-469
-467
-468
-470
-467
-468
-467
-466
-466
-468
-468
-467
-466
-466
-464
-463
-463
-462
-462
-461
-456
-419
-376
-345
-309
-275
-243
-216
-193
-169
-146
-124
-102
-80
-69
-54
-35
-22
-13
-3
8
18
28
34
39
43
48
52
57
61
64
70
75
83
84
86
89
90
94
95
96
91
94
95
98
95
99
96
94
100
94
99
95
96
97
97
97
96
98
97
99
97
99
97
99
98
97
97
97
97
97
97
95
98
95
96
97
97
96
94
98
93
99
95
97
91
92
93
93
94
95
91
94
92
96
88
94
93
95
91
91
86
89
88
87
89
87
85
85
85
85
82
84
83
86
82
83
81
79
80
81
81
82
79
79
80
79
79
79
75
77
74
78
76
78
75
74
72
73
70
73
75
74
75
74
74
75
77
77
76
78
78
82
83
84
86
85
86
84
83
83
82
84
83
86
87
90
86
91
87
89
85
88
86
84
85
86
86
86
88
85
84
84
84
88
89
89
85
88
87
90
89
92
92
90
91
92
93
94
95
93
91
95
91
94
94
98
92
102
97
100
102
103
104
104
104
104
107
105
105
104
107
109
109
112
109
112
112
117
115
116
116
117
118
120
120
121
120
120
117
121
119
121
121
120
119
120
113
122
123
121
124
120
124
124
124
125
123
122
121
120
121
123
118
123
121
122
123
121
121
124
124
127
126
130
131
128
128
131
123
127
125
125
127
126
127
127
127
129
130
129
132
131
136
136
132
136
133
135
135
135
136
135
132
135
134
134
137
133
135
137
132
137
135
137
138
136
136
140
135
136
137
135
137
135
140
140
137
142
140
141
143
141
140
143
138
143
139
140
141
139
142
143
142
142
141
140
144
139
142
144
140
144
140
141
142
140
145
143
141
144
144
143
148
143
144
142
140
145
142
145
143
141
141
143
138
142
142
137
142
137
140
140
139
144
141
144
144
142
148
148
145
150
148
146
147
142
144
142
144
147
145
148
149
147
147
150
146
152
149
148
149
149
150
150
147
150
148
145
149
148
149
149
145
150
146
148
150
148
151
149
146
148
150
148
150
146
150
148
143
151
147
150
150
151
153
158
154
157
158
158
160
151
159
156
155
158
155
159
161
153
159
160
152
163
158
163
158
159
164
159
164
164
158
164
160
156
161
162
157
166
158
162
160
156
161
162
161
165
165
165
169
165
170
167
163
167
164
168
166
167
170
169
166
172
169
169
174
171
175
175
170
175
170
172
172
169
172
172
169
173
172
172
174
168
172
170
166
171
171
169
171
166
168
168
164
168
163
162
163
157
164
161
154
160
153
152
154
150
150
150
144
148
142
142
143
135
138
136
134
136
134
131
132
127
126
124
121
121
115
112
113
109
109
112
106
108
106
104
107
105
105
103
100
101
102
99
103
100
99
99
95
101
98
96
98
92
102
98
96
97
97
93
98
86
95
95
91
95
92
90
88
86
85
84
82
83
82
83
84
78
82
81
79
80
77
75
74
71
70
70
72
66
64
62
59
58
61
61
57
62
61
58
58
58
56
57
53
56
53
57
55
50
52
50
46
48
48
49
48
47
48
47
47
49
45
49
47
44
48
43
42
42
40
39
38
38
38
38
39
44
41
46
43
42
42
42
40
43
41
39
40
35
41
39
39
41
38
39
40
38
43
43
40
46
40
41
44
40
43
41
39
43
40
42
40
40
43
43
39
46
40
43
41
41
44
44
43
44
42
42
43
38
42
42
40
46
44
46
49
43
47
44
42
44
44
44
46
43
48
50
45
52
46
48
51
46
50
50
49
53
48
47
51
44
53
51
49
52
52
52
54
50
54
54
52
56
54
55
57
52
57
57
54
58
57
55
58
56
57
59
57
62
60
61
66
64
72
71
69
71
70
70
74
67
69
69
67
72
72
72
74
71
75
75
75
79
76
75
78
74
78
80
78
81
79
79
80
77
79
79
78
81
79
80
88
80
84
84
83
83
83
82
84
83
85
85
83
84
81
81
83
83
87
90
87
91
90
92
92
90
92
89
87
91
88
90
94
90
91
90
88
89
92
94
95
93
97
93
97
96
93
97
95
96
96
97
92
100
94
98
96
92
100
95
100
99
97
99
101
97
102
101
99
101
101
100
103
97
102
100
101
104
100
101
103
101
108
108
104
106
104
105
108
106
108
106
106
107
105
105
109
104
109
106
104
107
108
108
110
106
111
110
112
113
111
111
113
107
113
115
109
113
112
113
115
110
112
109
110
113
111
111
116
110
115
114
115
115
113
115
117
112
117
116
119
119
115
114
114
108
115
114
114
116
115
117
120
117
119
117
116
116
116
117
119
114
118
115
114
115
113
114
118
112
117
115
117
117
116
116
118
114
120
117
116
117
116
116
119
114
114
113
113
116
115
119
119
116
122
121
122
126
122
122
123
119
122
119
122
122
119
121
121
117
125
123
123
125
122
124
126
123
127
125
124
124
123
126
124
119
124
123
123
124
121
121
124
120
125
123
124
127
124
126
128
126
127
123
123
122
119
120
125
120
122
122
120
123
122
125
126
121
126
123
122
126
121
121
124
119
124
123
123
124
122
123
125
119
124
122
122
124
123
123
128
125
126
125
124
123
121
124
125
121
126
124
124
126
122
123
126
122
127
126
125
125
124
122
125
121
125
124
123
126
125
125
130
127
128
128
127
123
123
125
126
121
125
123
124
128
129
129
130
125
126
126
124
125
124
126
127
122
126
124
125
127
124
126
129
128
131
129
129
130
129
128
130
126
127
125
127
129
129
128
129
125
127
126
126
128
129
131
134
130
134
130
131
132
128
130
131
126
127
122
122
122
122
125
126
124
128
130
134
134
130
132
133
129
132
134
131
132
129
131
131
128
130
125
123
127
124
127
129
128
132
130
131
132
130
131
132
126
126
123
125
125
120
123
125
120
127
128
131
133
129
133
134
131
133
131
129
130
127
126
127
122
129
129
127
128
128
130
133
130
133
132
132
135
132
135
136
130
136
134
132
134
130
131
135
130
133
128
127
128
128
130
132
126
130
130
128
130
129
127
125
120
127
125
128
133
131
132
134
129
133
134
132
132
130
130
133
131
134
131
128
130
128
130
131
127
127
126
124
126
123
122
126
123
128
129
131
132
129
129
132
128
131
129
128
131
128
130
133
131
132
129
128
129
128
133
129
124
124
122
122
125
124
125
126
123
128
130
132
130
128
129
128
125
126
124
124
127
124
127
128
131
133
132
132
130
129
133
131
127
128
129
130
131
127
124
124
123
127
125
126
126
125
128
131
129
133
128
128
128
125
125
125
123
125
120
120
121
118
125
125
123
126
126
127
132
131
132
132
128
131
128
128
131
128
131
130
126
130
127
126
130
128
131
133
129
133
131
131
133
128
132
130
128
131
128
129
132
126
126
124
120
128
129
130
130
127
127
128
129
134
126
126
126
121
124
124
121
126
124
125
125
124
129
133
129
134
133
130
134
127
127
127
123
127
124
125
127
124
125
126
121
127
122
122
126
123
127
128
126
127
126
126
128
125
126
125
120
126
122
124
127
125
125
125
120
127
127
125
127
124
125
127
121
129
128
127
126
125
127
129
130
134
133
131
132
127
125
126
122
127
125
127
130
130
132
135
130
133
133
132
132
128
130
131
130
131
128
126
127
125
129
134
129
133
130
131
132
131
130
128
128
130
128
128
130
126
120
122
119
120
123
122
124
121
119
126
126
128
130
130
133
129
133
132
128
132
127
125
125
124
124
124
122
130
128
130
131
125
127
125
125
129
130
130
130
126
126
126
125
125
123
124
122
122
128
130
128
131
130
130
135
132
132
130
126
127
123
126
125
122
124
123
120
123
123
122
127
124
127
131
131
133
129
130
128
125
125
123
121
126
124
124
127
123
125
122
121
127
125
128
130
128
131
132
128
132
129
127
125
121
125
124
125
126
123
124
125
121
125
127
123
127
124
125
127
121
125
122
121
124
124
124
125
119
125
125
122
128
125
125
126
122
125
125
125
126
125
126
127
123
129
130
130
131
126
125
127
121
122
125
123
126
123
125
126
122
127
123
124
129
128
126
125
122
124
126
123
126
124
125
125
119
126
121
121
122
121
121
125
121
125
127
121
127
123
128
130
126
132
130
127
127
123
122
125
122
125
127
127
131
129
132
132
127
128
129
128
131
130
130
134
126
128
128
126
128
127
126
126
124
126
127
124
130
129
127
126
120
127
126
123
125
122
120
119
117
121
121
121
127
126
126
129
128
133
132
130
131
130
127
125
119
124
124
119
124
119
120
122
118
123
125
123
124
122
122
127
122
128
129
126
127
121
123
127
122
124
124
120
122
122
123
125
118
125
122
122
126
124
124
125
120
121
123
119
123
123
122
125
124
126
123
124
127
127
124
128
128
130
129
127
127
125
124
126
122
125
125
125
126
124
122
124
122
124
124
121
125
122
123
125
125
125
123
124
123
123
123
126
122
127
122
122
123
122
122
124
122
124
124
123
124
122
121
126
121
127
126
128
131
131
129
132
127
126
121
122
124
121
123
125
120
125
121
124
125
124
122
124
118
123
122
125
124
119
121
122
119
125
124
123
123
122
123
124
120
127
123
122
123
121
125
124
121
125
123
123
127
120
120
123
118
124
122
124
126
123
125
129
127
129
130
127
127
122
122
124
118
122
120
119
121
120
123
124
118
125
122
121
127
122
122
124
119
123
123
123
122
120
119
123
116
123
122
119
124
119
122
123
120
123
121
120
122
119
121
125
117
122
120
118
120
119
118
122
121
124
126
126
129
129
127
127
121
125
120
119
120
119
120
123
120
119
119
116
121
118
121
122
116
123
120
120
123
122
120
124
118
122
122
121
123
120
121
120
118
122
121
123
121
120
120
125
119
123
121
121
119
118
119
118
116
121
122
122
122
119
120
124
119
123
121
122
121
120
120
122
119
123
122
119
122
117
120
123
119
123
118
119
119
119
121
123
117
122
121
121
125
120
123
122
117
119
118
120
120
120
119
120
115
120
116
118
119
115
118
120
119
119
119
119
121
118
118
121
117
123
120
121
124
116
118
118
114
119
120
118
123
119
121
121
119
125
118
120
119
117
119
123
116
122
118
116
120
117
121
123
118
122
121
123
123
121
120
124
119
122
122
118
121
117
120
118
115
117
112
111
114
112
113
118
113
119
119
120
122
120
121
121
116
117
117
117
120
114
116
117
112
119
117
117
118
117
121
121
120
121
120
117
120
116
117
118
113
121
117
115
116
117
115
120
113
118
118
119
121
117
119
119
115
120
118
117
116
115
115
118
115
116
114
114
118
117
121
122
120
122
122
120
121
118
117
120
116
120
117
121
121
118
118
118
115
117
119
117
120
117
123
121
119
122
119
120
120
119
123
119
117
119
118
116
117
112
116
116
114
117
114
118
116
114
113
117
112
116
113
114
116
112
117
119
118
119
117
116
118
116
118
118
113
119
117
119
124
118
119
119
117
120
117
118
118
117
118
119
116
119
117
119
119
116
118
118
117
120
119
117
119
116
120
115
115
119
118
118
118
115
115
116
113
116
116
115
118
115
120
119
117
122
119
119
120
117
118
122
117
121
116
113
114
111
119
116
115
117
117
117
121
116
119
119
116
121
118
118
120
119
119
117
115
117
116
116
119
116
118
120
116
118
116
117
117
116
117
117
113
115
115
112
118
109
113
110
108
116
117
115
115
115
117
118
116
120
116
116
117
112
115
115
113
115
113
113
113
111
117
117
114
117
115
116
120
116
120
118
116
118
118
115
117
113
116
118
113
118
114
115
118
115
115
119
117
120
119
118
120
114
117
114
111
116
111
114
114
111
113
112
109
117
117
115
117
111
116
115
113
117
112
113
112
113
114
116
112
117
115
115
114
112
113
116
115
117
114
116
121
113
117
118
112
120
117
117
119
113
117
117
115
117
114
112
116
112
116
120
112
114
113
114
115
115
115
115
114
117
114
116
121
115
117
116
112
114
116
115
115
113
115
118
115
118
115
115
116
111
116
115
112
113
113
113
114
113
112
114
112
116
113
115
117
111
117
117
115
116
117
116
118
110
116
117
117
118
114
113
112
110
115
113
113
115
116
116
118
117
117
117
117
117
115
116
116
114
116
116
114
114
112
113
117
113
116
114
116
116
114
114
115
112
117
116
112
115
114
116
115
111
114
111
114
116
116
118
116
113
117
117
114
118
115
117
117
112
117
113
114
115
112
112
115
111
116
117
116
118
116
119
120
117
120
116
115
118
115
116
116
113
118
117
115
119
112
115
116
113
117
116
115
119
117
117
120
113
120
115
113
116
112
116
116
112
113
112
109
114
111
115
111
111
116
114
111
116
110
109
112
108
112
114
112
116
113
114
114
110
116
114
112
114
111
111
115
111
114
114
110
113
111
114
114
110
114
113
109
114
109
108
112
110
115
114
112
115
112
112
115
109
113
113
111
115
113
112
116
110
113
110
109
112
112
111
112
109
110
112
111
116
115
113
117
114
117
118
114
116
114
111
114
110
112
112
112
115
111
112
117
112
116
115
113
114
114
113
114
110
114
113
113
114
112
111
113
111
114
115
113
114
113
115
117
115
116
114
112
114
112
111
115
111
113
109
108
108
110
111
114
110
115
115
115
118
115
114
112
109
111
110
109
111
110
111
111
108
112
110
110
113
111
113
115
111
116
113
113
114
112
113
113
109
114
111
113
112
109
110
110
109
114
114
112
115
111
114
115
113
114
112
110
112
107
