99
100
99
102
101
97
101
100
100
101
101
101
98
96
98
101
96
102
97
102
102
102
105
102
101
102
101
100
103
101
104
102
99
102
96
102
103
102
104
104
102
105
106
104
104
100
104
104
101
104
100
103
103
100
99
102
96
104
101
101
104
100
107
105
105
108
105
107
106
103
105
105
99
106
102
102
100
98
103
104
103
105
102
103
104
101
103
107
99
105
101
103
102
101
103
105
99
102
100
99
106
101
103
105
100
105
103
103
103
100
101
103
98
102
97
97
100
96
102
101
98
103
102
104
106
105
105
108
102
107
104
102
104
100
102
100
99
102
104
99
101
100
99
102
100
104
102
102
105
102
105
105
101
103
103
101
105
102
104
104
101
104
100
100
102
100
103
103
99
103
103
99
101
96
97
97
98
101
100
101
101
101
102
103
99
100
101
100
102
101
102
100
100
103
102
105
103
101
102
102
99
103
102
101
100
97
100
100
103
104
102
101
102
99
105
102
100
103
100
103
103
103
107
104
103
107
105
106
104
101
105
103
100
104
101
103
104
105
106
105
105
105
106
106
107
103
110
105
102
104
99
102
105
103
104
105
103
108
105
109
108
101
105
103
101
104
102
102
105
100
101
101
99
104
101
103
107
102
108
105
105
106
103
103
108
104
107
102
103
105
100
102
101
95
106
104
102
107
105
105
107
103
107
104
101
103
101
101
102
98
102
101
97
100
100
98
104
99
102
103
100
103
101
104
106
99
103
104
102
106
101
100
103
102
102
103
99
102
102
102
104
102
104
103
101
104
101
100
103
98
101
101
101
101
102
102
105
100
104
103
100
106
102
102
104
101
104
107
102
103
101
103
102
99
104
102
102
102
100
100
104
101
103
104
101
104
103
102
104
100
103
101
101
104
101
103
105
101
102
103
99
101
100
104
103
101
101
103
102
103
101
102
105
101
107
105
105
107
106
106
105
100
102
101
103
106
103
103
104
101
107
107
104
105
103
104
105
102
105
103
103
104
101
102
103
100
107
106
105
106
105
104
107
102
105
102
102
105
100
102
104
99
103
102
99
98
96
97
102
98
102
101
100
105
103
105
107
102
105
101
101
102
103
101
104
97
102
99
100
103
102
102
106
101
106
107
105
107
103
103
106
103
107
104
104
106
103
102
105
100
104
104
103
106
105
106
109
103
108
106
107
105
103
103
104
99
105
103
102
103
101
104
108
106
108
108
108
108
106
107
107
100
105
103
104
105
105
104
107
102
103
103
103
104
103
103
104
99
105
103
102
104
101
101
103
101
103
103
103
105
102
104
103
98
101
101
102
103
101
101
104
100
103
102
102
101
99
101
104
100
106
105
106
107
104
104
108
102
106
103
102
105
103
107
108
104
107
104
105
107
104
106
108
102
106
103
103
102
102
104
106
102
107
105
105
106
102
103
106
99
104
102
101
104
101
103
102
97
100
98
100
102
99
99
101
98
102
102
104
102
103
104
106
102
109
105
104
104
101
100
103
101
105
104
103
105
104
105
106
102
106
103
103
107
103
102
104
101
104
102
102
103
101
102
106
100
105
102
103
104
102
105
107
103
105
104
103
104
103
103
102
98
100
97
99
102
102
104
106
102
108
108
107
109
104
104
105
101
105
101
103
104
101
101
107
100
106
105
104
106
105
107
106
103
108
103
103
105
100
102
105
101
105
104
103
101
98
100
102
100
104
102
104
104
104
105
108
100
104
104
101
102
101
102
104
99
104
101
101
106
104
106
107
103
107
105
104
104
102
102
103
101
105
102
102
104
101
102
104
100
104
103
105
106
105
105
106
101
105
104
104
106
101
104
104
100
105
104
104
104
100
102
105
104
107
103
102
103
101
104
106
100
105
103
102
104
103
104
108
102
106
103
104
103
100
103
103
99
106
105
103
106
103
103
105
101
103
101
101
103
101
104
105
98
101
100
101
103
102
102
103
99
105
103
103
103
99
101
102
97
102
101
100
99
96
96
98
96
99
98
98
101
99
102
106
102
107
106
106
107
104
104
104
101
104
101
101
102
100
104
107
103
107
104
104
105
103
106
105
104
105
104
103
105
101
106
104
101
104
101
102
104
103
104
104
101
106
105
107
105
101
104
103
100
105
101
101
103
98
100
101
99
104
102
103
104
101
109
106
103
106
104
101
104
100
101
102
100
105
103
104
104
99
104
105
102
108
104
104
106
104
108
108
104
107
104
104
106
103
107
107
107
100
104
100
64
130
44
122
-52
-177
-167
-382
-378
-403
-456
-456
-456
-459
-457
-461
-460
-460
-463
-461
-462
-463
-461
-465
-464
-464
-466
-464
-465
-466
-464
-466
-465
-464
-466
-464
-465
-466
-464
-466
-465
-464
-464
-465
-465
-464
-463
-463
-463
-462
-460
-460
-459
-431
-388
-353
-313
-283
-254
-221
-196
-173
-146
-127
-105
-85
-72
-57
-37
-28
-19
-6
6
17
26
34
38
43
51
57
60
65
73
76
79
79
79
84
87
88
91
92
94
94
95
99
94
98
94
98
95
100
97
100
99
97
97
96
94
100
97
99
98
97
100
98
100
100
96
96
95
99
97
96
94
99
91
95
91
91
92
94
94
95
96
95
97
91
96
92
92
93
91
91
89
89
88
90
87
86
85
85
86
86
87
87
84
84
83
82
84
82
80
82
80
81
79
83
81
79
79
79
78
78
79
79
80
78
79
80
82
80
77
79
77
76
77
76
75
75
73
75
77
75
75
77
79
78
78
79
78
78
77
80
79
80
77
77
78
80
80
82
81
79
81
79
80
84
83
84
85
85
87
87
88
88
86
87
86
88
90
90
91
91
91
90
92
91
89
91
92
94
93
95
93
92
92
94
92
93
97
91
99
95
99
100
96
96
93
97
95
100
96
100
100
101
102
100
103
104
102
103
103
103
102
104
102
102
101
102
101
102
101
105
105
103
106
104
108
108
108
108
108
107
109
107
107
110
107
110
109
104
109
107
109
109
108
112
113
112
114
115
116
118
113
116
114
113
116
115
115
114
112
115
115
115
121
117
123
121
119
121
120
122
121
121
124
121
119
123
123
121
124
120
122
123
121
123
125
125
127
127
128
132
129
130
131
129
135
127
126
127
124
126
126
124
128
130
133
136
132
139
136
136
140
134
136
137
132
133
133
130
137
132
134
136
130
135
132
132
138
134
135
135
134
137
138
135
140
135
137
134
133
138
136
135
137
135
136
140
132
138
138
134
139
136
138
139
135
139
135
134
137
134
133
138
132
139
140
135
138
135
136
137
134
136
134
133
137
133
134
141
131
137
134
133
136
138
137
137
132
134
136
132
138
135
136
140
133
140
140
138
139
138
137
140
135
139
140
137
144
139
137
140
131
138
137
137
136
137
136
139
132
137
139
141
142
138
141
142
139
143
142
142
138
133
135
137
135
138
136
139
138
136
138
140
138
138
139
138
140
140
137
141
136
139
137
139
137
137
134
140
137
139
141
138
142
139
141
142
141
144
139
140
142
140
141
140
136
138
136
136
139
139
141
142
141
148
143
147
145
143
142
144
139
142
142
141
142
138
141
140
141
142
141
141
143
140
142
145
139
144
139
140
141
138
140
141
139
142
140
139
141
136
139
144
137
143
140
141
140
138
139
138
136
139
135
134
137
131
137
134
129
134
132
134
136
134
135
138
131
134
131
131
131
126
125
124
120
125
125
118
121
117
115
120
111
117
115
113
114
109
115
112
108
110
110
106
109
102
102
105
99
103
99
98
97
95
98
98
93
98
94
94
97
88
91
92
84
88
85
85
85
84
85
88
81
84
82
79
84
78
79
77
74
76
76
75
75
73
70
73
67
71
68
70
70
66
66
66
63
59
61
61
61
58
59
63
55
59
56
57
58
53
52
54
52
54
55
51
52
48
49
50
49
53
48
51
50
49
51
54
50
52
52
51
53
49
54
53
49
51
46
46
48
46
49
49
47
49
50
49
50
48
52
50
48
51
49
48
50
49
49
52
45
50
47
49
53
48
51
51
49
52
52
50
53
49
51
50
46
54
52
52
50
46
48
46
46
50
50
50
53
50
56
55
54
59
54
55
54
54
52
56
53
57
57
55
57
52
58
58
56
60
61
62
61
59
61
64
65
68
64
65
67
65
69
70
65
67
68
68
72
71
72
73
69
75
72
73
74
72
74
74
71
73
75
72
76
74
75
75
74
81
78
81
80
80
82
83
76
80
82
80
83
81
82
82
80
84
83
84
83
83
85
89
85
88
89
89
91
86
91
91
91
91
90
91
90
89
91
92
88
91
89
87
92
91
91
92
90
92
94
94
94
92
95
94
92
97
92
97
95
99
96
94
98
93
97
92
98
91
102
98
96
101
96
97
98
97
98
99
97
98
101
102
102
96
101
101
101
105
104
103
108
104
105
107
104
108
105
106
109
103
109
107
106
105
103
103
106
104
106
106
103
108
108
110
111
109
112
111
111
115
112
109
112
108
112
107
107
110
108
111
113
111
115
115
113
116
116
114
119
115
118
116
113
116
116
121
118
116
116
118
115
123
116
117
120
116
121
119
118
120
117
118
119
115
115
116
114
118
114
115
119
114
119
120
119
121
123
124
125
121
123
121
117
124
119
119
120
119
122
123
119
120
119
119
123
118
122
122
118
124
122
121
123
118
119
121
118
120
120
122
123
117
120
119
117
123
120
122
121
120
123
125
120
124
120
122
123
120
123
120
122
124
123
124
125
121
123
127
123
126
124
125
124
122
122
125
123
127
125
124
125
121
126
127
121
126
120
121
124
125
126
126
124
129
130
129
132
126
127
125
123
125
126
126
126
125
125
124
121
125
123
125
123
117
123
124
124
125
126
125
130
128
131
130
127
130
129
129
131
124
123
122
123
125
126
124
127
124
128
132
128
131
128
128
130
126
126
128
130
131
130
128
131
129
133
132
130
132
132
131
132
128
129
129
127
125
125
122
126
122
127
122
120
120
120
121
123
122
124
126
123
128
131
130
132
129
131
128
128
128
128
129
129
122
124
123
124
128
130
128
131
128
130
129
132
131
129
128
132
126
127
127
125
128
127
124
124
124
126
125
124
126
124
126
129
127
128
128
126
125
123
122
122
121
124
124
123
125
121
124
126
123
128
130
130
131
130
129
129
126
126
125
123
127
125
129
132
126
127
122
121
126
124
124
126
123
126
126
125
125
121
124
124
123
127
126
125
128
128
127
125
120
125
126
125
129
127
127
126
123
126
124
122
130
128
129
131
127
129
131
131
132
128
128
129
127
129
129
125
127
123
124
125
123
126
125
125
126
123
124
127
120
125
124
120
126
124
125
125
122
126
124
126
125
125
123
128
125
127
125
122
125
124
124
127
122
123
121
121
125
121
121
126
122
129
130
130
133
133
132
133
129
132
133
130
131
127
121
124
121
126
123
124
126
126
124
129
130
129
129
126
127
125
126
127
123
128
128
126
124
125
125
129
127
128
132
131
130
130
130
129
129
130
128
129
129
125
122
126
118
120
121
123
125
126
125
127
128
134
132
133
133
128
127
127
122
126
125
125
126
124
122
126
123
128
131
129
131
128
131
134
129
134
129
130
131
130
128
130
125
126
123
123
124
120
124
124
121
127
125
124
126
124
125
127
122
125
121
121
121
121
125
127
123
127
124
123
129
131
129
131
126
128
127
125
127
121
122
124
118
124
124
122
125
122
123
126
121
127
125
126
128
128
130
133
127
128
128
126
126
125
125
128
126
127
126
126
125
122
121
127
123
128
130
129
131
126
124
127
125
127
128
131
133
130
132
136
130
132
129
128
130
129
128
130
124
125
124
126
125
124
124
127
123
129
129
128
130
128
128
130
125
122
122
122
122
121
122
124
120
124
123
122
123
122
121
123
119
121
122
123
122
120
119
120
118
124
120
120
123
122
124
127
123
126
124
124
125
123
126
125
121
123
120
118
119
119
121
122
119
123
121
124
124
122
123
123
120
125
122
123
123
122
122
124
120
121
117
121
121
121
124
122
121
124
120
122
123
119
121
122
118
123
120
120
119
117
117
118
116
124
121
121
124
119
123
126
121
125
120
122
122
119
121
122
117
123
119
120
122
118
122
123
121
125
123
124
126
124
126
128
126
129
127
124
124
122
124
129
125
125
121
121
124
122
124
125
119
126
124
124
127
121
122
124
118
122
122
122
124
120
121
124
117
124
122
122
124
119
121
124
118
123
120
119
122
120
121
122
119
124
122
119
123
118
119
122
119
123
123
121
123
120
121
123
119
122
121
120
121
119
120
124
118
120
118
117
121
121
122
123
117
120
118
120
123
119
120
123
121
123
124
122
123
122
120
120
117
119
118
120
122
119
121
124
120
123
122
122
122
122
121
121
117
122
120
122
122
119
120
122
121
123
123
122
122
120
123
124
122
124
123
123
122
119
122
124
120
122
119
117
116
115
118
118
116
121
119
123
124
121
124
123
119
123
120
120
119
118
122
119
117
119
114
117
120
117
120
121
119
123
119
121
122
118
120
121
117
121
117
120
120
115
117
117
114
122
119
120
122
117
121
123
121
123
119
119
120
114
119
118
114
120
115
117
120
116
120
122
120
123
120
123
123
118
121
122
115
121
117
116
118
115
119
119
116
119
115
116
119
116
121
120
116
122
120
120
123
120
121
121
117
122
119
121
123
118
120
121
116
122
120
119
121
117
119
119
115
119
117
115
117
115
118
118
116
121
120
117
120
115
116
118
112
116
116
117
120
118
119
121
116
121
117
118
120
117
119
122
119
120
117
116
117
117
121
120
117
121
120
120
123
121
120
121
118
122
119
122
122
119
120
119
115
119
117
118
119
116
119
120
118
121
119
121
121
118
123
121
117
120
117
117
118
115
117
117
116
120
118
119
120
117
119
120
117
120
117
117
119
117
119
120
117
120
116
117
117
115
120
119
117
120
118
119
123
116
119
118
114
119
116
115
117
112
117
114
111
116
113
115
118
115
120
122
119
123
119
121
120
116
118
117
115
119
117
119
121
115
118
114
114
119
119
118
120
117
119
121
117
122
118
117
120
116
119
121
116
120
115
117
118
114
119
120
116
120
119
119
121
115
118
117
111
115
115
114
115
112
116
118
114
118
116
117
119
119
120
119
116
118
116
116
121
117
119
118
115
119
116
118
119
116
118
116
112
118
119
118
120
116
118
120
118
122
119
118
117
115
117
117
113
119
115
116
115
112
114
113
113
114
112
117
116
113
116
117
115
119
117
117
119
117
120
120
119
118
114
113
114
113
114
117
114
117
115
117
118
116
114
117
116
119
116
118
120
116
117
117
114
117
115
118
119
115
119
120
119
119
118
118
120
114
119
117
116
120
114
115
117
113
114
114
112
119
116
120
118
116
122
121
122
122
119
119
122
114
116
115
114
116
114
116
116
114
120
117
116
118
117
116
122
117
120
118
116
118
115
118
118
115
119
115
114
118
115
116
120
115
119
117
118
120
121
119
119
114
119
116
110
114
112
112
115
111
115
111
113
116
116
118
119
115
117
117
115
119
113
114
115
108
116
116
116
118
114
111
114
105
116
115
113
117
114
116
119
114
118
116
115
115
115
116
118
112
117
114
115
117
111
115
117
113
117
118
118
115
114
114
115
110
116
111
113
116
113
112
118
113
115
115
112
115
114
115
114
110
116
112
112
116
113
113
115
110
115
115
111
115
112
113
114
110
119
113
114
116
114
114
119
113
117
117
115
118
115
118
118
114
120
118
118
121
117
115
117
111
120
116
116
117
114
116
119
116
118
117
116
118
116
116
120
111
117
113
112
112
114
115
115
113
117
118
115
120
116
116
117
112
118
117
116
116
115
114
116
112
117
114
112
117
115
116
119
113
118
118
115
114
116
113
117
112
117
114
111
113
109
110
111
110
115
117
115
118
115
118
122
117
122
116
116
117
112
116
118
113
117
116
114
117
116
116
119
114
119
115
117
118
117
117
118
115
117
117
114
115
112
115
115
113
115
112
112
114
113
114
116
112
115
113
116
116
112
110
111
108
111
113
112
115
112
113
116
111
118
116
117
118
114
119
117
117
118
115
113
114
112
114
117
112
116
114
114
114
113
112
116
113
117
117
116
117
114
116
118
112
117
114
114
114
112
113
116
111
116
111
110
115
111
117
115
109
115
110
112
112
112
112
115
110
117
113
116
116
113
113
112
108
111
110
110
111
110
112
115
109
119
114
114
116
110
114
114
111
114
113
111
115
111
110
117
109
117
114
115
114
113
115
117
112
117
112
110
115
109
114
116
111
112
110
109
110
110
113
115
109
117
118
116
121
117
118
118
114
116
115
114
114
112
112
114
108
115
110
111
115
111
114
117
113
115
115
113
115
112
115
116
112
116
112
112
112
110
110
109
111
111
113
111
113
110
112
114
110
116
113
112
112
110
112
115
109
112
111
109
111
110
114
113
113
115
114
113
115
113
114
115
110
114
112
113
112
110
114
111
110
114
111
113
115
112
113
118
111
118
114
116
115
113
111
113
110
113
112
113
116
110
112
112
108
114
112
114
112
112
114
114
111
116
111
110
112
108
114
116
112
117
113
114
114
112
113
114
110
113
110
112
113
109
113
113
110
113
112
111
113
110
113
113
108
113
108
108
112
107
112
112
110
114
110
109
114
111
111
112
106
111
110
112
112
108
109
107
106
111
111
108
110
105
108
109
107
111
112
110
111
109
110
116
109
113
113
107
111
107
109
109
108
110
112
110
113
109
111
114
109
112
112
109
112
106
112
111
111
109
109
107
110
106
110
112
107
110
109
109
111
112
110
110
108
108
108
109
111
107
107
106
101
104
104
105
107
108
109
112
111
113
114
111
113
108
111
109
109
112
112
111
111
110
110
111
107
113
112
116
113
112
115
113
112
114
112
113
112
110
112
113
110
112
107
109
109
108
112
110
110
112
110
109
112
110
111
111
107
109
105
110
107
108
110
109
107
114
110
110
114
109
114
111
110
113
107
110
111
109
111
111
106
110
110
111
113
107
112
109
108
112
110
111
111
108
109
111
108
116
110
111
112
107
113
110
112
112
111
109
112
106
113
113
108
112
108
110
112
106
110
108
106
112
