87
79
74
86
79
76
85
71
81
78
78
89
75
85
88
73
82
84
79
87
73
80
85
74
84
71
67
86
69
84
83
69
81
79
74
93
81
80
85
67
87
75
79
93
76
81
82
68
79
73
69
83
66
72
82
73
87
79
79
85
76
84
76
72
86
79
73
87
70
74
75
66
90
85
80
90
80
83
88
75
100
80
80
90
78
85
91
78
92
86
73
80
69
80
85
66
87
79
76
87
70
80
84
64
82
78
74
82
59
70
80
58
79
69
70
86
78
85
96
79
96
87
86
96
74
90
91
80
92
86
85
96
79
85
91
82
92
85
85
90
78
84
90
77
99
83
81
87
77
79
93
70
87
79
73
86
71
75
84
73
87
83
67
90
76
80
88
67
81
73
74
83
70
82
86
76
92
77
72
79
68
80
84
65
82
77
77
85
77
87
83
73
88
78
77
91
72
82
82
65
71
75
78
83
75
77
83
68
93
79
77
85
71
82
90
69
88
72
72
77
69
72
76
60
80
72
72
92
69
80
87
77
96
86
85
95
82
90
92
73
94
76
76
83
66
81
92
76
90
80
83
95
84
90
84
72
88
73
80
84
72
81
85
65
81
76
67
82
68
77
81
72
92
72
80
87
71
74
86
61
75
66
63
72
69
71
74
60
77
75
84
94
78
86
97
74
93
86
79
86
81
80
83
75
86
80
77
86
72
74
89
70
90
79
83
86
83
85
91
72
89
81
81
91
74
80
84
62
84
76
78
76
74
79
85
72
83
74
77
83
70
79
77
69
86
77
81
85
82
87
90
73
89
76
95
90
76
84
85
77
92
88
88
89
77
80
89
77
88
76
85
87
72
74
76
64
81
76
73
81
70
82
86
72
91
70
86
86
73
82
85
68
94
77
75
79
62
78
77
70
87
69
77
85
75
87
90
69
92
80
83
88
73
81
80
63
75
66
69
80
72
80
81
66
94
76
79
83
73
86
90
78
93
81
76
91
77
87
87
64
86
74
79
83
69
78
83
69
85
79
76
88
72
85
79
60
79
67
69
72
61
65
82
70
92
75
80
89
73
92
85
70
83
81
74
83
69
74
84
69
89
75
72
76
68
79
81
66
88
80
79
89
72
85
88
73
91
76
81
85
76
88
82
64
77
70
75
89
73
81
82
72
85
73
73
76
67
75
81
75
89
78
80
93
68
78
79
63
81
72
72
75
71
83
83
67
84
66
69
82
66
79
74
67
80
74
69
72
60
71
78
62
78
64
70
76
65
80
81
63
75
68
67
73
63
65
74
62
71
59
58
66
58
59
59
52
71
72
71
83
68
84
81
71
83
70
76
78
67
73
74
57
77
66
68
77
62
75
75
68
82
70
72
74
63
69
70
57
72
67
66
63
48
60
57
59
70
68
66
74
65
72
76
60
74
66
66
75
66
72
74
64
72
59
58
71
57
79
87
70
89
77
83
83
71
80
73
72
82
68
69
79
59
73
71
56
66
57
63
69
66
73
73
62
77
64
69
78
59
71
68
59
68
70
69
78
63
67
73
63
80
71
74
81
62
76
74
64
76
68
65
75
63
68
73
67
90
75
78
77
69
77
78
65
82
74
74
90
68
82
79
80
83
71
76
73
67
80
81
69
78
63
60
74
64
76
69
67
75
69
70
77
67
74
75
60
76
67
70
74
62
67
61
58
61
58
63
70
60
81
75
67
86
75
80
80
74
90
75
71
81
75
79
78
61
74
72
69
89
73
83
85
75
86
81
79
84
74
75
81
67
88
79
76
83
71
79
84
70
80
79
67
86
73
84
90
71
88
76
72
85
66
65
66
53
66
67
58
70
61
70
78
66
86
78
75
85
71
72
87
59
71
68
58
71
65
75
77
61
72
79
61
82
72
70
84
66
83
85
72
84
68
71
75
60
70
71
62
74
60
59
74
57
68
69
63
73
71
74
76
62
68
73
59
73
64
66
73
66
80
80
69
77
67
67
73
68
74
72
59
71
67
71
77
65
75
71
64
71
71
71
74
62
69
69
56
72
65
74
79
68
78
83
66
83
73
78
79
66
81
69
65
76
60
68
75
60
65
63
57
68
64
67
73
61
74
75
78
88
73
77
79
67
74
80
69
79
60
65
69
58
66
65
65
78
70
74
82
67
84
75
65
76
65
74
75
63
76
71
66
79
62
59
70
60
77
74
70
89
68
79
82
74
83
77
69
80
69
75
76
57
70
63
55
73
73
81
86
77
86
81
78
92
92
69
80
62
77
77
-214
-137
-277
6
-464
-460
-458
-456
-456
-454
-427
-424
-413
-416
-415
-412
-412
-411
-410
-411
-410
-410
-410
-410
-409
-409
-409
-410
-410
-409
-409
-410
-410
-409
-409
-410
-411
-411
-411
-411
-412
-414
-414
-411
-411
-411
-411
-411
-412
-413
-415
-419
-419
-425
-434
-452
-460
-461
-462
-463
-463
-463
-464
-464
-465
-467
-470
-471
-469
-468
-466
-464
-463
-462
-437
-383
-342
-312
-269
-240
-209
-187
-162
-142
-127
-103
-89
-76
-54
-51
-40
-33
-25
-28
-11
-9
5
6
10
11
15
22
22
32
26
29
31
35
33
28
35
27
28
28
24
12
20
23
20
20
17
16
14
18
17
12
12
3
6
-5
-6
-10
-8
-7
-13
-19
-21
-28
-26
-20
-27
-30
-22
-29
-30
-32
-30
-36
-32
-44
-41
-41
-41
-50
-49
-47
-54
-59
-61
-60
-55
-55
-55
-53
-50
-50
-46
-44
-45
-63
-57
-58
-58
-62
-64
-64
-64
-61
-65
-70
-67
-72
-66
-66
-66
-69
-66
-66
-69
-65
-60
-65
-67
-65
-68
-66
-61
-62
-59
-66
-66
-71
-65
-62
-49
-52
-48
-51
-44
-38
-41
-37
-36
-40
-42
-27
-38
-38
-29
-33
-20
-30
-19
-20
-16
-12
-10
-9
-3
-8
-5
-4
-1
1
9
5
12
7
12
11
14
17
20
20
22
17
21
32
28
31
36
30
42
46
45
44
45
43
47
47
53
55
53
60
58
59
65
60
67
72
74
72
75
72
79
80
89
87
84
94
86
93
102
96
98
103
97
97
93
96
101
106
114
110
113
118
119
113
124
118
117
121
121
122
125
121
128
130
130
129
125
131
138
134
139
139
140
148
143
148
148
145
147
149
150
149
148
147
153
145
152
146
147
148
155
157
163
159
163
166
166
166
168
160
161
157
160
156
160
159
167
162
166
162
161
170
175
174
174
175
175
177
183
182
185
180
183
180
184
177
178
182
184
177
181
180
175
181
181
182
184
189
192
192
193
192
189
189
187
179
183
182
179
189
194
194
195
192
195
200
207
201
200
201
204
200
202
202
200
199
203
202
202
201
201
203
199
192
191
185
192
196
197
199
199
198
201
196
203
201
198
202
205
200
204
201
203
202
207
201
202
196
205
203
207
204
200
198
200
195
201
204
198
201
201
202
203
206
208
203
203
200
195
196
203
199
204
202
201
204
210
207
207
203
205
199
203
202
198
199
204
196
197
199
191
185
189
192
198
200
201
202
203
205
202
199
204
198
199
200
199
200
202
201
196
187
180
185
190
192
193
195
197
193
197
199
198
195
193
195
194
196
191
189
193
191
187
190
188
190
195
199
201
198
202
199
199
199
197
198
203
198
200
200
198
198
203
199
199
200
198
204
207
209
206
208
209
208
204
214
208
206
202
204
199
199
201
202
203
202
199
200
205
203
202
205
201
198
205
202
200
197
195
196
195
197
194
193
198
197
196
202
196
193
196
199
200
197
199
195
194
192
192
193
190
182
182
182
182
180
182
179
175
169
165
163
168
167
167
162
161
156
161
162
155
158
155
148
153
155
145
148
146
141
132
127
122
110
116
115
112
109
114
107
105
102
97
94
97
89
88
86
86
79
78
82
71
63
62
61
60
65
59
50
46
45
42
39
41
31
30
30
24
17
20
13
12
2
-5
-9
-16
-19
-15
-13
-17
-19
-21
-14
-18
-20
-24
-27
-30
-33
-38
-43
-47
-48
-47
-52
-51
-58
-61
-58
-58
-62
-61
-59
-64
-64
-67
-68
-66
-79
-79
-81
-85
-87
-89
-83
-85
-92
-91
-93
-98
-85
-95
-91
-93
-95
-93
-90
-95
-95
-101
-97
-105
-105
-101
-104
-103
-103
-101
-103
-102
-110
-107
-102
-101
-104
-101
-101
-105
-108
-110
-107
-113
-106
-110
-107
-108
-107
-110
-103
-108
-113
-112
-116
-109
-104
-103
-103
-104
-104
-102
-99
-95
-100
-101
-97
-98
-99
-96
-99
-98
-100
-100
-99
-97
-97
-95
-95
-99
-91
-96
-93
-90
-89
-88
-84
-86
-80
-79
-77
-74
-74
-68
-65
-64
-69
-72
-75
-68
-65
-57
-56
-54
-50
-48
-47
-42
-40
-45
-41
-39
-42
-36
-31
-37
-30
-40
-34
-36
-31
-30
-26
-23
-25
-22
-16
-11
-12
-11
-8
-9
-7
4
-1
4
7
-2
9
6
4
7
1
12
19
10
30
22
23
34
19
33
30
21
35
25
25
36
23
40
38
26
47
38
38
59
45
53
56
46
62
59
54
70
58
62
66
57
69
65
64
76
60
66
80
62
79
79
72
89
82
88
94
80
100
85
82
96
79
88
94
80
102
98
86
105
89
99
106
93
116
101
97
111
97
103
115
95
117
105
100
114
110
112
117
101
115
108
101
122
111
115
126
114
132
132
121
135
127
125
130
119
132
134
125
133
126
123
131
115
127
126
121
136
130
135
139
125
139
142
138
148
137
145
154
136
159
155
146
154
131
138
144
138
153
149
145
158
147
146
160
158
152
149
158
156
154
160
147
163
151
152
160
144
161
161
151
167
156
155
167
156
164
164
154
166
154
151
165
149
166
159
144
160
148
144
165
156
161
166
153
176
164
168
174
155
165
161
149
168
159
160
166
153
168
162
145
171
158
162
167
156
178
170
157
178
165
156
174
157
166
170
155
177
164
164
167
156
163
170
158
181
169
165
180
164
171
175
160
162
157
159
168
159
176
175
158
179
163
162
182
168
178
182
163
175
168
168
185
166
170
177
157
186
167
166
182
162
166
172
158
171
164
163
175
159
175
164
151
179
161
164
171
159
167
176
154
177
162
167
175
160
166
167
156
182
162
162
164
156
164
173
157
181
172
165
173
161
172
175
159
178
159
160
166
147
162
171
152
176
166
169
177
163
173
174
156
181
168
167
178
153
175
182
154
176
157
164
171
168
172
174
162
173
169
167
185
159
173
170
150
177
164
165
169
156
162
163
152
175
162
166
174
163
168
177
158
176
163
157
170
158
166
168
151
172
159
163
169
152
158
167
153
175
167
165
168
156
166
172
155
177
157
166
165
150
163
170
152
167
154
155
160
151
155
165
147
170
155
164
165
150
158
157
142
162
154
155
165
150
167
166
154
166
158
165
169
156
165
169
151
181
160
162
168
160
166
166
156
176
156
164
165
152
161
158
147
171
162
159
162
153
169
162
157
172
153
160
165
151
160
165
141
170
153
156
158
149
158
163
142
162
146
155
168
148
164
176
147
172
161
161
165
149
160
158
147
162
143
146
163
144
164
163
145
170
149
161
164
153
162
166
149
173
149
163
167
152
165
159
146
166
160
157
169
158
161
171
162
179
162
160
165
150
169
165
152
168
156
156
164
148
154
168
149
173
158
170
166
160
167
168
144
165
155
153
162
144
157
163
155
167
150
156
153
151
165
162
149
166
152
160
161
149
164
155
152
165
151
162
159
156
163
160
144
166
149
159
165
148
159
161
154
164
150
151
156
144
161
155
143
160
144
158
163
146
159
155
148
160
145
151
154
137
153
153
142
166
138
152
151
140
145
147
134
150
143
141
146
128
151
145
138
145
141
145
157
145
154
155
134
154
141
147
154
136
151
149
135
155
136
134
146
132
145
147
130
155
139
148
157
140
152
151
136
154
145
140
161
135
142
136
126
142
136
148
146
130
142
154
133
153
141
133
147
130
143
152
136
148
138
144
141
131
137
143
135
152
139
139
150
132
146
143
129
146
140
142
146
131
138
140
127
143
126
124
131
134
148
150
137
150
145
144
158
147
155
150
137
152
133
138
150
138
150
148
138
149
144
144
151
135
146
145
132
157
142
145
149
135
141
149
129
143
138
144
148
131
138
133
125
139
135
142
143
134
143
143
127
139
130
131
134
123
133
133
129
144
135
133
136
124
134
149
133
148
129
138
142
136
140
141
132
148
142
141
151
134
154
147
136
149
135
137
144
137
148
143
139
149
141
143
150
135
149
147
135
147
133
139
141
139
139
138
122
133
126
130
138
123
132
133
126
140
139
137
147
132
144
143
136
153
140
146
147
124
134
136
132
144
136
139
143
144
150
148
135
154
142
147
146
134
144
140
136
151
140
138
145
131
150
141
136
152
138
145
146
138
148
147
136
148
140
137
148
133
142
134
125
134
125
136
147
138
145
151
138
160
141
145
150
128
142
136
129
138
130
135
141
120
136
136
120
141
131
136
141
140
142
140
137
146
139
143
146
130
139
139
128
153
138
137
139
127
133
138
128
143
135
137
148
126
144
139
127
136
124
125
129
127
137
139
133
141
129
139
141
130
140
132
130
141
131
139
138
130
138
136
128
142
130
134
141
129
143
129
125
131
128
134
141
128
136
136
126
139
129
140
132
126
125
124
122
141
131
132
133
113
127
119
115
132
118
124
125
115
133
130
124
141
127
130
144
123
139
133
129
139
121
126
122
114
129
133
121
143
125
134
132
123
136
134
130
136
126
125
137
118
133
132
117
132
115
126
138
119
132
129
124
133
128
134
145
120
133
129
119
138
123
125
127
114
127
124
114
134
128
132
144
130
148
141
136
148
134
137
142
125
133
134
127
141
134
133
137
122
132
133
130
142
131
137
143
129
142
146
132
146
130
134
135
122
138
135
130
136
125
124
133
117
134
135
129
142
134
137
135
121
130
126
121
128
120
123
133
122
133
131
128
133
123
128
133
127
132
131
127
131
126
126
136
122
135
129
128
135
128
128
128
116
128
124
120
132
122
125
125
108
126
120
124
128
121
123
123
116
131
124
114
125
111
125
127
112
136
124
119
127
124
123
132
124
145
136
134
140
123
128
131
118
135
128
118
122
114
114
126
115
132
124
119
128
122
131
137
119
130
126
116
130
125
121
133
120
132
123
122
128
122
125
131
120
130
129
124
136
129
128
133
123
136
121
120
126
114
120
121
107
117
113
114
129
122
127
129
119
133
127
123
125
115
117
125
110
131
122
118
125
117
121
126
119
132
131
126
134
133
137
140
124
142
125
119
130
115
125
130
119
127
119
115
123
110
120
125
111
135
122
120
127
114
116
120
105
121
115
114
127
112
126
128
123
126
112
116
128
121
118
124
109
124
118
120
130
115
121
124
111
130
125
121
129
121
119
128
112
127
119
120
128
122
125
130
122
132
127
118
130
121
130
131
117
131
129
126
125
114
118
123
113
133
124
118
128
117
122
134
118
134
124
122
130
121
125
129
113
115
107
107
122
111
121
124
112
119
123
122
129
128
129
133
118
135
123
121
130
118
126
134
118
127
118
120
124
120
127
127
110
132
126
123
134
121
124
123
111
125
119
115
123
110
118
114
110
132
124
123
130
124
130
144
123
133
120
113
122
112
122
125
111
132
120
115
123
108
120
127
116
132
131
122
130
115
122
122
107
124
114
114
122
109
119
125
104
121
108
108
122
117
120
123
111
128
119
115
126
106
117
116
106
125
117
109
121
110
116
120
112
127
120
121
127
110
118
122
106
128
125
118
126
120
119
120
105
121
112
116
122
108
115
121
113
126
119
115
120
111
120
126
117
127
117
117
123
110
118
121
112
123
115
114
114
113
117
120
103
120
114
123
127
118
127
126
114
129
126
122
126
115
123
118
110
119
109
115
120
113
123
119
111
132
124
120
123
115
120
122
108
122
109
120
121
109
114
111
100
125
112
113
119
104
116
117
111
123
106
111
114
101
116
114
100
115
100
101
106
92
114
111
106
122
109
114
120
105
117
115
97
122
104
105
111
99
110
113
95
115
99
101
115
100
115
113
99
119
107
108
118
102
112
114
102
117
109
107
117
101
109
108
95
120
102
106
115
97
112
119
106
119
106
105
110
96
109
106
100
113
110
113
120
101
108
113
104
114
107
106
110
98
110
113
100
116
105
102
111
96
105
112
100
111
101
100
103
100
115
114
104
118
110
112
122
106
117
110
103
116
106
109
113
102
112
105
95
114
97
102
107
91
105
102
95
110
98
101
108
97
107
107
99
112
100
106
113
92
105
97
89
112
103
105
108
97
111
108
101
118
107
111
113
98
111
115
101
118
104
104
109
93
114
107
102
117
103
110
120
103
118
116
101
115
106
107
107
96
107
102
95
110
92
96
104
95
110
112
99
115
105
111
115
104
111
106
95
116
100
105
114
98
108
105
92
108
98
102
109
93
111
109
100
118
108
110
116
100
112
113
98
114
107
110
111
100
109
107
98
114
101
106
113
99
114
109
96
107
103
100
109
95
112
111
104
118
104
107
111
101
117
116
100
114
104
105
112
107
115
110
102
115
100
107
110
91
114
104
92
108
97
103
110
94
111
104
102
116
102
105
113
94
113
105
94
109
98
102
106
94
108
98
89
111
95
104
105
92
111
107
99
115
105
107
111
97
109
107
104
114
101
99
96
80
103
96
92
110
96
100
106
95
112
106
95
112
96
108
109
93
110
102
92
110
91
96
103
90
107
98
96
103
94
102
103
87
106
95
94
107
90
97
97
89
98
88
87
99
89
105
107
92
115
104
97
118
103
108
107
91
108
96
93
106
90
104
100
82
109
94
95
110
93
101
104
97
110
104
99
112
93
106
102
90
110
102
93
115
91
97
99
80
103
97
89
111
93
105
107
89
113
99
87
104
88
99
108
91
112
109
94
115
92
109
111
93
112
101
90
115
92
101
108
89
110
104
99
108
97
102
106
87
105
94
89
110
93
101
110
92
110
103
97
108
101
103
110
92
111
101
94
117
96
95
107
87
104
107
96
103
95
99
106
88
116
106
100
109
98
102
112
96
108
104
95
105
92
94
100
83
105
94
93
107
95
102
105
93
106
104
93
104
88
94
100
84
106
90
91
96
88
98
107
88
109
99
93
111
99
100
102
92
110
95
102
109
90
102
99
81
103
94
97
106
98
107
113
103
117
107
108
116
99
106
113
93
115
101
102
111
99
103
101
83
111
102
100
109
96
106
111
93
114
105
99
103
95
105
106
95
113
100
91
108
86
101
108
87
111
98
97
108
99
102
114
87
111
96
94
110
