103
102
101
98
99
102
102
103
99
102
104
102
103
102
100
102
100
104
103
101
102
100
101
101
100
99
102
100
102
100
98
102
97
100
101
101
102
105
103
105
102
104
105
104
104
101
101
102
100
104
106
103
103
105
102
106
106
106
104
103
104
103
103
105
102
104
103
101
101
106
103
105
101
104
104
106
105
106
105
105
103
105
105
103
104
106
104
104
102
101
99
99
100
101
102
105
104
108
108
108
106
109
106
107
103
106
105
107
104
102
100
102
101
105
104
104
105
105
105
107
106
106
106
105
105
106
108
109
106
108
106
105
106
106
106
109
105
110
106
109
106
106
107
107
104
109
105
104
103
102
102
104
102
103
103
104
105
105
109
108
104
107
105
105
107
104
103
105
101
104
102
105
105
102
102
103
101
108
105
103
104
103
103
108
105
107
105
104
106
104
107
106
102
106
105
104
106
105
104
107
103
106
105
106
106
103
103
104
99
104
100
100
102
101
101
108
103
104
103
102
104
104
104
104
100
103
104
103
108
102
105
106
102
106
105
106
106
104
103
104
100
106
104
104
106
104
106
109
102
107
106
105
105
105
106
107
100
104
103
103
105
100
101
105
101
104
104
105
103
104
105
107
103
109
106
110
107
108
107
109
104
104
103
103
103
104
105
107
103
107
105
106
108
105
103
106
103
105
106
104
105
102
105
104
100
105
103
103
102
102
104
106
102
105
105
103
106
103
104
104
102
108
103
101
103
101
99
102
100
103
105
103
106
103
106
108
104
108
104
103
105
101
103
106
100
104
102
99
101
103
104
104
102
105
103
104
107
104
103
105
100
105
106
104
105
104
103
100
101
103
103
103
106
104
106
106
104
106
105
103
103
104
101
102
98
101
101
99
102
99
99
103
102
106
113
107
108
106
104
106
104
106
107
102
104
102
104
106
103
102
103
102
104
104
103
106
101
106
104
106
106
103
104
106
102
103
105
101
103
102
101
104
101
102
102
103
102
101
102
105
103
102
101
100
100
100
98
101
99
102
102
106
103
104
102
104
101
104
103
104
103
102
104
104
106
103
104
101
105
103
105
106
102
103
102
102
100
102
104
102
103
103
106
106
105
102
101
103
100
104
103
103
103
103
102
102
101
101
101
101
102
99
104
101
100
104
100
103
103
102
104
104
103
109
106
107
103
99
102
100
101
107
103
103
103
104
105
107
104
107
104
105
103
102
107
105
105
105
104
103
106
104
106
107
103
108
106
107
109
105
108
107
106
110
107
104
107
104
104
105
102
103
100
102
104
101
105
103
105
110
109
106
111
105
108
107
103
105
107
107
106
101
103
104
102
109
102
104
107
104
108
108
106
106
106
104
106
104
104
107
102
105
104
103
106
98
104
105
104
105
109
108
109
102
107
107
105
107
105
105
103
102
104
107
102
102
103
103
107
105
109
108
109
108
106
106
107
103
105
105
105
104
106
104
107
102
104
102
102
107
105
103
105
105
104
110
105
107
105
107
107
104
106
103
104
104
105
104
105
100
105
105
103
105
107
106
105
104
108
103
102
104
103
101
102
100
107
109
104
106
105
106
107
107
107
106
103
107
107
106
109
102
108
105
105
109
107
104
105
103
102
104
101
105
104
104
105
103
106
108
105
107
106
103
105
105
104
106
103
107
104
105
104
100
102
104
102
103
104
100
104
100
103
106
101
106
103
105
106
104
106
106
102
104
101
98
104
103
104
103
103
107
105
106
107
104
103
106
103
106
105
104
107
103
106
102
104
104
107
105
107
105
104
108
106
108
109
105
108
105
106
106
104
104
106
104
105
97
100
103
100
104
102
102
106
104
107
108
110
105
107
105
108
103
106
105
104
104
102
101
103
104
103
105
101
102
104
107
108
103
105
103
103
105
105
103
104
104
103
104
103
101
102
105
104
102
108
105
105
105
106
105
105
103
100
102
100
101
99
102
102
99
99
101
103
107
107
105
107
103
106
107
105
104
102
106
105
103
109
106
105
106
103
103
106
103
107
106
106
107
106
109
108
104
106
106
104
108
104
105
105
100
105
103
104
102
102
104
107
103
107
105
102
104
103
103
108
100
102
101
103
104
106
103
106
103
106
105
105
110
103
105
105
102
106
105
105
105
105
104
107
102
108
103
105
105
104
104
106
102
103
104
103
105
108
104
107
104
107
103
103
105
102
103
107
104
105
108
103
104
101
102
104
100
104
102
102
102
105
103
107
104
105
107
105
109
109
108
107
106
105
103
103
105
106
104
108
108
107
106
108
106
122
29
82
-11
-228
-286
-451
-454
-455
-458
-459
-460
-462
-462
-465
-465
-465
-466
-466
-467
-467
-467
-468
-468
-468
-469
-469
-469
-469
-469
-470
-469
-470
-470
-470
-470
-470
-469
-470
-470
-469
-470
-469
-469
-468
-467
-467
-466
-465
-464
-463
-462
-460
-459
-427
-379
-337
-304
-263
-233
-201
-174
-144
-123
-100
-79
-66
-47
-29
-18
-8
8
19
27
38
43
48
55
63
70
76
87
89
94
93
101
96
103
98
102
102
106
105
106
109
108
110
109
112
118
116
118
116
120
117
119
117
120
113
115
114
115
116
116
116
117
112
112
110
113
109
113
110
115
110
114
111
110
109
108
108
107
107
104
104
103
102
103
100
101
96
100
97
99
96
97
95
98
93
96
92
95
91
91
89
91
90
93
91
89
87
89
87
91
88
84
85
83
83
82
86
84
84
81
81
82
79
82
77
81
80
77
76
78
78
77
77
76
76
77
77
75
74
78
74
78
76
76
75
78
78
81
81
79
81
79
83
84
83
85
83
85
81
83
83
86
82
85
86
84
85
88
87
84
81
81
79
83
82
83
81
86
82
86
89
88
86
85
88
88
88
88
90
92
92
90
91
94
90
95
96
94
96
98
95
101
98
97
97
102
100
100
100
101
98
104
103
104
99
102
102
105
105
106
109
112
113
115
118
119
118
120
120
120
115
121
119
121
121
121
121
129
127
127
127
127
130
132
136
139
133
136
135
135
138
137
135
139
137
140
140
138
140
140
143
143
141
144
145
146
147
147
146
150
143
148
145
145
146
148
148
147
144
144
148
149
153
153
152
155
152
156
157
155
152
154
152
154
154
155
156
155
155
153
153
157
153
158
158
158
158
163
156
162
154
161
155
160
158
159
160
157
161
157
163
156
158
161
159
166
161
162
161
158
164
158
164
162
158
163
160
158
165
165
164
167
163
168
166
169
171
167
168
168
168
169
170
169
171
170
174
173
172
173
173
174
172
172
175
174
172
175
175
174
175
175
176
176
175
174
172
176
172
170
171
171
167
172
168
166
166
162
164
162
162
160
156
160
154
157
158
158
151
153
150
149
151
148
148
147
144
145
143
146
148
146
150
150
147
153
152
152
153
148
150
151
151
148
147
146
147
143
146
146
139
145
145
145
147
146
148
148
144
147
145
146
146
142
145
144
141
144
140
140
140
136
139
142
142
146
143
146
152
152
158
159
156
160
156
158
162
155
157
160
151
157
156
155
155
155
155
155
152
156
155
154
156
153
154
155
151
152
151
150
149
148
150
147
140
144
142
139
141
137
135
135
133
130
128
125
117
113
111
110
106
109
105
104
102
99
100
101
99
99
98
97
96
93
98
91
90
90
88
86
88
83
82
81
78
78
76
74
74
72
75
73
70
74
69
70
70
67
67
67
65
64
62
58
58
55
55
52
50
51
49
50
51
46
47
45
41
41
39
35
35
31
36
32
27
33
28
29
30
26
26
31
25
27
25
22
24
19
22
20
18
19
16
15
17
10
11
11
8
8
8
5
7
3
4
4
2
4
0
0
2
-2
-5
-2
-8
-7
-9
-10
-10
-10
-11
-11
-15
-14
-13
-16
-13
-18
-18
-14
-20
-17
-14
-18
-17
-19
-17
-16
-18
-14
-15
-17
-16
-20
-18
-17
-19
-17
-16
-16
-15
-13
-12
-12
-14
-13
-13
-14
-10
-13
-12
-10
-10
-10
-8
-12
-11
-11
-9
-7
-6
-5
-3
-3
-1
-1
0
4
1
3
5
3
5
6
3
5
2
2
4
6
11
8
13
15
12
16
20
17
19
17
19
18
20
18
18
19
19
17
20
21
21
24
24
25
27
30
29
29
31
31
31
34
31
33
32
31
36
34
36
35
37
36
40
41
43
42
42
44
46
45
50
49
49
49
48
48
52
54
56
56
56
61
59
64
71
68
72
73
75
77
76
77
77
75
77
78
80
82
80
83
84
80
85
82
84
86
86
88
91
89
92
92
93
95
92
97
92
94
98
94
99
99
97
95
103
96
100
102
102
104
102
105
107
103
108
105
102
105
105
104
109
107
110
110
109
110
110
115
116
113
114
115
114
117
116
115
119
115
119
119
120
120
120
120
123
117
122
122
120
124
125
124
127
125
128
131
131
134
132
133
134
130
132
133
132
135
133
132
135
131
135
136
135
133
134
133
137
133
138
138
138
139
138
138
143
139
142
142
138
139
139
138
142
138
142
140
142
146
143
144
145
141
143
145
143
143
144
143
146
141
146
143
143
144
145
145
151
144
148
147
148
147
149
148
149
145
149
148
148
151
147
145
146
141
144
147
146
147
148
147
150
147
149
149
151
151
154
152
152
155
149
153
151
150
151
150
150
154
150
154
152
151
155
152
153
156
152
156
157
156
156
155
154
157
153
157
155
154
156
156
156
160
150
159
156
157
158
160
154
162
152
157
156
154
155
153
153
157
152
155
160
155
160
156
158
165
157
162
156
159
159
156
156
161
151
160
157
160
156
162
152
161
153
160
155
162
158
161
156
165
157
160
158
160
155
161
156
164
158
162
156
158
157
160
157
165
156
163
160
158
162
161
155
163
154
162
157
162
160
159
162
161
157
162
161
161
161
159
163
162
160
162
162
162
160
162
162
165
160
162
162
161
161
162
160
162
161
163
163
165
162
163
162
163
163
165
164
164
163
161
163
164
163
163
163
163
162
162
166
165
160
161
160
161
162
164
164
164
162
164
164
168
167
165
166
167
161
164
163
163
163
163
163
164
164
166
165
166
165
161
166
165
160
163
163
163
163
162
162
163
159
168
161
163
163
162
163
166
162
167
163
162
162
163
163
165
161
164
161
160
160
158
165
166
161
165
164
164
168
166
167
167
163
166
165
165
165
163
163
166
162
168
162
163
164
163
164
168
163
165
161
164
164
164
164
166
161
165
163
163
165
163
161
163
159
166
164
163
163
164
161
164
160
167
162
163
162
162
158
166
155
162
158
163
160
160
161
164
158
168
163
163
165
161
160
162
154
161
159
160
157
158
160
158
157
159
156
157
157
156
156
160
152
157
157
156
157
154
156
154
152
152
152
156
153
150
149
150
145
149
151
149
149
149
149
149
148
150
149
147
149
149
152
155
151
155
155
154
154
154
149
154
151
154
153
152
155
151
154
154
149
156
154
153
153
152
154
155
151
151
151
151
155
152
154
156
153
154
153
153
155
155
154
154
150
154
152
152
157
150
151
153
149
151
153
149
153
147
148
150
147
153
149
149
151
148
149
149
145
147
144
141
143
142
141
141
141
143
142
144
145
144
145
149
141
146
147
143
147
143
146
148
146
146
144
144
145
145
145
147
144
147
151
144
148
148
147
147
146
146
148
150
151
145
145
146
141
144
146
143
148
146
148
150
150
150
151
146
149
141
146
147
142
146
145
143
143
144
142
145
146
144
146
145
147
142
144
144
139
142
142
141
140
140
141
142
141
139
137
137
137
136
140
138
137
137
136
137
136
137
135
135
131
131
129
134
129
128
128
128
128
129
133
132
134
131
130
132
130
132
130
130
129
129
131
129
127
125
126
125
127
124
124
124
123
127
123
127
125
124
126
126
124
127
126
124
127
124
127
129
133
134
131
132
130
130
134
134
131
135
135
134
138
133
135
134
134
135
135
137
138
137
139
138
133
140
135
135
136
133
135
135
135
135
136
134
137
133
137
136
133
136
135
135
135
133
133
128
132
135
134
132
136
133
135
133
132
135
134
132
133
130
132
136
131
134
132
130
131
127
129
130
130
130
134
132
137
134
133
136
134
137
138
134
136
132
134
133
132
134
133
132
136
130
133
138
135
137
134
135
135
134
133
132
131
131
132
131
137
130
130
130
131
133
133
131
131
132
133
135
133
135
132
131
133
129
131
134
130
131
130
126
124
124
127
129
131
134
134
137
139
135
136
135
134
133
136
133
134
132
135
136
133
136
131
135
136
136
140
140
138
138
138
138
139
137
137
139
137
139
137
140
140
136
137
135
134
139
140
137
139
135
140
139
140
142
138
138
137
136
136
138
133
137
136
137
138
135
141
140
140
141
138
139
140
137
141
140
136
141
140
139
140
138
141
140
142
139
137
137
141
138
140
143
137
142
141
142
141
140
140
138
139
139
138
139
143
137
140
137
136
140
140
140
138
136
137
138
139
138
138
134
136
134
139
138
138
140
141
139
139
137
135
138
135
138
137
139
140
137
141
139
136
137
138
136
138
133
136
138
135
137
133
133
134
138
138
137
136
135
136
135
138
136
134
135
133
137
135
139
136
136
136
136
131
136
137
135
137
134
136
137
139
140
140
140
140
139
143
143
138
139
138
139
139
136
135
136
139
139
139
143
142
139
140
143
140
142
139
138
139
137
137
138
140
137
137
136
138
136
144
139
138
139
137
140
142
140
141
138
137
138
137
136
139
135
137
135
134
139
134
136
139
136
139
143
142
142
143
142
142
136
142
137
137
139
137
139
143
137
137
138
137
141
140
141
144
137
141
140
140
141
139
137
140
137
139
142
138
138
136
137
137
137
142
139
140
140
142
139
146
139
138
138
136
138
136
137
136
135
136
138
135
140
139
137
143
136
140
141
138
138
135
138
137
135
138
139
136
138
135
137
141
136
138
135
138
138
139
138
140
138
138
141
139
141
137
137
139
136
138
141
137
137
138
137
139
138
139
139
139
140
136
137
139
138
137
137
134
135
140
136
140
138
141
140
141
139
135
137
136
134
135
139
137
136
134
136
135
134
135
132
135
134
134
132
134
130
129
130
129
131
133
132
132
131
132
131
136
134
132
132
134
131
135
136
134
134
130
132
132
132
136
132
132
131
131
132
135
131
135
133
135
137
136
138
136
134
135
132
133
131
130
133
136
132
136
135
136
134
133
137
138
136
135
135
133
135
132
137
137
129
133
130
131
132
132
131
131
130
132
133
135
136
131
134
133
130
134
133
132
133
129
127
127
123
126
126
127
130
132
139
136
135
137
140
133
135
134
131
134
130
135
134
135
132
129
131
132
131
133
136
133
135
132
134
137
133
136
133
133
134
133
137
136
131
131
133
129
135
133
133
135
134
137
135
135
134
134
131
135
133
134
133
129
132
130
132
134
131
135
137
137
137
138
138
139
134
136
135
133
138
134
135
135
133
135
136
133
132
131
132
135
130
135
132
134
134
131
135
135
134
134
135
133
133
132
134
135
131
133
130
130
133
133
133
134
132
132
135
133
133
130
132
133
130
134
132
134
136
135
134
138
133
135
133
133
134
131
135
135
134
136
135
133
136
134
134
135
131
135
136
134
132
129
131
132
132
135
134
133
134
132
134
136
131
134
132
132
133
132
133
135
131
131
131
128
133
128
132
134
128
131
134
132
132
131
131
132
132
135
134
133
135
130
131
132
127
124
125
126
127
129
132
133
130
133
129
132
134
131
133
133
130
130
136
130
129
130
128
130
129
132
130
128
129
126
126
130
129
130
132
129
130
131
129
129
127
125
123
121
120
122
123
123
121
125
130
131
134
132
134
133
135
131
130
130
129
130
130
131
128
128
127
123
125
126
127
127
127
127
128
129
130
129
129
131
129
130
132
131
131
129
129
126
127
126
128
130
132
130
134
133
130
132
129
129
130
130
132
127
124
124
125
125
126
124
128
133
132
134
133
133
132
130
131
129
131
130
130
130
132
128
133
130
128
129
127
126
129
131
132
131
129
132
130
133
133
127
128
130
129
131
130
128
127
123
125
124
124
128
130
130
130
128
132
131
129
130
128
127
127
125
128
131
128
134
132
134
133
129
133
134
130
133
131
132
133
129
132
133
131
131
129
129
130
129
133
133
128
129
126
122
128
126
125
126
123
125
127
127
127
124
125
126
123
130
131
130
132
127
125
127
124
125
125
124
126
123
128
129
128
131
129
129
131
130
131
132
129
131
130
127
124
119
124
125
124
129
130
130
131
130
130
132
131
131
130
129
130
127
128
129
127
125
126
123
128
127
125
125
123
126
125
125
127
123
126
125
124
127
126
124
124
121
123
123
119
122
122
123
124
125
127
127
127
130
133
131
135
127
127
126
124
126
127
128
130
128
130
130
129
133
129
129
132
129
132
135
130
130
130
129
129
127
127
126
123
125
123
121
127
122
124
125
124
125
127
126
128
128
129
128
126
125
121
121
124
121
123
123
122
124
125
126
129
131
132
132
129
131
129
126
126
122
125
125
124
126
129
127
126
121
123
126
126
128
130
129
131
128
129
132
128
129
129
127
126
125
124
125
123
123
122
122
126
123
125
127
125
126
129
128
129
125
122
123
122
122
120
121
125
121
123
125
124
123
126
124
125
126
124
124
124
124
124
126
126
122
123
123
123
123
126
123
124
121
122
122
125
123
122
122
127
123
127
127
126
124
125
124
125
124
125
125
125
124
123
124
124
121
123
122
122
122
124
124
124
124
126
125
127
126
125
126
126
124
127
123
123
121
121
122
124
123
124
123
123
123
124
126
124
122
126
124
124
125
124
123
123
119
121
120
123
123
122
124
123
122
126
124
122
123
122
122
124
121
123
122
120
121
119
121
121
117
122
123
121
125
123
123
126
124
127
125
125
124
123
122
125
120
126
122
120
122
120
122
126
122
125
123
125
126
124
125
126
121
124
122
120
124
121
122
124
118
121
120
121
122
122
120
124
119
125
123
123
124
120
121
124
118
121
119
120
121
118
118
120
115
121
122
123
126
123
121
124
120
122
121
120
120
120
119
122
118
124
120
120
119
117
118
125
120
122
122
123
121
122
123
124
120
122
121
121
123
121
119
123
117
118
120
118
120
120
119
122
118
122
120
118
118
117
117
122
117
121
117
119
120
121
122
121
117
