102
102
102
101
101
101
99
104
99
101
102
101
101
100
103
100
99
99
96
96
100
97
99
102
101
106
104
106
106
102
105
104
103
103
102
101
103
97
101
102
100
103
101
104
103
104
105
105
104
104
106
105
107
103
104
103
106
105
105
103
103
103
103
105
107
105
103
103
106
103
107
107
104
105
102
100
100
101
100
102
102
102
99
99
106
104
107
104
106
104
106
105
104
103
105
103
103
104
101
104
105
103
106
104
104
102
104
105
104
104
105
106
107
107
104
106
106
105
105
103
104
103
105
104
105
100
102
102
104
105
102
105
103
100
102
102
101
103
100
105
107
103
107
106
107
106
102
105
101
103
104
104
102
106
105
106
104
104
105
105
107
104
102
103
104
102
105
102
100
103
100
104
104
105
105
105
105
107
105
108
107
104
106
106
103
105
102
105
102
101
100
100
102
102
97
101
101
101
104
102
105
106
105
107
106
105
102
103
102
104
101
104
101
103
104
103
105
104
106
105
107
106
105
104
105
106
102
103
104
102
107
103
102
102
101
103
106
104
105
105
109
108
105
109
106
105
105
105
107
105
102
103
103
99
100
100
101
104
104
105
105
107
109
108
106
107
102
105
106
103
104
103
106
105
102
106
102
101
105
105
105
108
103
107
107
105
107
104
106
106
105
105
105
103
105
105
102
104
99
104
106
106
104
105
105
106
105
105
105
101
105
102
104
108
102
107
105
107
106
108
105
111
106
106
106
101
106
105
105
108
104
106
106
105
104
104
103
109
105
106
103
103
104
104
106
107
104
106
108
106
107
111
103
108
103
105
104
106
106
104
105
105
102
102
106
102
104
101
101
103
102
105
104
105
105
105
106
110
106
107
110
107
106
104
102
102
104
104
104
106
106
108
105
108
107
104
106
104
106
104
106
105
107
105
106
103
103
105
105
110
104
106
106
106
107
108
108
106
106
106
107
108
105
106
104
104
98
101
99
103
103
102
106
106
109
107
110
109
108
105
107
106
102
104
101
105
104
105
103
103
102
104
105
104
104
102
106
107
104
109
105
105
104
104
103
105
106
107
104
104
105
101
106
106
103
106
106
108
105
108
107
107
103
105
101
106
99
102
104
105
103
103
102
102
105
106
107
108
103
107
104
105
103
100
103
107
101
102
102
103
105
101
100
102
96
103
103
105
103
104
103
106
102
105
102
102
104
102
104
106
102
105
107
102
103
101
103
106
103
105
104
102
104
100
103
103
100
101
104
103
105
102
104
107
104
110
106
103
105
104
103
105
103
102
106
104
107
105
106
106
104
105
104
104
106
106
103
106
105
104
106
105
106
103
106
106
104
108
107
104
103
105
103
106
102
104
105
103
104
101
101
102
101
102
103
100
106
105
106
108
105
106
106
107
107
106
107
105
104
103
103
100
101
101
102
107
103
105
104
106
105
107
103
107
105
105
106
104
107
103
105
104
102
102
104
106
105
107
104
105
103
109
106
106
106
103
107
109
103
105
104
102
99
102
101
102
100
106
104
104
105
104
107
107
105
103
106
103
102
102
103
103
99
104
102
103
100
101
101
106
102
103
104
102
105
106
106
107
102
103
102
101
103
103
103
102
100
100
100
99
102
99
101
102
102
103
102
104
100
98
98
101
99
101
101
101
104
104
104
103
104
104
107
104
105
105
103
106
103
106
104
102
103
103
103
103
105
104
104
100
101
98
102
105
101
104
104
104
103
105
103
102
101
102
104
103
104
100
101
102
102
100
101
102
101
103
102
102
103
101
101
101
102
102
105
105
105
105
106
106
104
104
102
103
98
102
103
104
103
102
104
105
105
106
106
105
104
102
104
105
103
105
103
103
102
100
106
103
101
101
102
100
103
103
103
105
100
103
102
105
102
102
103
103
99
99
98
95
103
98
102
101
102
103
105
106
106
105
106
103
100
102
101
101
105
101
101
101
98
100
102
105
104
103
104
105
102
107
104
102
105
102
103
102
103
103
103
101
103
99
103
101
101
105
103
104
106
103
105
108
104
104
103
102
102
99
102
103
101
104
102
101
103
104
105
108
105
106
105
102
105
103
105
103
101
102
102
101
103
102
101
103
100
100
104
102
103
103
103
103
102
106
105
103
103
104
102
104
100
101
103
103
102
100
103
102
101
103
104
102
107
102
104
104
103
101
103
103
101
102
103
106
103
106
107
104
103
104
104
107
103
103
105
106
104
105
104
104
102
105
104
101
106
104
104
103
101
102
103
104
104
103
106
105
102
103
103
103
100
106
79
40
12
-190
-288
-377
-450
-453
-456
-458
-458
-461
-462
-463
-464
-462
-464
-465
-464
-465
-465
-465
-467
-466
-467
-467
-467
-469
-467
-467
-468
-467
-467
-467
-466
-468
-467
-467
-467
-466
-466
-466
-466
-466
-464
-464
-463
-462
-461
-460
-459
-429
-383
-342
-309
-271
-244
-207
-184
-156
-135
-113
-93
-78
-61
-44
-31
-22
-8
-1
10
20
26
34
39
46
53
60
63
70
77
79
82
84
85
85
86
88
90
92
92
95
92
94
92
96
95
99
94
98
95
99
97
95
100
93
97
94
97
93
96
93
96
90
92
94
92
95
93
93
94
95
94
93
92
90
90
89
86
85
83
84
83
85
86
82
83
81
82
84
86
84
82
80
80
77
77
79
75
77
75
75
74
77
74
76
75
74
73
72
73
73
71
72
72
73
75
72
73
73
70
71
72
70
69
68
71
71
70
69
68
68
69
70
68
71
67
68
70
68
70
70
70
72
70
72
74
77
78
77
74
74
72
75
77
77
76
78
79
79
81
80
80
80
79
81
82
84
81
84
84
83
81
85
83
86
86
88
88
90
89
90
89
92
90
93
94
93
93
95
94
96
92
95
93
95
93
95
96
93
98
96
98
100
99
104
102
103
103
103
102
104
102
102
100
102
100
102
105
106
105
107
107
108
111
110
111
111
110
112
111
110
111
111
111
113
109
113
111
112
112
113
112
118
114
116
117
116
117
117
116
118
115
114
114
115
117
115
113
118
115
119
121
120
123
123
123
125
122
125
122
122
121
122
122
126
123
125
125
125
123
124
124
127
125
128
131
131
132
132
130
133
129
131
133
131
130
131
131
133
129
131
129
129
131
131
131
135
131
133
132
133
131
131
130
132
129
131
131
133
134
134
133
135
132
137
139
137
136
135
135
136
135
137
136
135
136
136
135
138
133
138
135
135
135
136
135
138
135
137
136
138
138
137
137
139
134
138
137
134
134
134
133
137
134
135
133
132
133
132
133
135
128
133
131
132
133
134
132
134
131
135
133
137
136
136
133
133
128
129
131
130
131
131
130
135
132
134
132
131
132
130
131
134
130
133
133
132
132
131
128
132
129
133
132
133
132
132
131
134
130
130
132
131
131
130
129
133
130
128
127
120
121
122
123
127
124
128
133
131
133
134
133
133
131
131
131
131
128
129
128
128
125
124
125
125
126
125
124
127
126
127
128
130
129
130
131
131
127
125
124
124
124
123
121
122
122
122
123
125
122
123
121
124
120
125
121
119
118
117
116
117
118
118
117
116
117
117
121
122
118
120
119
119
119
118
116
115
112
113
113
115
113
112
113
112
109
112
106
108
107
107
106
108
106
106
105
105
103
100
102
103
99
101
100
100
101
96
95
100
92
101
95
99
94
96
92
94
92
95
90
91
89
89
89
93
87
90
87
87
87
83
84
83
81
81
79
79
82
78
77
80
74
77
76
76
74
73
73
73
68
72
69
68
70
69
68
72
65
67
67
67
67
65
65
65
59
58
57
54
58
54
53
55
50
54
53
51
52
49
52
53
51
56
54
53
54
53
53
58
53
55
53
50
50
48
48
52
49
51
53
53
53
53
53
55
50
51
54
51
53
52
52
54
50
53
52
50
51
52
53
58
53
54
54
54
54
55
52
52
51
54
53
52
53
50
48
49
45
47
53
55
53
53
54
57
57
57
56
56
54
53
51
55
52
55
54
55
53
58
55
57
56
57
57
57
58
58
60
63
61
62
61
63
61
62
62
64
67
71
68
67
66
67
69
70
68
73
70
72
71
75
71
74
68
71
69
71
71
72
76
75
74
77
79
80
77
77
79
81
81
82
81
82
76
81
83
83
81
83
85
83
84
84
83
84
82
85
85
89
87
88
87
87
88
89
90
86
91
87
90
92
91
91
91
90
90
89
94
95
92
92
89
92
94
94
97
92
97
96
99
98
98
97
97
98
93
101
96
95
101
95
102
99
101
100
102
101
103
101
104
104
101
103
102
102
105
101
103
104
103
106
106
106
107
106
107
108
110
112
108
108
108
107
108
110
109
110
110
108
108
104
110
108
108
110
111
114
115
115
115
118
114
115
114
112
114
114
115
116
113
116
114
109
116
116
116
120
117
119
118
119
120
117
122
118
117
119
119
119
122
116
116
117
114
118
116
120
119
119
122
121
120
124
122
119
119
117
119
120
117
117
118
121
119
120
121
125
123
128
129
128
130
125
125
123
121
124
124
123
124
123
123
124
121
124
122
120
123
123
126
128
128
129
129
128
130
129
129
129
125
125
125
129
132
128
128
130
127
124
126
124
126
123
125
129
128
130
126
123
123
121
123
127
123
125
127
124
128
129
129
129
128
130
126
123
126
123
125
128
128
129
127
124
125
123
126
126
126
126
126
124
125
127
125
130
130
131
132
131
132
130
131
131
128
128
131
128
132
131
128
128
124
122
124
124
124
123
124
124
122
125
127
126
128
129
131
133
133
131
131
129
126
125
123
123
124
125
126
126
128
130
131
130
131
131
133
130
130
128
128
130
129
129
126
122
123
123
125
125
124
124
124
123
125
125
128
129
127
125
123
126
124
123
126
120
120
119
122
122
124
124
127
126
130
134
132
134
134
131
130
131
128
126
125
125
127
125
127
124
126
124
126
128
131
130
130
131
130
134
131
130
132
127
128
130
132
131
129
128
129
125
128
131
129
132
130
134
133
131
132
129
129
128
127
124
125
122
126
124
124
127
126
126
129
131
132
134
132
130
130
128
131
125
129
131
129
130
129
130
132
129
128
129
127
128
128
131
132
127
129
130
130
132
131
129
132
129
129
131
129
131
129
127
126
123
128
129
129
128
130
127
126
126
124
125
123
126
127
127
127
125
129
133
130
131
130
127
126
122
125
125
125
127
127
126
129
131
132
130
130
130
132
129
134
127
126
124
123
123
125
125
125
126
127
128
130
132
130
128
131
127
128
129
129
128
130
128
128
123
124
121
120
122
120
124
128
128
132
129
131
128
133
130
131
128
130
129
128
128
124
122
124
123
126
127
126
123
127
124
128
126
128
129
129
128
128
129
131
126
124
122
123
123
126
126
129
126
128
128
130
129
131
129
127
124
125
127
122
125
122
123
122
121
124
122
126
125
127
126
130
130
134
131
131
130
130
128
128
125
124
124
124
124
124
121
125
121
126
126
124
124
123
125
126
126
126
125
124
124
122
122
127
123
127
123
123
122
126
123
125
124
125
126
127
126
126
124
123
119
121
124
123
122
127
126
128
128
128
128
126
126
123
124
125
121
125
124
125
122
126
125
127
123
125
125
128
130
127
123
123
122
125
126
127
124
124
124
127
125
126
124
123
123
124
124
124
122
124
124
123
123
123
122
125
122
124
121
125
122
124
125
125
124
127
128
129
130
127
126
126
124
126
120
121
123
125
126
126
122
127
127
127
128
130
130
128
126
124
123
126
125
126
122
124
119
124
124
124
123
122
124
124
125
125
123
121
125
122
122
125
120
124
121
121
121
117
116
120
121
123
125
125
128
130
131
129
127
128
126
124
121
122
121
125
122
123
122
118
122
122
126
124
122
124
125
125
126
126
122
127
122
126
125
123
123
122
122
122
120
123
122
122
123
121
121
127
122
125
124
123
122
123
122
121
118
119
122
120
124
122
120
123
122
126
124
124
121
122
122
124
122
122
122
120
121
120
121
123
119
122
122
120
119
123
123
125
122
123
125
125
129
128
128
125
123
123
125
124
123
125
124
125
121
123
121
123
122
121
121
123
122
121
123
122
121
123
121
124
122
125
124
126
126
122
118
119
118
120
124
121
123
120
122
123
122
125
119
123
122
122
122
125
122
123
121
119
119
118
123
122
121
121
121
123
123
121
122
123
121
123
125
122
122
120
123
121
119
120
117
118
121
119
119
123
119
122
122
125
125
123
123
123
120
120
121
119
121
118
119
121
115
122
122
122
120
119
121
120
123
124
122
121
124
121
123
123
120
122
123
122
121
121
119
123
120
123
123
122
124
121
124
124
120
120
121
118
119
118
117
121
120
120
120
119
122
118
124
124
122
124
125
123
123
118
120
121
118
121
121
122
122
121
120
119
115
117
121
120
122
120
121
121
123
123
122
120
120
121
121
123
123
122
123
120
121
120
119
121
120
122
122
122
122
120
121
122
118
120
120
123
122
119
122
123
124
122
124
122
121
121
123
121
118
119
119
121
122
121
123
120
120
120
120
121
119
118
117
119
118
119
119
120
120
119
118
121
121
122
121
120
120
117
122
120
118
123
120
120
119
119
116
116
115
116
115
118
118
116
119
120
120
122
121
121
119
121
121
121
119
119
117
116
113
115
120
119
118
118
120
119
123
118
120
119
116
120
119
120
119
118
118
116
115
117
116
117
120
118
120
120
118
120
119
119
119
118
120
119
118
118
117
116
119
114
113
115
114
117
123
120
120
119
121
122
120
124
122
118
119
115
116
119
118
117
118
116
117
116
118
119
117
119
118
117
123
119
121
119
118
117
120
117
119
116
120
118
117
118
114
115
118
116
117
120
119
118
119
117
119
115
116
116
113
115
115
116
120
118
119
119
118
121
123
120
121
118
121
120
120
120
118
116
117
115
118
121
117
117
117
117
116
114
117
117
118
119
119
118
121
117
117
120
115
119
119
118
119
117
119
118
115
116
114
114
117
114
116
117
112
115
113
112
115
115
117
117
116
118
116
118
119
115
116
115
113
116
117
116
115
114
115
116
117
119
119
116
119
114
116
116
114
116
115
114
116
115
107
108
106
108
106
108
112
106
110
110
108
108
109
107
110
107
110
110
111
110
108
105
109
107
110
110
110
113
113
113
117
116
115
114
112
111
113
114
115
112
112
112
109
111
114
111
116
112
115
116
117
115
117
115
117
113
117
117
115
115
116
114
116
113
113
113
114
115
116
116
118
113
116
115
114
114
115
112
114
112
112
113
114
112
112
110
114
114
118
117
116
116
117
116
116
114
116
115
116
115
117
118
117
115
115
115
114
114
114
114
116
113
116
115
117
117
117
116
116
114
118
114
115
114
115
117
117
114
116
113
115
116
115
117
115
115
116
115
115
116
114
114
116
113
117
117
119
118
117
116
116
112
118
113
113
114
114
114
118
115
116
114
115
114
113
115
116
112
116
114
114
115
111
113
117
113
116
116
117
116
115
116
118
112
117
115
114
115
114
115
119
112
113
111
113
113
112
113
116
111
115
114
115
118
116
117
120
115
117
117
115
114
113
111
115
110
117
116
115
115
115
115
121
114
118
118
116
116
117
115
117
114
117
116
116
116
115
113
118
114
116
118
115
117
117
116
120
115
117
115
114
114
113
111
117
109
112
113
110
112
115
115
117
115
117
117
116
117
115
111
115
111
113
116
114
115
116
114
116
113
113
115
114
116
114
114
119
114
116
116
114
113
115
113
114
111
114
114
113
113
112
111
114
113
116
117
116
115
114
114
115
113
110
111
112
111
111
114
116
113
114
114
113
113
116
113
115
112
113
114
115
114
113
113
115
112
114
113
112
111
112
111
112
111
112
113
114
112
111
113
115
110
114
114
114
112
114
112
114
111
113
111
116
113
111
111
112
110
113
111
109
109
111
111
116
114
115
114
115
115
114
115
118
113
115
113
112
111
111
111
115
110
114
113
116
114
114
114
115
112
114
112
113
113
113
114
115
111
112
110
111
111
113
114
116
114
116
114
114
113
112
112
114
112
113
113
115
112
109
108
109
107
115
115
114
115
114
114
119
116
116
115
115
113
112
115
115
111
114
112
111
113
111
113
116
113
114
114
116
113
113
115
117
112
117
114
113
112
112
112
114
111
112
111
110
112
112
114
113
112
112
114
113
114
111
111
111
106
109
109
111
110
110
110
113
109
115
114
112
112
110
113
113
110
112
111
110
110
110
112
111
110
113
112
111
112
108
109
111
109
111
112
112
112
111
113
113
109
114
110
111
111
110
112
115
108
110
109
107
109
111
111
112
109
111
108
109
112
109
107
112
111
113
114
114
116
113
112
114
108
112
110
110
111
110
111
116
110
112
111
112
113
112
113
114
110
112
112
111
112
111
110
114
110
113
115
111
113
112
113
115
112
112
111
112
111
111
111
116
109
113
109
109
108
110
108
109
109
111
114
113
116
116
114
117
112
114
114
111
112
112
110
111
109
109
111
111
112
111
112
115
111
115
113
113
111
114
112
111
108
112
113
112
113
109
110
109
111
112
117
114
113
115
113
115
113
113
112
111
112
109
110
111
109
111
109
112
109
111
112
114
111
115
113
113
114
111
111
109
110
110
111
109
110
109
112
109
108
108
107
110
109
110
111
111
112
110
111
111
113
112
112
112
111
113
110
112
111
109
109
109
109
109
114
111
114
110
111
110
111
109
107
108
111
108
111
111
109
114
111
112
110
109
111
110
108
109
108
113
116
110
112
112
108
112
110
111
113
110
112
112
112
111
111
109
112
109
112
109
109
111
110
112
112
109
110
110
107
112
112
112
113
108
110
109
105
110
110
109
110
109
110
112
110
113
116
110
112
111
115
112
109
111
109
108
108
104
106
111
109
111
110
112
112
110
112
111
109
113
112
111
113
106
110
112
109
110
109
108
110
110
112
112
111
111
112
111
116
111
111
111
106
110
110
112
108
107
107
107
107
108
108
110
109
108
110
112
114
114
113
110
111
108
111
110
108
109
111
113
113
108
108
109
110
110
111
112
111
111
111
115
111
113
110
110
110
108
107
113
112
110
110
109
110
109
109
111
109
112
110
112
114
109
110
110
106
109
111
109
110
108
111
