106
101
102
99
101
102
104
99
102
102
103
104
105
103
104
99
103
100
99
103
100
102
102
102
103
103
104
106
105
108
107
102
108
104
105
103
104
102
103
101
104
104
105
105
103
104
102
100
106
105
103
105
104
103
109
105
105
106
102
103
102
106
105
103
106
103
101
102
102
102
107
102
108
106
106
104
102
103
104
100
106
105
104
106
103
106
108
105
107
103
105
105
105
106
106
104
104
106
105
107
106
105
107
103
107
104
107
105
105
102
106
101
108
106
104
105
104
104
106
104
107
105
105
104
105
105
106
102
105
102
103
105
101
102
104
100
102
102
104
102
104
104
107
104
110
105
107
107
105
104
106
102
104
101
100
102
101
104
103
102
105
103
104
107
104
104
104
101
104
104
104
105
103
104
103
99
107
103
103
104
104
105
108
103
106
104
102
103
102
105
106
103
105
104
99
102
98
98
102
98
106
106
106
108
106
109
109
105
109
106
105
106
103
105
108
100
103
101
100
103
104
105
105
103
107
106
106
108
106
105
106
102
106
106
103
104
102
101
105
100
105
105
103
105
103
103
109
102
107
106
103
105
104
102
102
99
103
103
103
105
103
102
109
105
107
110
105
108
105
104
108
104
106
104
103
104
102
103
108
103
104
104
102
102
105
104
105
103
107
107
107
107
107
103
106
103
103
107
104
105
105
103
105
103
101
103
102
104
103
103
108
101
102
103
102
101
101
102
105
103
105
106
107
106
104
103
105
105
107
106
105
105
104
104
106
106
105
106
106
106
105
106
107
104
104
103
103
102
106
105
105
104
105
106
107
106
104
106
106
103
105
105
104
103
103
104
104
104
103
103
102
103
100
103
103
100
105
104
105
106
106
106
108
104
109
106
108
103
101
102
102
102
105
104
104
103
105
105
107
106
106
103
103
104
102
106
106
103
105
103
102
102
102
104
104
102
106
104
107
106
104
104
104
101
105
103
103
105
103
103
102
99
100
100
100
103
103
106
107
106
109
108
107
108
104
105
105
103
104
105
106
105
102
104
102
102
106
104
103
104
102
104
106
104
106
105
105
106
104
107
106
103
105
103
103
105
104
104
107
104
105
105
105
105
103
106
104
103
108
103
100
102
101
102
104
104
104
104
106
108
107
110
108
105
107
107
106
108
103
105
106
104
106
106
108
107
105
106
104
103
108
106
105
105
104
106
109
105
108
104
104
105
104
104
105
102
105
104
103
105
100
104
105
102
106
105
104
103
101
103
102
100
105
101
103
104
103
108
111
105
107
104
104
105
104
105
105
102
106
105
105
108
102
105
107
104
105
107
105
106
102
104
103
100
106
104
104
107
102
104
107
102
105
104
101
104
103
104
104
99
104
104
102
104
100
101
102
101
102
101
100
104
99
103
107
103
107
105
105
106
104
105
107
102
103
103
99
104
104
105
105
103
105
106
106
108
104
104
104
101
103
107
102
106
103
103
104
102
102
103
102
104
100
104
106
102
106
105
101
104
103
102
103
101
102
102
101
100
96
97
101
99
102
104
104
106
105
106
108
106
104
104
102
103
100
102
104
102
102
101
101
102
105
104
105
103
105
105
106
107
103
103
105
103
104
105
103
105
103
103
102
102
102
104
105
106
103
106
107
103
104
104
104
104
103
101
99
98
99
99
103
102
101
103
103
104
106
106
105
106
102
105
105
106
105
103
103
104
102
106
105
103
106
104
103
103
102
105
105
104
105
107
107
108
105
106
104
102
105
103
102
104
101
105
103
102
102
100
101
105
99
107
104
101
104
104
102
103
100
102
102
103
106
105
107
107
102
105
101
103
105
104
102
105
103
104
105
103
105
104
102
106
102
107
105
103
104
103
101
104
100
104
106
104
106
107
105
106
104
106
103
104
106
105
104
107
102
106
105
102
105
103
102
105
103
103
102
103
103
104
106
110
106
108
108
107
108
107
107
105
103
104
102
106
107
105
103
107
102
105
108
105
106
104
104
104
103
105
105
104
105
104
103
107
99
104
104
104
103
104
108
106
104
107
106
104
106
104
104
105
102
106
106
103
100
98
99
103
100
102
104
104
107
108
109
111
105
105
105
106
104
105
104
106
100
104
102
102
104
104
105
107
104
108
110
106
108
106
104
107
102
108
105
105
108
103
103
106
99
104
103
102
105
106
103
104
102
107
104
106
105
104
104
109
99
103
103
101
101
102
103
108
106
110
107
108
107
107
104
112
102
106
108
103
104
105
103
105
100
104
101
102
106
106
104
102
105
109
48
124
-17
-77
-208
-380
-378
-449
-455
-455
-458
-458
-459
-461
-461
-463
-463
-463
-464
-464
-464
-466
-466
-466
-466
-466
-467
-466
-466
-466
-465
-466
-466
-465
-466
-466
-466
-467
-466
-467
-466
-465
-465
-465
-464
-464
-463
-462
-461
-460
-459
-431
-383
-347
-317
-279
-247
-218
-192
-161
-137
-119
-96
-80
-63
-47
-31
-25
-10
1
12
20
32
32
41
43
51
53
58
66
73
75
79
83
84
84
87
88
97
88
97
94
101
98
102
101
102
99
100
100
100
102
103
100
102
99
103
104
105
102
102
103
103
102
101
101
101
101
99
98
100
97
100
97
98
96
100
96
100
100
98
98
97
96
94
97
92
96
94
97
91
89
90
87
91
89
88
89
89
90
90
91
93
90
89
88
85
84
88
83
86
81
82
78
82
81
81
84
81
80
83
83
82
80
81
78
80
81
81
78
81
78
80
78
76
75
75
78
79
77
79
79
79
78
79
78
81
78
79
77
79
76
81
78
77
76
75
79
82
85
86
83
85
84
87
86
87
83
86
84
86
83
85
86
87
86
87
87
89
86
90
91
92
88
94
92
96
91
96
90
99
94
96
92
97
93
99
97
100
93
99
96
100
98
100
98
104
101
101
101
103
101
100
102
102
100
106
106
109
107
110
107
113
112
113
108
112
112
114
116
114
113
112
116
115
114
120
115
119
119
118
117
119
113
116
118
120
121
121
126
123
121
123
120
121
123
122
121
124
120
125
124
122
121
118
124
126
126
126
124
123
127
123
126
129
127
130
132
133
135
135
135
135
131
132
132
130
135
131
134
132
131
136
135
134
135
133
134
137
134
134
135
132
137
133
135
136
131
136
135
135
135
137
135
139
136
140
137
138
139
136
137
137
134
138
138
135
135
133
130
136
135
138
134
138
141
143
142
144
141
141
143
140
140
142
139
141
137
141
138
140
139
141
140
143
139
143
144
142
144
141
140
142
142
143
142
142
142
143
143
143
139
140
141
143
145
143
144
145
143
144
144
143
142
143
141
142
138
142
139
138
139
137
136
139
142
142
143
143
142
142
147
144
139
141
138
139
140
140
141
139
138
136
138
138
137
137
139
139
137
141
137
139
139
140
137
139
136
136
135
134
135
132
138
134
132
130
132
133
134
132
131
132
129
132
130
130
130
124
125
124
123
127
128
132
130
130
131
134
132
136
133
135
135
132
136
136
134
133
133
130
136
130
132
134
130
132
129
129
127
125
126
131
129
132
130
127
127
123
124
124
118
120
119
120
119
119
119
117
111
114
109
113
118
112
113
110
107
107
110
107
106
108
105
109
105
110
107
106
106
104
103
104
101
101
101
98
100
96
97
96
93
101
92
96
93
93
91
92
88
89
90
86
87
82
85
84
83
82
78
78
77
78
77
79
75
73
73
70
73
69
71
68
67
68
65
62
60
58
59
60
59
62
65
67
66
63
62
59
59
58
59
58
56
52
52
52
47
52
49
50
50
50
50
49
49
50
48
47
48
42
46
46
43
45
43
44
41
38
41
42
42
43
41
41
41
37
42
41
37
39
38
38
38
38
37
37
31
36
31
36
38
33
38
36
38
38
41
41
41
40
42
41
40
42
40
40
39
38
41
41
39
41
41
41
44
42
45
45
40
46
43
46
43
41
43
42
41
44
44
42
45
40
46
45
47
47
46
48
47
47
49
52
46
49
47
45
48
44
49
49
48
49
53
51
55
54
54
57
53
59
57
55
57
54
55
55
57
55
58
57
60
58
60
62
57
61
60
61
63
64
68
69
69
69
72
70
73
68
70
72
73
74
72
72
71
70
71
74
77
76
77
75
82
76
81
78
77
77
79
77
79
80
82
85
82
84
84
85
89
85
87
87
87
88
87
86
89
88
90
92
90
91
90
92
94
92
97
88
94
93
97
92
100
92
97
97
94
100
95
102
98
96
99
97
99
101
99
98
100
96
100
100
102
100
100
100
100
101
104
104
105
109
107
106
113
105
110
111
110
110
107
107
106
106
110
110
108
115
113
113
113
111
116
114
115
114
113
114
118
115
118
116
114
114
115
116
121
116
121
120
120
122
122
120
123
118
122
121
119
123
122
121
120
116
117
117
118
120
120
119
127
123
129
130
131
129
130
130
133
127
125
124
122
124
126
122
125
122
127
126
126
125
128
130
134
131
132
133
130
132
131
131
132
127
129
128
129
128
129
129
135
129
132
131
132
131
134
133
132
130
131
129
128
126
123
122
126
122
125
124
129
130
132
132
135
134
135
135
136
132
131
129
135
129
132
130
135
131
127
129
125
130
134
135
135
132
134
137
133
136
133
135
132
132
132
135
133
135
132
132
131
129
134
135
132
135
133
135
134
134
131
133
127
127
127
129
131
131
134
135
132
135
134
133
138
135
134
136
132
135
131
133
135
131
135
136
131
134
133
131
134
131
130
134
126
130
132
137
134
131
132
135
131
137
136
132
136
133
135
136
133
135
134
133
132
132
132
136
132
132
133
130
131
132
133
137
132
137
134
137
136
136
135
141
134
138
134
132
134
132
134
136
133
137
138
136
138
135
137
138
134
136
134
136
138
138
135
138
133
134
136
137
135
135
135
138
133
140
136
134
135
135
132
137
132
135
135
133
132
130
130
131
128
132
132
133
135
136
135
139
135
135
137
139
136
135
135
136
132
135
133
133
134
134
135
138
134
136
134
136
136
135
136
136
133
136
135
135
136
134
134
134
132
133
134
137
135
135
136
138
134
138
137
136
136
134
135
137
131
133
130
132
132
132
134
136
135
138
138
139
140
138
139
141
137
138
137
135
134
134
133
136
133
138
134
134
134
134
136
139
132
137
138
137
138
137
138
137
134
136
133
135
137
135
134
135
132
133
135
134
134
133
134
135
133
137
134
133
131
130
129
135
130
135
134
134
134
134
134
134
133
138
136
134
135
134
131
134
131
135
136
133
134
133
133
135
132
134
132
129
130
130
132
136
131
133
131
132
132
134
132
132
130
132
133
133
133
132
132
131
130
132
133
133
132
131
131
132
133
131
132
134
133
133
134
136
133
135
136
134
135
135
131
131
130
132
132
132
132
131
133
135
132
134
133
131
131
131
130
132
134
134
130
131
130
126
127
129
130
131
131
133
133
132
133
131
129
132
130
132
132
131
131
131
128
129
126
123
124
123
126
126
129
133
131
133
134
131
134
134
131
133
131
131
130
128
128
128
124
127
126
129
131
129
133
133
130
134
131
131
132
129
132
132
130
131
129
128
128
126
128
130
128
131
129
129
132
129
132
133
129
130
129
131
129
125
126
125
120
125
123
124
127
126
129
135
132
134
133
132
133
128
132
130
126
125
125
123
127
124
125
126
122
127
126
126
127
124
127
129
129
134
131
129
131
128
129
130
129
131
130
127
124
121
124
125
122
124
125
125
129
128
129
126
120
120
120
119
122
121
124
126
123
128
128
126
125
123
126
127
123
125
124
124
125
123
124
124
123
125
125
125
129
128
128
128
125
123
125
125
125
124
125
126
123
128
129
129
130
128
129
130
127
125
125
124
123
124
125
126
125
127
125
124
125
122
123
126
124
127
127
127
128
130
132
132
130
132
127
124
124
123
125
127
123
126
124
126
128
130
132
131
127
126
124
124
126
125
126
126
123
124
126
126
127
124
127
128
129
133
131
130
130
127
125
126
122
125
124
124
124
122
121
120
119
120
123
123
126
123
126
128
127
127
130
129
131
127
125
125
124
125
122
121
122
122
127
128
128
130
131
130
130
130
130
130
128
129
129
129
130
127
125
123
120
122
125
123
126
123
126
125
123
126
124
124
124
123
125
125
122
122
123
121
121
121
123
122
123
128
130
130
132
130
130
130
129
130
129
126
124
121
123
124
123
126
123
122
122
121
125
125
123
124
123
124
127
126
127
126
125
126
125
126
124
125
126
125
122
124
123
125
126
124
125
128
134
131
129
129
129
124
123
122
121
124
123
127
127
125
125
124
125
126
125
128
130
127
124
126
124
126
124
124
125
124
126
125
126
126
122
122
124
118
128
130
129
129
128
131
131
129
129
128
127
124
122
125
124
120
124
123
122
124
122
122
127
121
123
122
121
122
121
121
123
120
127
125
123
125
124
125
128
125
125
123
120
124
123
125
125
121
125
123
124
129
129
128
129
124
125
123
122
125
123
122
124
119
124
124
121
124
122
122
127
123
125
126
122
124
126
123
125
122
126
127
122
126
123
119
121
118
121
123
123
126
124
125
128
125
127
126
123
127
125
124
127
119
123
121
119
122
124
125
126
123
125
126
126
128
128
126
124
123
126
126
127
125
124
121
124
120
122
124
122
124
123
125
128
127
126
127
124
125
125
126
124
120
122
121
120
120
119
117
124
122
124
128
129
129
129
129
131
127
124
122
123
122
121
122
127
121
123
123
121
122
124
125
125
122
121
124
126
126
125
123
127
120
124
126
123
124
123
124
125
123
123
124
123
128
127
124
127
122
126
123
124
125
122
120
121
120
121
125
124
126
124
124
125
124
128
129
129
127
124
124
124
123
124
124
122
124
122
123
127
122
125
125
123
121
125
124
126
123
125
128
129
129
127
124
123
122
124
125
124
125
125
124
125
123
122
123
123
124
122
124
123
118
121
123
122
122
122
123
125
122
125
123
125
122
121
121
121
120
123
125
121
123
121
122
124
121
124
123
123
123
123
123
125
117
122
123
121
121
120
122
122
120
122
121
124
123
123
124
126
121
123
122
122
121
120
122
120
119
118
117
120
118
116
121
125
121
124
123
125
126
123
121
123
122
123
123
123
122
119
122
122
117
124
120
123
122
121
123
125
122
122
122
120
122
120
125
124
120
124
120
120
120
118
119
123
118
122
122
124
123
120
124
122
119
125
120
119
120
118
117
120
113
118
117
119
123
120
124
123
120
123
123
121
126
119
120
121
116
121
119
122
121
118
120
118
117
123
121
120
122
119
124
122
121
125
123
122
122
120
121
123
118
122
124
119
123
118
120
121
118
121
122
120
121
120
120
123
116
122
118
115
117
117
120
123
118
120
122
119
122
120
122
123
118
124
119
119
123
121
119
121
117
117
122
119
121
120
119
120
117
121
119
120
120
121
120
125
119
121
122
118
120
119
120
120
118
120
121
117
117
116
114
120
117
119
121
118
119
115
116
117
116
120
119
120
119
119
120
125
118
121
118
118
119
119
119
118
117
118
120
118
121
119
117
121
118
120
121
121
121
120
118
120
119
120
122
119
120
116
120
123
119
123
120
120
120
121
118
119
116
115
118
118
119
113
115
116
116
116
117
115
117
119
119
121
121
125
121
120
122
116
121
121
119
118
118
116
120
119
120
120
116
122
121
122
121
118
118
118
118
118
119
115
120
117
119
114
116
117
116
117
119
118
120
121
116
119
120
116
119
117
118
118
115
117
116
117
114
113
112
117
113
119
119
118
121
120
122
121
119
119
119
118
119
116
118
119
115
118
116
116
116
120
119
119
117
117
119
120
120
122
120
120
117
121
118
116
116
118
117
118
113
116
117
117
120
116
120
118
118
121
119
119
118
116
113
115
112
113
113
117
116
112
117
115
118
120
121
117
119
118
118
119
116
118
115
114
116
113
119
115
117
118
116
114
116
114
118
116
115
118
115
119
118
116
119
115
115
116
116
113
116
113
116
115
114
113
110
115
117
115
118
115
113
114
113
111
116
109
116
116
115
116
118
120
122
117
117
117
114
121
116
116
118
112
117
118
117
118
116
117
116
116
120
118
116
121
118
118
120
113
118
120
118
117
119
116
120
116
120
121
115
122
118
119
118
116
117
122
116
117
116
113
118
112
116
115
111
116
116
119
122
116
119
120
116
118
117
116
118
113
116
115
111
116
117
116
117
117
117
122
116
119
117
114
116
113
117
117
116
117
118
114
117
108
112
115
113
117
118
115
116
115
117
117
114
115
115
114
117
113
114
116
111
111
110
107
114
118
118
118
119
119
119
118
122
116
118
116
116
116
118
112
114
114
113
114
113
114
115
118
117
115
117
117
117
116
118
116
117
117
116
116
112
115
113
113
115
112
111
115
115
114
117
113
117
112
116
116
116
114
111
112
111
110
112
112
113
116
114
113
117
116
119
117
116
118
115
117
117
114
114
115
113
115
115
114
117
113
117
115
117
113
114
114
112
114
117
119
114
118
116
116
113
114
115
116
116
114
114
116
116
111
113
116
111
117
115
115
114
112
113
110
114
112
112
111
117
112
117
117
115
116
115
114
113
114
113
115
113
114
115
115
117
113
118
116
115
116
119
114
116
113
114
115
114
113
115
114
117
112
118
114
114
114
118
115
116
111
115
116
114
117
115
116
115
113
113
112
113
112
113
109
114
111
114
116
117
117
117
118
117
117
120
115
117
113
113
109
114
110
114
112
112
112
114
115
116
116
116
115
114
117
115
114
117
114
118
114
115
111
112
114
114
112
117
115
115
115
113
115
117
113
116
113
115
114
115
113
114
108
111
108
109
115
112
115
116
114
117
118
118
116
114
113
115
109
117
113
115
114
110
111
114
112
114
113
113
117
113
114
117
111
116
114
114
117
113
112
113
111
114
114
110
113
110
112
113
110
115
113
114
112
111
114
119
110
115
112
110
111
110
112
113
110
113
113
113
117
117
115
120
114
117
120
114
116
111
114
114
111
114
112
112
113
112
110
117
107
113
112
112
112
116
113
116
114
116
116
114
116
116
111
116
111
116
116
113
112
111
111
115
113
114
113
112
113
113
110
113
105
111
110
111
111
115
113
118
111
114
112
113
113
111
