106
95
106
105
102
104
99
100
99
98
102
100
101
99
99
100
100
98
98
97
100
100
99
104
104
102
107
105
106
104
102
101
104
99
102
100
102
101
96
97
97
96
101
101
100
100
97
98
101
99
101
98
101
100
97
101
99
96
100
100
97
100
96
100
101
98
104
100
105
103
100
104
102
97
100
100
99
100
96
105
103
102
101
101
102
106
104
106
104
99
104
103
103
107
100
104
102
100
101
99
100
103
98
101
100
95
109
99
102
101
98
101
103
101
104
102
99
103
99
104
101
99
105
101
101
103
98
99
104
98
101
100
98
103
98
101
103
99
104
99
102
103
101
103
107
102
103
97
97
101
99
104
102
99
102
102
101
105
102
100
104
99
104
101
101
103
100
101
100
98
100
101
100
102
99
101
105
99
104
102
103
102
99
102
103
99
101
102
99
104
97
98
98
99
102
100
102
102
101
103
105
103
105
103
102
104
98
101
101
99
102
100
101
99
101
102
103
99
101
99
100
104
100
102
99
99
100
101
98
99
97
102
100
96
100
94
102
100
97
103
101
100
102
102
102
102
99
102
99
98
99
94
103
101
98
100
99
100
103
108
105
106
102
107
105
104
103
101
102
104
102
104
106
103
108
103
103
105
99
106
104
102
104
103
104
106
103
105
104
100
106
103
103
103
101
105
104
103
102
99
99
102
101
103
103
98
103
99
101
102
99
100
104
100
102
102
103
107
102
106
106
100
106
104
104
104
101
103
106
104
106
103
102
106
100
105
103
98
102
102
99
102
100
99
102
100
104
101
104
105
102
105
105
100
103
103
101
102
101
103
103
101
104
98
98
100
97
101
101
98
101
102
103
105
104
104
104
103
106
103
105
104
103
101
101
98
100
101
102
104
100
103
103
103
103
103
102
102
101
104
103
99
103
99
98
101
96
99
99
100
102
101
101
102
100
102
103
100
104
100
102
102
99
101
100
101
98
98
97
99
98
105
102
100
104
103
105
106
104
105
103
102
102
101
102
102
99
104
101
100
100
99
101
102
100
102
102
101
106
102
103
104
98
105
101
100
103
99
101
103
98
100
100
99
105
102
104
106
102
106
104
104
105
100
100
100
97
101
102
100
104
100
102
102
100
105
105
102
103
100
100
105
99
103
102
98
103
102
103
102
100
103
100
99
102
97
99
103
97
102
101
100
102
98
102
103
99
103
102
100
104
98
101
106
98
102
100
100
102
104
103
102
98
100
100
98
106
101
103
104
103
105
107
104
104
103
101
103
100
102
103
99
104
101
102
105
102
105
104
100
103
103
101
104
98
104
103
101
104
100
100
101
101
104
105
104
105
103
104
106
101
104
101
103
103
102
104
105
99
102
100
94
103
99
99
102
99
103
101
104
105
103
103
104
100
104
103
99
103
100
101
100
99
99
100
102
103
102
102
107
99
103
102
100
104
102
102
102
99
103
102
103
101
101
99
104
100
107
106
104
104
102
105
106
105
104
105
99
101
99
99
102
97
101
99
99
99
101
102
107
101
104
105
102
105
101
103
103
98
103
101
100
103
101
102
105
101
103
100
101
104
101
105
104
103
106
106
104
104
103
101
104
98
103
102
104
102
101
101
100
99
102
103
101
103
103
100
102
99
101
97
99
100
98
103
104
101
104
104
100
103
101
101
104
100
103
101
103
103
103
103
103
97
104
103
101
104
101
103
103
100
102
99
103
102
100
103
103
99
102
101
99
105
99
101
101
99
101
100
97
101
96
98
98
93
102
96
97
98
97
99
100
99
103
101
101
104
101
106
102
99
101
97
99
100
96
101
102
98
101
102
101
102
100
104
104
99
104
99
101
100
98
99
102
96
102
97
96
99
96
101
100
98
104
100
102
106
100
100
102
97
102
100
99
103
97
99
100
96
101
99
98
102
99
102
104
99
104
100
97
100
96
101
101
97
101
100
98
103
95
101
101
99
103
103
102
104
101
103
105
101
105
104
101
104
101
104
106
101
102
97
98
101
101
102
104
99
103
100
101
105
100
99
100
96
98
101
98
100
99
99
101
99
102
101
101
102
99
101
103
97
101
101
100
102
102
101
101
97
102
100
102
102
100
100
102
99
103
105
101
103
102
104
105
104
105
103
103
103
100
102
105
102
102
101
100
99
100
100
101
98
100
99
101
101
100
101
102
99
103
104
104
104
103
106
103
103
100
100
96
99
106
-5
159
84
-33
-18
-261
-299
-326
-453
-445
-451
-458
-456
-460
-460
-460
-464
-462
-463
-464
-463
-466
-465
-465
-467
-466
-467
-467
-466
-468
-467
-466
-468
-466
-467
-468
-466
-469
-468
-468
-467
-466
-468
-467
-466
-465
-464
-463
-463
-462
-461
-460
-460
-434
-393
-360
-322
-290
-255
-225
-200
-179
-151
-130
-111
-87
-75
-60
-42
-28
-19
-8
1
14
22
29
37
38
45
50
54
59
63
64
73
78
79
81
84
88
90
92
93
95
93
94
94
94
93
93
95
96
91
96
94
98
97
97
97
100
100
98
99
98
98
96
99
98
96
97
97
97
98
96
93
98
91
96
93
100
94
96
92
96
92
96
92
93
93
93
91
92
93
92
91
88
89
86
87
88
87
87
85
84
87
84
82
83
83
83
81
83
82
83
81
84
83
81
80
77
78
79
78
78
79
77
78
78
80
81
80
80
80
78
78
79
81
81
80
79
80
77
80
81
80
81
79
82
81
83
83
84
84
83
82
83
83
82
84
85
83
81
82
81
83
83
83
86
89
88
88
90
92
89
91
91
89
87
88
88
89
90
87
87
87
90
91
93
94
93
95
97
93
96
94
96
91
96
93
98
95
98
94
98
93
97
94
102
98
98
98
100
102
104
103
104
102
104
104
103
101
103
100
105
105
104
108
104
107
111
110
113
116
111
115
112
112
116
113
115
115
112
116
115
116
119
112
116
116
113
119
119
116
119
115
119
117
117
121
118
117
120
115
120
122
117
122
120
120
121
118
122
121
119
123
121
121
125
119
123
123
120
124
124
124
126
125
129
134
133
133
131
129
133
128
131
134
130
134
131
132
134
132
133
133
131
135
133
133
135
132
134
133
129
134
134
134
136
133
135
135
135
138
134
133
135
133
136
135
134
137
135
133
136
134
134
135
134
138
135
139
141
139
143
143
141
145
143
142
143
138
141
141
141
140
136
138
140
137
143
142
140
142
141
143
144
142
144
143
142
144
140
143
143
139
142
140
137
139
138
139
143
138
142
141
142
143
140
140
142
137
141
137
136
139
138
138
139
137
139
140
138
145
142
146
148
145
149
148
144
147
144
144
146
141
146
147
147
148
144
144
147
145
152
149
149
152
150
151
155
149
152
151
148
151
149
150
153
149
154
152
150
154
150
152
156
152
156
157
155
156
152
154
153
149
154
153
151
153
152
151
156
151
152
150
149
154
151
151
153
149
153
153
151
156
151
151
154
149
153
152
150
152
148
150
151
146
153
152
151
152
150
153
155
151
155
153
153
156
155
155
157
154
159
159
157
161
152
157
158
153
159
157
156
157
157
158
160
151
159
156
154
156
151
154
157
149
152
148
146
149
149
148
149
145
151
149
148
152
146
146
148
141
146
144
140
142
139
139
139
133
137
134
134
133
131
132
135
128
132
130
127
126
124
122
124
117
123
119
117
119
115
114
119
115
121
121
116
119
115
115
118
110
113
108
105
107
103
102
106
98
101
96
95
101
97
95
100
90
97
92
94
96
87
90
92
86
90
90
85
87
83
83
83
79
79
79
78
79
76
76
78
72
77
75
74
72
66
67
69
65
68
70
69
70
66
67
69
66
69
67
65
65
66
64
66
63
61
59
57
59
55
59
59
58
58
56
53
53
55
54
58
55
56
55
55
57
53
54
54
52
54
54
48
54
53
53
54
50
52
49
52
53
50
54
52
50
50
50
50
51
49
52
53
47
53
49
52
48
45
50
44
42
47
46
44
47
43
45
48
44
46
43
44
45
43
45
45
41
47
42
42
44
40
44
45
42
43
42
45
45
45
47
49
42
51
47
46
50
44
46
51
45
49
45
44
44
48
51
54
48
56
54
57
61
56
58
61
56
60
58
58
62
57
60
62
56
65
65
68
67
66
68
75
67
72
69
66
70
67
71
73
67
74
71
71
72
69
68
74
69
75
70
73
77
73
76
78
72
78
72
75
77
73
74
80
72
78
75
75
80
80
84
84
80
84
81
80
85
82
78
83
79
84
82
82
83
83
84
84
82
86
87
85
88
85
86
92
85
90
89
87
88
88
89
91
83
89
90
89
94
89
90
93
90
95
94
96
89
92
94
97
87
95
94
91
95
92
96
94
97
94
98
94
96
94
98
96
92
100
95
102
99
98
98
98
96
100
100
98
100
98
103
100
96
99
96
100
99
100
102
103
99
102
103
102
103
102
103
104
101
102
102
105
105
102
103
103
101
106
106
105
107
106
110
110
110
114
109
111
114
110
110
112
106
112
107
107
112
107
110
112
110
115
115
116
116
112
113
113
108
115
112
113
113
110
112
112
111
114
110
111
115
112
116
113
112
118
115
117
118
117
116
119
114
118
116
117
118
113
116
115
113
121
119
118
120
117
119
121
118
122
118
116
116
112
117
116
113
117
116
115
116
111
114
116
113
119
117
118
120
120
120
121
117
118
119
116
121
120
120
122
118
120
117
116
118
118
120
123
118
123
121
119
122
117
118
117
116
120
119
122
122
122
122
123
119
124
123
124
125
120
122
122
121
123
121
123
122
120
123
125
121
124
122
121
124
121
123
123
123
125
125
125
126
124
127
127
124
129
128
130
130
127
126
127
123
125
123
122
123
120
127
125
121
124
121
124
127
126
125
127
122
126
126
127
126
123
126
125
123
126
123
126
129
129
130
133
128
134
130
131
134
128
134
131
129
133
131
131
135
128
129
129
125
130
129
132
132
129
132
131
128
132
129
127
127
124
126
125
122
126
120
121
120
121
125
128
127
129
131
131
136
130
133
129
125
127
125
125
125
123
125
125
121
126
122
125
129
128
133
133
130
132
131
130
132
129
130
131
126
128
127
125
127
123
126
125
123
127
129
131
132
131
132
132
130
136
130
130
129
127
125
127
123
126
126
125
129
127
130
132
126
129
129
130
132
130
132
132
128
130
130
130
131
126
128
128
128
129
127
123
126
125
128
134
129
134
132
133
135
132
134
132
131
132
131
131
134
129
132
130
125
128
129
130
131
127
128
128
130
131
128
128
131
128
133
133
130
136
130
132
130
129
128
130
127
126
125
126
130
128
133
132
128
131
130
130
131
128
130
131
127
127
123
124
127
123
128
132
129
132
130
131
134
133
132
132
129
132
128
131
132
127
125
123
121
121
123
122
125
121
125
127
127
131
132
132
133
129
130
131
125
124
123
122
126
122
123
126
122
126
125
127
126
125
128
133
129
132
126
124
127
122
127
126
128
129
128
127
125
124
126
126
123
127
126
124
126
126
127
124
123
122
125
124
125
122
125
123
121
126
122
126
129
130
133
133
132
132
132
130
132
127
131
131
128
134
131
132
131
130
130
129
129
132
132
134
135
130
134
131
132
134
131
133
131
129
132
131
129
131
127
123
126
121
128
127
125
125
125
122
125
122
126
124
122
126
124
127
126
125
128
130
131
133
130
129
131
126
130
129
129
133
129
132
132
130
134
129
128
130
128
130
133
125
128
127
123
126
126
128
130
129
132
130
130
134
130
130
131
124
127
127
126
128
128
127
127
117
125
123
121
128
128
130
137
130
135
133
133
134
133
131
134
129
134
131
127
129
127
125
128
129
132
131
131
132
131
130
134
127
131
130
128
131
129
131
134
128
131
127
122
127
129
129
133
128
133
130
130
132
129
129
131
126
125
128
126
126
123
122
127
121
127
125
127
128
132
131
137
126
127
128
129
131
129
129
130
128
131
129
131
130
130
128
132
129
132
133
131
132
129
131
132
131
131
129
127
126
124
124
129
126
126
123
123
123
125
124
125
125
128
131
131
132
129
128
130
124
126
124
125
128
132
134
132
130
131
130
129
133
129
132
133
130
135
130
133
131
133
131
132
127
127
128
132
132
128
131
128
128
129
130
131
133
131
131
133
131
134
130
131
132
126
129
131
127
128
127
122
125
123
125
125
120
126
123
125
128
127
128
131
128
132
131
128
131
127
125
123
121
124
120
122
124
122
125
127
120
125
123
124
127
123
125
127
121
126
126
127
128
128
127
127
121
127
126
124
126
123
128
131
128
130
127
123
124
122
124
126
120
125
121
119
122
120
121
125
121
127
127
127
130
132
132
134
125
128
126
123
122
122
123
126
122
122
122
119
124
123
126
125
119
127
124
124
127
125
124
126
118
124
124
124
124
121
121
123
119
126
124
125
125
125
125
129
128
131
128
126
125
122
124
123
120
125
124
125
128
127
123
129
130
131
128
130
130
126
124
126
123
126
122
123
123
120
127
127
122
124
120
122
123
123
126
125
122
128
129
129
131
126
125
126
121
125
124
123
125
124
124
124
120
123
122
121
121
118
123
124
120
124
122
122
125
123
123
125
121
128
128
127
125
119
121
120
119
122
123
122
123
122
123
125
122
126
122
123
126
121
125
126
123
125
122
121
120
121
124
122
121
125
122
124
126
123
124
125
121
125
126
122
124
121
124
121
118
123
119
122
123
122
125
128
126
127
126
127
128
127
125
124
119
122
122
121
123
119
121
121
118
123
124
121
123
122
123
126
124
126
125
124
124
121
124
126
121
124
122
122
122
121
122
124
121
124
122
125
126
122
124
125
121
124
122
118
120
117
121
122
121
122
118
119
123
121
124
123
121
123
122
121
122
120
121
120
118
120
119
120
121
118
119
118
114
119
121
120
122
119
120
122
121
124
120
118
122
120
122
123
119
123
122
119
120
116
120
121
119
122
119
120
120
118
120
120
118
123
120
121
123
118
123
123
122
123
119
117
120
117
122
120
117
122
120
121
124
121
122
122
119
122
121
123
123
120
121
120
117
123
121
121
122
118
122
123
121
125
122
123
125
119
124
122
117
123
119
119
121
116
114
116
114
119
116
118
121
118
120
122
120
124
121
120
121
118
120
122
120
121
118
117
119
118
122
122
117
121
121
120
123
118
121
120
117
120
118
118
120
115
119
117
113
118
116
117
121
118
120
121
119
122
120
120
121
120
123
122
117
120
117
118
120
116
118
116
117
121
120
120
121
120
122
121
119
122
117
117
118
114
117
118
116
118
117
116
118
115
120
121
117
121
120
119
125
121
122
119
118
119
119
118
118
114
119
116
115
118
113
117
118
115
119
120
117
119
117
119
117
113
117
113
113
115
114
118
121
115
119
117
114
119
117
117
118
115
121
119
117
121
116
118
120
115
120
121
118
121
118
118
119
115
119
119
117
121
119
119
122
118
121
121
116
121
120
118
120
116
120
119
116
118
115
115
119
115
118
118
114
119
116
116
120
117
120
120
117
121
118
118
121
114
116
116
111
116
117
117
117
115
118
118
116
121
117
116
119
114
118
118
115
119
116
115
117
115
115
116
114
118
116
117
120
116
119
120
117
118
117
116
117
112
115
116
115
115
109
110
112
111
116
114
114
117
116
118
121
119
119
119
114
116
114
116
118
115
117
116
114
115
116
115
119
116
119
119
119
121
119
119
120
115
122
119
118
119
119
116
118
116
118
116
118
120
119
122
121
117
120
119
118
117
115
115
116
111
116
113
117
118
114
115
117
115
123
120
118
119
116
116
117
116
119
116
115
118
115
117
118
114
118
115
114
117
114
117
118
113
118
116
118
117
116
117
119
115
121
117
116
118
115
117
121
114
117
115
115
119
115
118
117
112
117
116
116
121
115
117
119
113
119
121
119
121
116
116
117
110
118
115
113
117
114
117
120
116
120
118
117
120
117
120
121
116
121
120
115
118
114
114
119
115
119
119
118
119
116
118
119
113
119
117
117
119
118
117
121
112
116
112
109
112
112
113
117
111
116
115
115
122
116
116
120
114
117
116
113
116
115
113
117
111
116
115
116
116
116
116
122
115
120
118
116
119
117
118
119
113
116
114
113
117
113
112
116
113
117
118
115
118
116
118
119
115
119
115
115
114
113
114
119
112
117
115
115
115
117
121
121
117
120
119
118
119
117
115
116
112
115
117
116
118
115
117
118
113
113
114
113
115
115
116
120
114
119
116
116
116
115
115
117
113
116
114
115
116
111
111
112
110
116
114
113
115
112
113
114
112
114
113
113
115
112
115
117
112
118
114
114
115
114
114
115
112
117
114
114
118
114
118
114
113
117
116
114
115
114
115
116
114
115
113
113
116
112
114
115
111
114
111
114
115
113
112
115
109
115
114
114
115
112
112
113
108
112
113
111
113
109
114
117
117
119
116
116
117
118
115
116
111
114
113
111
113
110
111
114
109
116
114
116
115
115
115
117
112
115
113
112
113
110
113
114
108
112
110
110
111
112
113
115
111
117
113
116
116
112
112
115
110
114
112
118
112
109
110
111
106
115
112
115
116
115
116
117
115
117
114
111
113
111
110
113
108
115
112
112
113
110
107
113
109
114
111
113
115
110
113
115
109
117
110
112
111
110
112
113
108
114
109
107
111
108
113
112
109
114
109
111
113
109
108
111
104
112
111
112
111
112
115
115
113
117
114
114
112
112
113
117
110
117
114
115
116
112
116
115
112
115
114
113
116
110
111
114
109
115
113
114
113
112
114
115
111
116
112
111
115
111
114
117
112
114
112
111
110
109
111
114
107
114
112
111
116
113
116
114
112
116
117
115
115
112
112
113
107
113
108
110
112
106
112
113
109
111
111
110
110
108
109
111
106
111
108
110
110
108
108
109
107
111
112
109
111
108
110
112
112
114
109
109
110
109
107
111
108
110
106
103
106
103
108
107
106
111
110
111
115
112
114
114
109
112
110
108
109
108
111
110
109
111
108
110
111
109
111
115
109
114
112
113
113
111
114
110
108
112
109
110
112
106
108
109
105
111
110
112
110
109
112
111
109
114
109
106
107
104
108
108
108
108
107
108
108
108
109
113
108
114
110
109
112
105
111
109
107
