105
101
102
99
100
100
100
101
100
27
104
-14
-209
-276
-454
-456
-457
-461
-462
-463
-466
-464
-467
-467
-467
-468
-468
-469
-469
-470
-471
-470
-471
-470
-471
-471
-471
-470
-470
-471
-470
-471
-470
-471
-472
-471
-471
-471
-471
-472
-470
-470
-471
-470
-469
-468
-467
-466
-465
-463
-462
-461
-461
-429
-380
-338
-302
-264
-236
-202
-175
-145
-122
-96
-81
-60
-40
-23
-14
0
13
24
34
40
47
57
65
72
75
79
83
87
93
96
97
99
101
105
110
112
111
112
117
116
117
117
116
117
117
115
116
117
116
118
118
119
119
119
119
117
118
117
116
118
117
114
115
114
112
114
113
111
111
108
110
111
112
109
108
110
108
107
108
108
104
104
103
101
100
100
98
97
95
97
92
99
95
96
93
97
91
96
94
96
91
91
91
90
90
88
86
88
89
86
87
85
83
82
84
83
83
85
84
83
82
82
81
82
80
77
79
79
77
78
79
76
75
74
74
75
77
76
74
74
74
75
76
74
69
69
68
69
69
69
72
72
73
73
73
76
76
77
78
79
80
81
80
78
81
80
81
81
84
82
84
84
84
85
86
86
84
87
89
90
91
92
92
91
93
93
96
93
95
96
95
98
94
101
97
96
97
98
102
101
103
103
104
104
104
104
107
107
106
107
109
113
114
114
116
118
118
118
119
119
117
118
120
120
122
119
125
125
125
127
126
128
131
132
134
134
136
137
139
136
138
136
139
141
137
142
142
144
144
144
146
147
143
147
146
148
148
150
150
149
150
149
146
148
150
149
151
153
152
155
156
161
155
157
159
160
158
162
158
163
159
159
160
158
159
165
161
163
163
163
161
165
164
166
165
167
168
165
170
167
166
171
168
168
168
167
170
171
173
173
174
175
178
174
179
180
177
184
178
179
179
179
179
178
175
178
178
181
184
182
186
185
186
189
189
188
193
190
190
188
188
190
189
190
191
189
194
195
193
196
196
196
200
195
201
201
197
201
198
200
199
196
198
195
198
200
199
195
200
193
196
196
196
196
197
194
196
193
195
194
188
183
183
178
182
179
183
183
180
182
184
182
185
184
184
187
183
189
187
184
186
182
186
187
184
184
186
185
188
181
187
188
184
190
191
194
201
199
201
202
203
203
203
204
207
203
206
207
204
210
205
206
206
204
204
209
209
207
207
207
208
205
208
207
207
210
209
208
211
209
211
212
209
211
210
209
210
206
207
206
206
207
206
207
207
203
202
205
200
201
198
198
200
197
198
196
196
194
196
194
198
191
186
187
184
185
182
179
177
172
172
168
165
165
160
155
157
146
145
142
137
134
127
122
121
116
113
110
107
105
101
99
101
90
96
90
91
89
87
84
84
81
85
84
84
87
84
86
84
83
87
87
84
84
82
81
82
77
75
72
64
63
57
55
54
45
45
43
38
36
35
29
33
21
25
18
16
14
9
6
3
-4
-7
-6
-9
-8
-12
-16
-13
-17
-18
-23
-25
-29
-29
-34
-31
-41
-38
-37
-42
-41
-41
-47
-46
-51
-46
-50
-50
-51
-49
-52
-50
-55
-53
-53
-57
-54
-58
-58
-57
-54
-57
-58
-59
-62
-60
-59
-57
-62
-61
-61
-62
-61
-60
-64
-66
-71
-70
-71
-68
-70
-68
-70
-68
-73
-70
-72
-71
-70
-71
-72
-71
-70
-71
-72
-74
-73
-73
-71
-68
-74
-70
-70
-66
-68
-68
-67
-69
-70
-66
-64
-59
-59
-61
-60
-57
-60
-56
-60
-56
-58
-56
-57
-54
-56
-54
-55
-55
-55
-55
-50
-50
-52
-49
-50
-49
-47
-46
-47
-42
-46
-40
-42
-38
-37
-39
-35
-33
-36
-32
-37
-32
-36
-30
-33
-24
-30
-25
-25
-21
-20
-21
-16
-14
-18
-16
-14
-13
-7
-9
-8
-4
-9
-1
-2
1
4
4
5
10
8
13
11
11
15
13
16
20
17
21
20
22
21
20
23
28
24
29
31
32
35
32
35
38
36
40
42
42
44
45
44
50
44
49
48
49
52
53
58
61
59
63
65
68
71
67
71
74
72
77
76
79
81
79
79
83
80
83
88
86
90
88
91
93
91
96
91
94
96
94
97
100
93
99
94
97
97
96
100
103
103
106
108
107
112
111
112
116
110
113
115
117
115
115
118
120
118
122
122
122
124
124
126
130
128
134
130
135
134
136
132
135
133
134
136
134
137
138
138
139
136
141
141
142
142
142
142
146
144
150
147
145
146
142
147
148
145
153
149
150
149
152
149
155
152
154
154
156
158
154
157
158
155
157
159
157
158
158
159
161
155
162
155
159
162
156
162
162
159
164
161
161
163
164
161
165
159
169
163
166
165
165
164
164
163
164
168
165
169
167
167
169
166
168
167
166
169
169
168
173
168
172
175
170
172
171
170
171
169
171
173
173
174
172
172
177
173
176
177
175
176
173
176
177
177
174
177
175
176
176
178
180
176
180
178
179
180
181
180
181
179
179
181
182
180
179
179
180
173
180
179
178
178
180
179
185
181
185
187
187
188
185
188
186
182
186
185
184
183
184
183
184
182
186
186
191
188
186
188
189
188
190
191
189
188
188
187
190
189
189
185
187
187
188
189
191
191
190
192
193
194
193
196
194
191
192
191
190
189
188
188
187
185
188
187
190
192
193
197
197
195
196
195
195
194
195
195
194
191
191
190
191
192
189
190
189
190
193
195
195
196
196
194
196
194
201
195
195
199
193
195
195
194
193
192
191
188
188
192
195
192
196
194
194
198
194
193
193
192
193
193
193
196
193
197
194
193
199
195
197
198
195
195
198
196
197
198
195
198
194
197
196
193
197
196
196
200
196
193
196
193
197
195
195
197
195
198
198
197
197
196
195
197
196
196
200
196
200
196
196
196
197
197
198
196
196
198
196
200
196
196
197
196
199
199
199
198
199
198
199
194
196
192
194
198
194
197
199
195
198
197
196
197
198
198
198
196
198
196
198
199
193
194
194
194
197
199
199
196
194
195
197
197
199
194
195
196
194
194
195
192
193
193
190
186
183
185
186
183
185
184
187
190
187
188
189
188
190
191
186
188
183
188
188
185
188
184
185
187
186
187
188
185
186
187
188
188
186
188
187
186
187
186
188
188
185
185
186
183
188
188
188
188
186
190
189
191
190
188
186
191
186
190
188
183
189
187
186
187
185
186
189
189
192
196
197
199
195
197
194
191
192
194
193
193
192
193
194
193
194
190
186
192
193
197
196
192
196
194
195
196
195
193
196
192
194
191
188
189
184
185
185
183
186
186
185
186
182
183
185
184
185
181
180
180
180
180
179
177
179
180
178
180
175
176
180
176
178
176
177
178
176
177
178
178
179
178
177
181
177
180
181
178
180
178
176
179
179
182
182
179
181
180
183
184
180
181
180
181
181
182
184
183
182
182
182
179
182
183
181
183
179
181
181
181
180
180
181
182
179
185
184
182
184
183
183
185
181
178
181
181
182
182
183
183
180
183
184
182
185
181
181
181
178
181
181
181
177
178
177
180
178
182
180
180
178
179
181
184
181
181
181
179
181
180
180
181
177
179
180
177
178
176
176
180
174
178
181
178
181
181
182
184
179
183
181
179
180
178
178
180
175
177
177
177
179
179
179
179
176
178
180
178
180
179
177
181
177
179
182
179
179
177
176
177
176
179
179
178
179
180
178
183
178
180
179
177
178
179
178
179
173
176
175
172
175
173
174
179
176
179
181
180
180
179
176
178
174
176
175
174
175
176
175
177
172
174
172
175
175
178
175
177
175
176
176
175
175
175
174
175
173
176
177
174
174
174
171
174
172
175
174
174
173
173
173
176
171
175
172
171
171
172
170
172
169
173
171
173
173
172
174
177
172
173
174
174
173
172
172
174
172
173
171
172
172
171
172
175
170
172
169
170
171
172
172
173
170
174
172
175
173
170
169
171
167
171
173
173
173
171
170
173
170
172
171
170
171
168
171
172
167
172
168
169
171
172
171
174
170
174
173
173
171
167
168
171
167
172
171
170
171
169
171
173
169
171
170
169
170
169
172
173
166
169
166
166
169
170
169
172
167
170
170
172
170
168
169
171
166
170
170
167
169
168
165
169
165
168
168
168
169
169
172
173
168
173
174
172
174
174
170
173
167
170
169
169
167
167
167
171
167
172
171
170
169
171
169
173
169
170
170
170
170
170
171
173
169
170
170
169
171
170
169
171
167
171
170
170
171
170
168
171
166
171
167
167
169
167
165
168
163
168
168
169
170
171
173
174
172
175
172
170
172
168
167
170
166
169
170
168
167
166
166
168
167
171
168
169
170
169
170
174
168
169
170
170
169
168
169
171
167
169
165
166
170
166
167
170
166
170
168
170
169
167
167
169
164
168
166
165
168
167
167
170
165
169
168
169
170
168
169
172
166
168
167
165
169
166
167
167
164
167
169
166
166
165
164
169
165
169
167
166
167
167
168
173
167
169
167
166
167
167
166
172
167
169
166
166
167
166
166
168
164
167
169
165
165
166
163
165
163
167
166
166
168
167
169
172
164
165
166
165
165
168
165
167
163
168
167
167
166
165
164
168
167
168
169
165
165
163
163
164
163
167
165
165
165
165
165
167
164
164
163
163
164
165
163
164
162
162
162
160
160
160
160
162
158
165
162
161
162
162
165
166
166
166
165
164
164
163
164
163
159
164
160
162
163
163
162
163
161
163
164
165
163
163
163
164
161
163
163
164
163
162
162
162
163
164
161
160
162
160
163
164
160
162
161
161
161
160
160
160
156
162
155
160
155
157
160
158
159
163
160
160
161
161
162
162
160
160
157
161
159
161
161
160
156
161
156
160
158
161
157
162
157
163
158
164
158
159
160
159
159
164
157
160
159
158
159
160
153
160
157
159
160
155
162
158
158
161
154
158
159
154
155
157
155
157
158
157
157
156
158
161
155
164
156
159
159
156
156
158
155
157
156
155
156
154
158
157
153
157
154
155
158
156
156
157
155
156
157
158
158
155
156
157
154
157
155
155
156
154
154
156
153
156
155
154
155
152
155
155
153
154
152
151
155
151
151
154
153
156
155
154
154
150
153
153
151
155
154
151
152
152
154
155
152
153
152
151
154
152
155
153
150
151
151
149
154
151
153
154
151
154
154
153
153
149
152
151
149
152
151
150
151
148
150
151
145
148
150
149
148
147
150
149
148
154
149
150
154
150
153
152
152
152
153
149
149
147
148
151
148
153
151
150
153
150
153
155
150
151
150
150
150
149
151
151
145
150
148
147
150
147
148
151
147
150
151
149
152
148
150
153
147
149
147
147
146
145
147
148
142
145
145
146
149
148
149
150
148
152
150
150
153
147
147
148
144
148
146
145
147
144
144
148
148
149
149
148
151
151
150
152
147
149
147
146
149
146
148
150
147
148
146
144
149
145
147
149
146
148
149
147
149
147
146
147
146
146
145
143
147
143
144
146
147
143
146
147
149
151
150
151
148
148
147
145
147
143
146
145
145
145
147
145
145
142
142
146
145
146
144
142
146
144
146
147
145
145
145
145
145
143
147
146
142
145
141
145
144
142
150
144
144
146
146
144
145
142
142
144
142
142
142
144
143
145
146
147
144
144
145
145
146
143
145
145
143
142
145
147
144
142
144
145
141
146
145
145
148
141
144
143
145
144
144
144
142
143
148
147
142
144
143
142
144
142
143
144
143
144
141
141
142
140
142
141
139
144
141
142
142
140
143
146
143
144
143
143
146
143
147
145
139
140
139
142
144
141
142
143
142
143
140
143
144
139
143
141
140
143
140
140
140
138
139
139
139
141
140
139
142
141
143
141
142
141
141
140
144
142
140
140
139
141
139
139
138
135
138
139
137
141
141
139
144
142
143
145
144
141
139
139
138
139
140
139
134
138
137
138
144
137
139
139
141
141
141
145
140
138
139
140
137
141
138
135
140
135
139
136
137
137
137
137
140
138
142
140
138
140
135
139
139
137
140
135
135
137
137
135
135
131
143
139
140
143
139
143
142
139
142
140
138
139
139
138
140
136
141
138
136
133
133
137
140
135
138
139
137
140
139
138
141
135
140
138
138
138
136
138
141
135
137
139
135
140
137
139
142
137
140
136
138
139
136
135
139
135
138
137
136
141
140
140
140
135
139
140
137
137
135
135
140
135
139
141
135
137
137
138
138
137
139
140
136
137
136
134
139
134
137
136
136
138
136
136
139
133
135
137
137
138
136
136
140
137
137
136
133
135
136
133
135
137
135
136
134
137
136
137
137
135
138
137
136
137
139
134
135
130
132
134
135
137
136
137
137
135
138
138
132
137
136
135
138
135
138
136
134
135
132
135
135
134
135
136
133
137
134
132
137
134
136
135
138
136
133
131
135
132
133
133
130
131
130
133
135
135
138
134
137
138
138
138
139
134
135
133
132
133
131
133
133
130
130
132
133
132
133
131
136
132
138
135
134
133
131
132
133
132
133
134
134
136
131
133
134
130
135
132
134
138
133
134
134
133
133
133
131
130
128
130
130
129
132
130
131
129
130
132
137
133
135
136
132
135
132
133
133
130
133
134
134
135
133
131
135
129
131
134
132
135
132
134
136
133
135
134
133
132
131
131
136
130
134
133
132
132
132
131
131
130
132
132
131
135
132
129
132
128
129
131
129
129
130
131
133
129
131
133
130
131
130
132
135
127
126
127
127
128
134
133
133
131
132
131
132
133
130
133
131
131
131
132
134
130
130
130
132
131
133
132
133
132
130
130
131
130
130
130
130
130
129
130
128
127
125
123
125
127
126
127
129
132
134
136
132
133
132
136
134
132
134
129
128
128
129
128
132
129
130
131
131
133
132
133
130
129
129
131
131
132
129
130
129
126
126
125
126
129
128
131
131
132
131
130
130
132
130
130
132
127
128
128
129
128
128
125
123
123
125
126
127
129
129
132
131
130
135
133
132
131
128
128
132
130
130
128
126
125
121
127
129
128
131
130
130
130
131
130
132
128
130
127
125
126
122
125
124
123
124
124
123
125
125
124
126
125
127
126
125
127
125
126
124
122
121
124
123
126
125
124
126
122
128
131
131
132
128
131
131
127
126
125
123
125
122
125
126
124
126
125
123
123
122
124
125
125
125
126
125
129
129
130
129
127
126
126
129
128
127
125
127
123
126
124
120
126
123
125
124
126
124
124
121
121
120
124
122
120
123
121
124
125
124
122
124
122
124
125
123
124
121
127
125
123
130
129
128
127
124
126
124
123
124
124
122
124
120
126
124
123
122
123
125
127
126
125
127
123
128
128
127
126
120
125
125
122
126
122
120
124
122
122
124
119
125
123
124
127
123
127
126
125
126
126
125
134
132
131
127
119
124
123
123
123
121
123
126
123
125
123
120
124
119
122
127
121
124
124
122
122
121
120
124
122
125
125
123
131
126
126
125
122
123
124
124
124
122
122
124
119
122
120
116
120
121
124
124
123
122
125
123
127
126
125
127
122
124
122
121
124
122
121
122
120
119
124
122
124
122
123
125
122
126
125
124
123
122
123
125
119
121
121
121
122
120
120
121
121
122
122
122
122
122
123
125
122
122
123
120
121
117
119
120
122
122
121
121
122
123
123
126
122
126
126
123
124
124
122
120
121
121
121
123
124
120
123
122
119
119
121
122
122
121
124
122
123
123
123
121
122
118
121
122
119
119
121
122
120
120
118
117
117
121
120
121
122
117
121
117
116
117
117
118
120
118
121
122
121
123
121
121
124
118
122
120
120
120
120
120
123
121
122
122
119
122
121
124
123
119
120
118
118
118
118
117
122
118
120
117
120
120
120
121
119
117
120
120
117
118
120
117
120
117
118
116
116
117
113
118
117
115
118
121
120
123
119
120
123
120
123
122
123
122
121
118
119
116
120
120
118
119
120
120
122
122
122
120
119
118
119
121
121
119
120
119
117
119
117
117
119
119
121
121
120
121
123
121
123
118
121
121
122
120
119
118
119
115
116
115
114
117
118
119
122
118
122
121
122
124
120
122
120
117
119
119
118
118
117
115
118
114
120
118
120
120
118
119
122
118
122
120
118
119
117
119
119
117
123
118
119
119
117
118
120
117
120
120
120
120
120
120
121
117
121
116
116
115
115
116
120
115
119
118
119
119
121
121
123
119
123
122
119
122
119
118
120
115
119
119
119
120
118
118
118
113
119
118
118
120
119
120
125
118
121
119
117
117
119
116
120
115
119
117
116
119
115
115
119
116
119
122
119
121
119
115
119
114
116
116
117
118
116
117
122
117
118
118
116
119
120
119
121
116
120
118
118
120
119
118
122
118
120
124
119
120
120
117
119
117
119
119
119
120
118
118
122
117
120
121
120
121
121
118
120
116
119
119
118
118
117
115
119
115
116
116
114
116
114
116
120
118
119
119
118
118
117
118
120
116
117
116
115
116
117
116
118
114
117
118
120
121
119
118
121
117
119
119
119
119
119
118
119
116
116
117
118
117
117
119
123
118
120
120
120
120
121
118
120
116
118
117
118
116
112
112
115
113
120
120
119
119
119
120
123
120
120
118
118
117
115
117
118
114
115
114
114
114
117
116
118
115
119
120
120
118
117
116
119
115
119
118
116
117
116
116
117
113
115
114
115
116
116
117
118
114
118
118
116
117
116
114
116
110
113
114
115
115
113
113
116
114
121
119
117
119
118
118
120
116
116
116
114
114
113
115
116
113
116
115
114
114
114
113
116
113
116
117
118
117
117
116
118
114
119
116
115
117
117
117
119
116
115
116
116
117
117
118
119
117
119
118
116
116
115
113
116
114
116
117
119
118
116
116
115
114
119
117
115
115
116
116
119
115
116
114
115
115
114
115
116
115
117
114
115
115
114
115
117
113
117
116
115
115
115
116
116
115
118
115
115
115
114
116
118
113
115
113
115
116
114
113
115
112
114
114
115
117
113
115
117
113
117
118
117
116
115
115
114
112
117
114
115
115
113
116
120
115
117
115
116
115
114
116
116
112
118
114
115
117
111
114
117
114
117
119
118
118
116
117
119
115
118
115
113
116
114
114
118
111
112
111
110
114
113
116
117
114
118
118
118
121
116
117
118
115
118
118
114
116
112
113
114
111
116
116
114
116
115
116
118
114
116
114
114
114
114
114
115
111
114
114
113
114
110
113
116
113
117
117
115
116
116
115
117
115
114
113
112
111
110
111
114
108
113
112
110
114
118
116
