83
79
87
72
73
79
71
84
76
79
86
81
80
88
67
83
75
71
82
68
74
76
71
79
67
65
69
61
67
87
63
81
73
79
86
78
79
80
70
81
73
67
77
61
63
71
60
70
63
69
77
70
76
78
66
87
78
74
88
70
83
89
70
90
76
79
86
78
75
80
60
80
75
75
83
66
79
81
71
88
75
63
70
63
67
75
61
88
78
77
73
69
78
87
71
83
75
74
89
77
81
91
65
84
71
73
77
67
74
83
66
81
75
65
78
66
77
76
69
84
73
74
81
72
76
84
65
85
75
71
82
73
75
75
59
68
71
75
78
65
69
77
59
78
74
67
79
69
80
82
73
84
73
74
78
56
62
71
60
78
70
74
80
71
79
82
69
82
73
73
79
66
68
73
64
81
68
68
68
60
67
75
70
78
72
74
84
70
86
84
71
86
71
73
76
70
77
79
58
67
61
65
77
67
77
76
72
92
82
80
85
70
77
77
60
71
65
72
80
67
82
73
62
73
72
72
82
72
78
86
70
88
74
78
78
69
70
77
64
81
71
68
74
59
66
74
67
80
65
70
73
65
72
68
55
71
60
56
66
55
64
70
61
71
59
60
61
61
69
77
60
80
70
71
76
65
79
78
70
80
68
72
74
69
81
79
60
78
69
80
89
70
80
83
72
86
78
79
83
67
78
81
61
84
67
77
76
62
66
71
60
73
65
61
67
57
70
73
63
79
66
72
82
71
77
86
70
90
71
74
76
57
70
75
64
83
72
74
85
76
81
90
67
85
70
71
78
63
75
75
61
68
70
64
80
63
74
81
68
90
78
78
82
69
76
78
64
78
71
69
79
62
65
70
59
67
67
70
82
76
85
91
80
90
84
81
88
69
80
73
64
76
72
70
71
63
65
76
67
83
70
72
80
67
79
82
69
79
74
71
75
70
81
79
69
82
65
76
77
66
86
79
70
80
81
75
83
71
87
79
71
84
66
72
78
67
81
80
68
80
72
78
85
76
89
81
70
78
67
75
76
61
70
73
63
78
75
73
79
60
68
65
59
71
63
66
79
61
77
77
64
83
67
72
83
64
75
72
64
77
70
74
74
64
77
78
62
81
69
72
78
65
82
84
71
85
74
76
87
68
87
78
67
83
69
68
75
67
75
75
66
79
70
74
83
68
80
76
67
80
70
71
76
64
72
73
65
75
68
72
82
67
87
82
70
85
77
79
82
67
80
80
70
88
76
82
78
72
73
68
65
80
73
71
80
74
83
83
78
89
73
74
81
68
82
75
74
84
72
74
80
64
80
78
71
84
76
81
84
74
85
78
67
84
67
75
78
62
74
71
63
67
59
70
70
61
75
71
62
76
67
71
81
62
72
65
60
68
61
64
73
61
65
71
58
82
67
73
79
67
72
76
68
78
69
69
76
61
79
75
70
85
74
77
82
66
76
76
70
87
76
79
86
69
82
77
70
88
68
74
75
66
78
80
69
83
68
71
74
68
87
83
74
82
72
77
85
67
79
79
69
87
75
81
86
70
86
79
65
79
68
74
82
64
78
84
68
82
72
80
76
67
79
72
62
74
63
65
78
57
66
64
57
71
70
69
70
57
69
71
64
81
62
64
72
57
65
68
60
68
57
61
60
50
66
68
59
73
62
69
79
64
84
75
68
77
68
68
72
58
71
70
60
67
54
55
63
56
71
74
67
81
70
72
78
63
72
67
67
76
65
75
82
67
76
73
63
74
75
74
81
67
80
77
77
86
74
73
78
65
77
73
62
72
67
70
74
64
74
71
71
82
71
78
79
64
78
72
64
73
64
73
77
65
80
74
78
82
68
72
73
65
81
75
69
79
68
77
77
69
78
71
68
80
68
76
78
64
79
71
67
76
65
74
78
65
73
66
70
77
63
68
74
60
77
74
70
82
70
81
86
73
82
68
65
79
64
76
78
63
79
74
75
86
69
74
78
61
72
71
72
81
67
69
73
58
77
75
66
82
67
73
80
67
81
74
66
78
63
73
76
64
77
71
60
69
58
52
66
58
76
75
72
83
72
77
86
72
89
80
73
83
71
74
82
68
81
72
71
76
71
80
83
66
81
80
75
88
76
76
84
71
83
77
73
80
70
73
75
60
73
68
70
80
66
71
79
63
76
76
74
77
65
69
68
52
64
63
63
73
63
64
71
64
82
78
75
79
69
74
79
65
87
71
67
78
66
74
83
68
84
75
70
79
66
83
84
69
84
76
75
89
73
81
82
65
77
75
70
80
79
67
65
80
71
-188
-191
-281
34
-464
-461
-460
-457
-457
-452
-428
-427
-414
-417
-412
-412
-413
-411
-411
-412
-412
-411
-411
-409
-410
-410
-410
-410
-410
-410
-410
-409
-410
-410
-410
-411
-410
-411
-411
-411
-413
-414
-415
-412
-412
-411
-412
-414
-415
-416
-418
-419
-426
-438
-453
-460
-462
-462
-463
-463
-464
-464
-465
-465
-468
-470
-472
-470
-468
-466
-465
-463
-462
-456
-400
-363
-323
-293
-257
-231
-199
-180
-153
-137
-123
-102
-92
-75
-60
-48
-35
-25
-21
-6
1
10
17
18
24
24
35
30
34
36
38
41
44
41
40
38
44
48
53
50
51
53
55
50
52
51
53
46
49
46
46
47
43
43
40
34
40
44
44
41
40
36
37
32
33
26
30
20
20
19
20
10
9
5
7
0
0
-3
-11
-14
-11
-16
-18
-17
-23
-24
-24
-29
-28
-31
-37
-40
-40
-46
-49
-51
-46
-55
-56
-61
-67
-69
-63
-69
-73
-75
-73
-78
-74
-78
-79
-86
-83
-81
-84
-80
-80
-79
-79
-87
-88
-87
-92
-91
-92
-88
-88
-85
-79
-82
-81
-82
-84
-82
-78
-87
-85
-81
-82
-82
-78
-81
-83
-87
-86
-81
-77
-78
-75
-74
-72
-71
-68
-63
-69
-64
-58
-56
-54
-51
-50
-48
-46
-54
-50
-53
-41
-44
-35
-33
-29
-31
-19
-17
-14
-12
-11
-6
-2
-2
-3
1
5
5
7
15
16
9
21
22
28
29
33
29
40
37
40
45
48
46
49
49
54
54
67
68
65
66
69
68
79
80
78
84
85
91
92
93
97
87
90
91
94
93
98
94
101
99
99
106
102
106
113
116
120
123
125
125
128
128
135
131
140
136
139
141
140
143
148
150
145
143
142
149
153
158
157
155
157
155
156
162
159
155
161
158
162
160
163
163
165
162
163
163
168
170
171
171
172
167
172
172
169
173
174
177
178
181
182
184
185
186
185
186
183
175
177
180
186
186
190
190
194
196
197
200
201
194
192
192
193
189
190
195
196
190
189
186
193
198
193
193
193
194
196
202
200
193
195
195
197
193
195
195
193
194
192
192
195
184
184
189
188
194
200
200
200
201
202
204
202
201
201
200
205
196
195
204
196
196
195
192
200
204
203
200
201
200
205
202
211
203
202
207
204
205
208
207
207
206
202
199
202
197
200
201
208
201
202
210
204
203
212
206
198
204
196
198
197
197
194
198
200
196
197
197
204
200
209
200
199
196
196
199
199
195
195
195
194
187
192
198
201
194
195
193
191
184
187
191
189
189
190
197
197
199
198
195
198
191
193
191
191
188
190
191
201
188
185
189
186
188
190
191
193
186
182
184
187
183
180
182
185
182
184
183
187
179
173
176
168
173
174
164
171
171
173
173
179
174
172
170
169
168
169
170
166
167
163
164
158
168
165
163
163
162
163
165
164
161
162
162
156
159
155
159
155
154
153
149
151
143
143
137
139
140
145
142
143
131
141
148
147
150
140
142
135
135
128
132
128
124
122
120
120
116
118
120
125
121
117
124
122
123
120
122
120
113
114
106
107
103
102
103
99
99
95
95
97
96
97
100
92
99
92
101
92
99
85
85
92
85
84
84
89
89
84
86
84
82
90
91
90
90
94
89
93
83
83
74
77
76
70
77
74
76
70
71
65
66
58
56
61
64
65
68
66
63
62
60
62
58
58
58
56
55
51
51
59
60
51
48
44
48
55
54
53
48
46
52
50
58
57
55
52
54
57
67
58
62
66
64
65
60
56
56
56
57
55
61
64
66
65
67
68
64
66
70
63
60
61
62
67
66
64
68
56
58
57
69
64
60
61
63
62
66
66
65
67
62
62
60
63
61
56
56
50
47
52
58
56
58
51
62
65
70
72
70
68
69
69
74
68
68
59
61
58
61
54
54
57
64
68
70
70
67
73
71
73
72
71
71
65
68
63
63
58
65
62
60
52
54
63
66
69
65
64
65
77
75
72
74
66
70
66
68
68
64
68
72
66
70
76
69
79
80
81
83
81
84
76
81
76
77
72
77
77
78
73
77
81
85
82
76
73
74
72
85
77
78
83
82
88
93
90
90
84
81
92
76
89
87
77
88
78
76
80
76
81
88
73
88
79
77
93
76
83
85
80
98
88
84
101
83
98
97
78
99
78
89
100
84
102
91
85
100
92
94
110
89
106
104
90
113
100
107
112
100
104
105
90
119
106
102
114
101
116
119
103
121
112
112
118
110
117
121
106
134
120
114
128
106
113
121
109
127
115
121
135
127
133
140
122
150
134
133
140
128
140
144
129
140
130
127
138
131
140
143
125
144
136
139
149
135
138
147
129
143
136
133
148
133
138
146
125
140
137
141
147
139
143
151
134
151
140
135
149
136
147
145
127
144
132
139
147
134
140
145
136
141
161
156
166
151
161
156
149
162
149
151
161
147
152
167
147
169
152
156
164
149
167
166
150
169
162
164
179
161
169
171
157
174
163
159
168
153
165
169
152
171
157
163
171
159
170
172
161
171
160
166
164
157
168
169
154
174
162
162
179
163
171
173
157
177
168
163
171
159
167
173
155
177
162
163
169
161
167
171
159
175
169
164
169
160
162
174
157
178
163
170
172
161
173
172
158
176
170
163
170
155
168
172
163
167
151
166
164
158
171
168
155
175
166
164
174
172
176
178
166
182
169
175
178
162
165
168
147
172
162
164
173
157
172
167
164
175
166
168
173
165
174
177
158
183
165
169
173
159
172
167
159
177
164
168
179
163
172
180
159
184
160
166
169
155
168
176
157
174
160
153
168
145
170
170
157
179
162
173
175
169
168
176
153
177
154
171
173
160
173
172
155
172
161
156
173
158
167
172
160
183
164
167
173
159
179
170
155
173
165
165
175
169
166
166
150
176
161
169
170
159
173
175
155
178
167
159
174
155
168
165
155
175
162
166
166
159
168
169
155
169
159
162
168
154
168
165
158
171
160
164
160
155
162
165
150
175
157
157
166
152
168
162
156
172
160
162
171
164
176
168
151
170
151
163
166
153
166
155
149
161
151
159
161
149
168
162
156
181
160
169
169
161
173
174
162
171
162
162
166
146
163
152
147
163
148
163
166
150
165
163
150
173
154
161
161
145
167
160
149
172
149
153
161
139
155
161
144
168
150
158
169
146
169
158
150
164
149
150
159
144
151
148
137
157
144
147
157
147
160
152
151
167
156
159
168
145
159
153
143
159
146
149
156
146
149
153
138
152
150
147
161
141
160
153
148
163
151
154
156
144
150
154
140
158
144
146
153
136
149
150
141
153
148
149
154
143
155
155
139
155
141
148
158
149
157
159
153
160
153
151
155
146
157
153
149
163
141
150
153
149
156
156
143
155
145
149
161
141
156
150
137
156
138
147
152
145
154
155
143
159
151
158
162
139
158
154
151
158
147
156
156
145
154
152
134
156
138
143
150
143
158
152
149
167
149
159
162
142
153
155
142
163
149
153
152
140
148
152
149
161
147
154
163
144
162
158
145
160
144
153
152
147
151
153
142
159
143
146
152
140
157
154
147
163
144
156
158
150
156
157
146
159
144
147
147
138
154
144
137
145
139
147
156
147
161
155
147
163
145
152
152
136
148
150
140
157
145
146
153
133
147
146
138
155
140
148
147
134
152
143
137
152
137
140
152
133
148
145
138
151
139
146
145
133
147
150
137
155
132
140
148
133
151
141
137
147
138
141
148
136
156
151
140
154
136
139
149
131
144
140
132
149
142
146
154
137
145
144
131
153
137
140
146
131
143
137
123
141
138
140
146
130
147
141
142
149
136
139
145
133
142
142
134
143
132
135
135
124
129
131
123
136
127
132
136
129
143
149
136
150
139
140
146
132
144
137
132
138
127
132
144
133
150
141
131
146
140
148
148
137
149
142
138
150
134
137
141
131
145
145
132
143
130
142
144
135
150
142
137
146
138
143
148
128
138
133
126
129
126
130
134
119
129
124
122
143
129
137
144
130
143
139
130
138
120
124
131
121
137
132
128
142
125
130
139
114
132
131
130
143
134
139
143
130
143
136
129
142
130
135
137
124
138
142
124
132
122
123
136
127
139
131
124
139
127
125
134
117
128
132
126
137
134
133
139
125
134
126
116
127
114
122
129
118
128
134
124
135
128
129
135
127
134
129
124
131
127
128
134
116
126
128
128
139
132
134
137
129
141
139
139
141
133
133
137
126
132
133
127
136
122
121
124
121
132
129
122
136
127
134
145
131
148
135
136
148
137
138
139
126
139
128
128
135
124
130
140
125
138
134
136
144
131
139
139
130
141
135
131
141
131
142
141
121
135
121
118
135
130
138
140
124
140
133
135
141
122
127
131
121
133
125
116
128
121
121
122
110
132
130
131
139
126
135
138
120
133
128
123
134
125
126
130
120
135
125
125
132
123
123
131
121
140
130
126
132
123
129
139
126
138
132
125
131
124
128
136
120
129
124
119
128
121
126
131
115
131
132
126
133
125
124
131
117
139
128
131
142
132
139
141
123
133
125
122
131
124
128
136
124
135
126
123
135
127
124
131
119
132
130
129
137
124
122
127
115
139
133
131
139
130
133
141
124
138
126
125
134
124
130
135
119
134
126
119
130
110
118
126
111
128
127
123
134
126
133
140
125
141
129
127
130
122
124
131
118
128
122
116
128
125
128
134
124
135
131
130
142
125
128
137
121
134
132
129
138
127
127
130
118
128
124
124
131
123
128
143
125
138
131
127
130
121
121
119
108
126
117
117
130
115
117
123
115
137
134
132
139
127
130
132
120
129
122
117
125
113
124
133
118
133
122
116
121
119
127
129
117
132
124
124
132
122
126
126
114
130
128
120
130
118
127
126
111
133
121
124
131
118
127
128
116
128
116
118
127
115
122
125
110
131
122
124
128
116
119
119
99
123
116
112
123
111
125
122
113
129
117
114
124
110
119
125
106
131
121
111
120
109
113
120
106
121
114
116
125
107
118
121
103
125
115
109
122
109
120
120
107
117
106
99
113
102
116
118
108
123
115
119
124
117
120
121
108
122
110
115
121
107
113
116
103
114
115
114
122
108
117
121
109
122
113
112
119
108
121
119
107
119
112
109
118
107
111
111
104
123
111
118
121
112
120
120
113
128
117
113
117
104
113
114
107
120
107
112
116
105
127
121
108
125
109
110
117
102
113
111
100
114
101
112
110
99
111
111
98
121
102
107
117
104
117
120
109
123
113
121
125
106
129
125
106
128
117
118
129
115
125
121
105
130
120
125
129
118
125
123
114
138
123
118
128
117
129
134
121
132
123
115
119
104
115
119
109
130
118
119
129
115
121
122
108
124
112
117
120
107
118
118
107
122
106
104
115
101
113
118
103
117
109
111
121
108
120
115
102
119
108
108
121
104
113
108
97
104
101
104
109
98
111
109
104
123
114
115
121
110
118
118
105
116
106
110
115
103
114
108
100
117
109
108
121
102
115
115
106
122
108
107
113
99
110
109
96
117
100
100
104
87
111
110
100
114
101
108
115
103
116
113
99
113
102
101
113
96
114
111
100
116
113
111
122
113
126
120
112
130
114
116
120
104
114
117
104
120
106
107
116
104
114
103
95
116
103
107
116
98
113
106
98
115
111
104
113
96
110
106
102
117
101
106
111
96
103
110
102
116
104
105
110
100
112
108
103
117
103
110
121
103
113
116
106
122
111
109
107
100
117
110
108
120
106
111
121
106
120
113
98
118
103
109
117
108
117
101
98
110
98
107
116
98
112
108
102
117
103
106
112
97
108
108
104
115
102
105
114
94
111
97
94
116
112
108
116
105
115
117
112
129
116
118
118
99
112
106
98
114
106
103
112
93
114
114
109
122
106
113
120
97
126
120
108
119
111
112
120
104
116
115
109
117
104
109
113
102
116
114
110
118
110
111
120
103
107
103
104
108
93
99
104
96
110
103
96
104
99
101
114
97
110
106
99
108
99
99
104
93
106
104
94
116
100
105
108
90
108
100
99
112
98
104
110
99
122
112
103
112
96
105
112
96
120
103
97
109
97
102
102
92
112
105
100
112
95
106
106
96
104
101
101
111
99
105
110
94
123
104
98
100
92
109
116
102
112
112
102
120
105
117
123
96
115
109
106
117
101
107
109
96
108
105
94
117
99
108
112
94
119
110
103
117
102
106
119
95
116
101
99
115
101
103
101
84
103
106
95
115
99
101
118
101
115
115
101
114
98
104
111
98
109
108
103
113
100
102
117
97
117
110
106
116
108
111
118
102
108
109
101
114
100
103
111
100
110
104
94
103
99
103
112
107
112
107
101
114
97
102
106
88
107
94
92
105
99
98
106
92
112
101
100
121
104
105
109
99
109
106
91
115
97
105
112
96
113
101
102
116
98
104
102
91
112
103
96
111
100
109
115
98
118
101
106
111
100
103
102
92
112
106
95
111
89
103
107
96
100
100
98
105
99
104
118
94
120
104
101
116
102
110
113
98
111
98
96
114
100
106
113
95
121
109
105
120
103
106
111
106
114
105
100
113
101
106
109
88
112
103
106
117
110
111
121
108
123
115
114
125
110
116
121
103
125
113
111
110
97
100
111
102
122
120
110
129
123
129
134
116
126
115
112
122
107
111
117
97
119
102
104
108
99
108
109
91
114
98
99
108
94
104
109
92
110
95
97
102
96
106
106
88
105
92
97
108
97
100
111
91
116
100
103
102
90
96
99
78
110
101
94
115
93
100
102
88
113
98
101
100
92
103
104
89
106
93
97
110
92
105
102
88
109
98
97
100
89
98
109
93
118
99
99
111
93
107
109
98
113
105
102
110
97
109
111
91
108
91
97
101
90
102
96
80
99
93
96
103
96
103
107
94
119
93
105
104
96
98
103
83
95
95
97
102
88
107
101
93
106
99
101
107
95
