61
51
66
58
58
59
42
59
57
53
68
56
57
60
49
67
65
54
63
52
54
58
47
59
55
39
53
40
44
55
40
60
53
53
74
67
66
77
56
62
59
52
62
50
55
61
50
63
57
43
65
58
56
67
63
70
71
62
70
67
71
73
57
71
71
58
74
67
63
66
53
60
65
67
77
65
65
72
56
73
72
60
65
55
54
62
48
62
59
59
65
58
61
66
57
68
68
59
70
62
61
67
58
64
61
54
62
57
55
65
54
68
60
52
62
50
58
66
54
67
67
63
69
63
70
72
56
67
62
52
70
55
58
62
46
60
55
49
61
52
55
57
44
67
62
56
71
59
60
72
57
71
72
65
74
61
61
58
40
62
59
56
75
65
70
75
58
68
70
59
68
58
60
64
54
70
66
56
67
59
54
74
60
73
69
65
74
65
73
78
64
76
71
63
76
62
57
65
58
63
60
47
57
48
54
62
50
69
70
64
77
64
68
76
52
62
54
48
63
58
59
62
45
59
53
53
72
61
65
73
59
71
74
65
72
62
58
64
56
68
65
61
70
58
59
67
57
71
74
65
79
71
73
79
66
79
63
58
71
57
54
63
51
62
63
51
65
58
67
79
73
81
74
63
74
67
70
86
64
82
76
70
78
70
74
80
61
70
66
64
77
66
69
76
61
76
75
69
83
71
73
79
71
79
70
62
71
65
69
74
54
64
63
52
59
53
55
65
51
62
56
54
64
55
58
62
51
69
71
65
72
60
55
64
60
66
61
56
69
57
68
77
62
68
66
60
69
66
66
71
57
64
55
54
54
47
56
60
46
66
63
53
65
55
58
56
48
64
59
57
66
58
65
62
41
54
47
45
59
50
58
60
44
62
54
59
66
54
60
62
42
58
45
44
55
35
45
48
36
59
52
49
57
43
61
60
45
63
48
45
59
45
49
52
33
54
45
45
52
37
48
57
40
63
47
48
60
49
57
66
50
59
47
45
53
37
52
54
36
56
47
41
62
54
58
68
54
65
60
55
65
52
49
58
38
66
54
48
59
49
51
58
39
51
47
50
60
49
61
65
52
67
64
60
69
58
59
66
54
68
70
68
67
53
57
63
52
72
64
62
67
62
60
75
59
72
65
64
73
65
75
76
63
78
66
68
76
61
67
73
58
73
69
73
76
67
74
76
63
76
66
69
75
59
65
76
54
67
57
61
67
62
66
72
59
73
70
73
86
66
76
78
65
81
74
73
81
64
72
74
52
70
63
60
71
64
74
85
69
86
76
73
85
69
75
78
60
78
68
65
73
57
62
68
64
80
74
71
85
67
75
79
65
80
69
69
77
66
74
79
58
68
59
52
68
65
72
74
60
73
70
71
80
66
69
75
56
70
68
59
63
53
58
64
61
71
70
73
83
68
77
86
68
86
74
70
72
64
69
70
55
68
61
65
73
56
55
59
49
68
66
64
71
63
67
74
68
78
66
64
68
55
60
68
58
70
57
55
61
55
64
72
57
71
64
76
76
62
67
68
56
69
67
65
72
63
65
73
59
66
58
60
65
57
65
69
53
66
60
54
66
58
63
67
57
68
62
70
71
61
67
65
52
76
70
73
80
65
67
77
69
82
66
69
74
60
73
73
57
73
63
57
67
57
57
64
56
70
60
66
73
58
69
78
62
84
68
69
75
59
70
73
63
71
59
57
60
55
71
74
60
74
71
72
76
68
76
78
64
80
69
74
78
66
75
73
55
71
62
63
69
57
65
80
66
79
69
68
74
58
74
75
56
71
60
60
65
51
58
60
48
71
66
74
81
65
78
79
67
86
55
64
69
57
61
71
57
69
53
55
59
45
66
66
55
68
62
63
76
64
70
73
54
72
62
63
65
54
66
70
52
68
57
52
67
62
61
66
53
71
58
56
62
48
57
57
36
61
53
55
72
58
64
67
56
68
64
64
67
57
60
64
57
71
62
58
65
51
60
63
50
65
58
65
60
46
52
59
48
64
56
56
64
51
61
62
50
59
55
52
58
47
63
58
47
63
44
49
52
40
45
57
39
53
46
48
53
45
61
52
44
61
45
54
62
47
55
50
38
47
47
49
60
51
40
65
60
75
57
-116
-330
-216
182
-461
-462
-456
-454
-455
-455
-453
-453
-431
-435
-429
-418
-425
-417
-416
-423
-413
-418
-413
-414
-417
-411
-414
-416
-414
-415
-416
-415
-417
-412
-415
-417
-412
-418
-415
-418
-418
-427
-434
-423
-415
-419
-415
-424
-424
-431
-441
-456
-460
-461
-461
-461
-462
-462
-463
-464
-464
-466
-469
-470
-468
-467
-465
-463
-462
-462
-460
-420
-380
-341
-300
-277
-249
-224
-198
-172
-142
-134
-116
-94
-78
-72
-63
-36
-37
-30
-31
-21
-9
-3
5
16
23
21
32
30
43
47
46
52
53
53
60
55
56
61
57
58
67
64
69
63
63
70
64
67
63
54
57
57
56
59
56
55
51
50
55
57
53
47
49
48
47
48
47
49
43
44
39
36
39
33
34
29
34
22
29
23
26
24
22
27
19
25
19
24
22
18
8
10
5
-2
-1
-6
-2
-2
1
1
-2
-10
-10
-12
-15
-21
-27
-21
-26
-29
-30
-34
-33
-41
-38
-45
-40
-40
-34
-43
-43
-43
-50
-39
-44
-50
-48
-53
-52
-54
-52
-56
-54
-63
-64
-69
-70
-71
-67
-61
-57
-55
-52
-53
-55
-49
-45
-46
-46
-50
-49
-53
-52
-57
-53
-52
-46
-47
-51
-43
-43
-33
-39
-33
-29
-39
-30
-29
-23
-32
-27
-32
-27
-28
-22
-21
-21
-21
-23
-20
-18
-14
-13
-13
-5
-6
3
7
10
10
13
2
6
12
7
12
12
14
14
21
22
20
26
30
37
34
45
38
46
45
45
43
50
47
41
49
49
54
54
59
58
57
60
57
61
69
78
77
81
76
80
92
87
89
80
87
85
94
90
92
93
87
92
89
96
89
97
97
99
101
101
103
99
107
105
111
102
112
114
119
124
119
123
132
130
132
130
129
129
137
136
137
134
137
134
141
147
140
136
137
140
134
143
143
140
144
135
138
133
138
137
144
140
143
136
152
151
148
153
149
149
152
151
152
149
151
150
157
153
151
143
147
150
151
159
157
162
159
166
168
169
170
163
166
164
167
158
173
161
159
158
161
152
164
165
165
166
163
161
169
168
169
165
164
162
170
168
168
171
164
165
164
168
159
162
167
169
164
164
171
164
173
166
173
174
176
170
168
172
167
165
170
172
161
164
159
170
174
178
177
174
175
174
178
180
178
169
166
166
163
162
164
162
167
167
172
164
171
165
175
170
174
169
176
173
171
172
169
167
165
165
166
165
166
160
171
168
168
161
159
167
173
167
170
167
165
167
163
166
167
153
163
153
164
156
172
158
170
159
165
156
161
162
162
165
158
159
163
158
165
160
161
153
167
158
168
157
163
156
160
152
156
147
150
159
156
155
166
147
162
147
159
154
157
152
157
150
152
145
144
153
147
143
142
137
138
142
139
136
139
130
139
139
149
138
142
143
145
142
146
141
139
143
137
131
142
123
131
132
134
125
126
126
127
128
133
130
125
125
119
121
115
115
116
120
119
110
111
100
109
107
114
108
110
113
112
110
113
104
101
106
101
97
100
95
108
94
93
92
86
89
93
99
95
96
97
108
101
100
100
91
99
89
96
82
88
82
85
86
91
80
79
85
87
89
97
87
89
91
92
86
94
85
91
87
92
91
82
90
86
82
83
79
74
87
88
83
84
76
83
76
88
81
79
70
69
67
74
67
64
68
71
68
59
60
63
64
75
67
67
68
70
62
61
62
57
60
57
58
57
55
60
63
66
59
56
44
51
48
60
53
54
54
57
56
56
57
52
54
51
49
47
46
49
46
48
39
39
41
46
47
44
40
39
43
44
40
42
39
35
39
48
38
45
39
48
42
49
40
34
37
36
38
37
41
37
31
46
41
38
42
41
37
41
34
33
40
40
40
37
38
35
35
44
42
46
38
37
34
44
35
38
34
38
30
38
34
28
35
31
40
33
26
26
24
31
28
31
33
30
39
37
30
42
38
41
41
38
35
34
36
41
32
30
26
26
22
31
24
26
22
30
28
28
31
26
28
27
23
32
28
30
26
32
24
25
24
25
25
32
25
26
33
31
31
33
30
31
27
35
21
28
25
23
23
30
18
28
24
26
33
25
43
30
31
42
27
39
33
27
38
36
24
43
28
44
45
32
39
35
31
52
39
44
47
34
47
58
43
59
45
51
55
42
51
51
44
56
54
53
63
43
62
56
51
68
62
60
67
62
69
70
61
75
66
65
77
61
77
83
74
94
72
75
72
71
84
79
73
90
79
84
93
77
97
83
81
90
88
89
100
82
100
92
85
103
80
92
109
84
101
101
90
106
91
99
100
86
106
100
87
110
93
102
107
85
97
83
85
104
96
91
106
86
111
97
96
119
103
104
110
95
108
108
104
97
93
103
87
109
106
100
113
108
108
119
104
116
118
102
122
118
112
120
105
120
117
106
119
107
107
118
100
118
121
111
129
119
118
124
127
125
125
109
125
111
115
122
108
119
118
108
121
125
123
131
127
137
138
143
144
134
134
138
119
128
134
124
136
132
134
130
128
132
127
121
135
129
134
141
132
140
136
132
140
134
130
140
128
141
137
137
146
131
135
138
123
140
139
132
142
129
132
136
127
135
132
125
136
126
134
141
129
147
141
133
145
134
135
141
125
135
133
132
138
133
141
143
126
140
137
127
143
130
132
143
131
144
140
130
150
135
147
145
133
147
143
134
154
143
140
145
131
146
139
137
149
138
141
146
123
139
142
131
146
129
138
151
140
155
152
143
157
141
154
157
139
152
149
136
151
134
138
142
136
150
146
139
151
142
141
149
134
152
149
139
151
139
142
152
139
154
148
138
150
140
152
157
143
157
149
145
161
144
152
153
140
150
149
140
148
132
137
138
125
142
135
135
152
144
146
158
142
156
152
148
158
143
151
149
133
150
146
140
159
142
145
151
138
156
155
149
156
148
153
156
140
161
148
143
153
142
144
157
135
149
145
135
143
132
139
145
134
150
143
137
158
140
144
144
128
141
138
138
147
137
141
152
134
149
137
133
147
138
144
152
132
146
140
136
152
142
142
150
136
152
146
144
156
142
145
145
126
138
145
140
152
138
144
150
139
156
149
145
150
139
146
155
138
154
147
141
149
143
144
143
135
154
142
140
152
138
147
153
136
152
151
147
157
146
149
149
142
153
139
136
142
129
140
151
132
146
140
139
149
144
146
144
131
145
138
134
151
137
146
153
132
147
140
133
149
136
141
146
136
149
141
137
146
131
137
145
130
146
138
134
145
136
135
137
119
135
134
138
151
139
146
152
137
157
148
141
149
138
142
146
133
146
138
134
144
134
141
152
134
150
145
143
155
151
149
158
141
154
147
152
152
137
144
149
133
150
143
140
149
144
148
154
144
159
154
154
157
149
156
155
138
150
142
140
151
147
154
156
140
156
151
159
162
148
155
161
142
167
153
158
163
150
156
159
149
166
150
151
157
142
153
147
137
156
147
144
154
145
152
157
141
158
146
152
156
143
152
155
141
166
140
147
154
135
147
155
142
156
142
144
148
134
151
150
136
156
145
149
161
144
156
159
136
149
140
141
151
137
146
149
132
162
140
145
157
138
148
153
138
153
142
144
152
136
148
149
127
147
142
142
156
140
146
152
138
158
151
148
155
138
147
151
135
161
144
141
150
131
130
147
131
148
134
142
148
139
152
156
141
149
141
139
150
129
137
142
127
140
133
134
138
134
139
146
128
150
137
141
149
135
143
148
129
148
138
138
145
139
147
143
125
134
130
138
149
131
141
144
135
148
140
141
139
131
133
137
117
133
123
126
133
119
127
134
124
141
136
138
144
134
140
140
122
140
127
128
141
129
134
139
126
139
135
129
134
121
130
138
128
145
132
134
140
130
139
144
122
137
125
121
130
122
128
135
118
133
124
119
132
121
129
130
121
136
130
130
138
120
125
129
123
139
130
132
146
132
138
139
121
135
128
129
133
129
135
143
126
140
134
133
142
124
134
140
123
140
139
131
135
122
121
127
122
137
127
125
129
120
128
143
121
135
129
132
137
126
129
138
121
134
119
123
121
111
124
127
114
131
131
131
138
126
135
141
132
148
133
134
138
120
128
133
115
127
117
123
135
131
134
139
123
139
130
139
140
123
131
135
121
131
130
136
142
122
126
127
118
133
129
134
135
128
145
146
131
144
132
135
142
131
138
136
126
135
126
128
126
111
125
132
123
141
134
136
144
128
140
137
125
133
120
123
127
115
130
133
117
128
117
112
124
118
128
131
122
131
122
128
133
121
127
127
114
135
121
124
126
118
130
122
114
123
119
121
126
113
127
127
114
128
121
122
124
113
119
124
108
121
119
125
127
117
127
126
121
133
123
123
127
116
126
129
124
134
124
124
132
114
130
128
123
135
120
117
127
113
124
127
112
134
124
129
138
121
129
127
116
136
121
121
131
118
128
125
115
130
113
121
123
109
126
125
109
129
120
119
137
118
127
128
123
138
127
130
136
118
119
118
100
132
128
124
129
117
127
130
120
132
119
124
128
118
127
126
112
130
120
115
125
110
118
121
111
125
121
118
127
103
119
123
109
133
117
118
121
109
120
129
114
117
111
107
118
109
122
125
106
133
127
131
144
130
131
131
120
124
116
119
125
112
129
122
112
127
115
116
122
110
121
127
114
127
117
131
122
113
122
117
112
125
117
120
126
110
120
117
112
129
126
124
129
117
126
121
119
127
111
111
119
99
110
120
112
129
112
115
118
109
123
121
114
128
118
120
124
109
123
114
108
127
117
119
122
108
121
119
111
128
112
115
123
108
126
121
114
129
115
114
121
113
124
119
107
126
112
123
119
106
122
114
106
125
119
115
119
106
114
114
109
126
112
114
124
108
124
126
112
129
121
116
121
109
117
123
106
126
109
124
124
112
121
120
113
124
108
109
118
104
116
111
112
118
107
106
106
97
113
116
100
118
102
109
117
109
120
110
103
116
105
117
117
104
112
107
91
115
94
112
112
94
119
108
111
119
116
113
118
103
119
110
99
114
96
100
105
95
106
97
88
111
99
110
114
96
112
106
108
117
101
104
105
96
103
100
98
105
91
97
98
82
114
98
97
106
95
104
110
95
112
104
90
108
86
102
99
84
107
98
95
114
97
99
109
95
121
109
104
117
99
108
109
94
118
99
93
106
94
100
111
90
107
101
93
110
93
113
111
100
111
109
101
115
101
104
108
89
113
105
102
105
97
103
108
92
106
101
96
113
97
104
112
88
112
102
100
105
98
107
117
97
115
108
100
123
98
107
106
94
114
109
103
113
102
107
117
105
127
109
111
126
110
116
123
107
119
118
106
114
102
106
116
96
115
105
102
120
104
115
116
97
111
111
98
113
96
106
110
91
108
89
90
104
95
104
111
96
117
113
108
123
110
113
118
106
117
107
105
115
106
103
110
96
109
112
105
119
106
112
116
106
118
112
104
110
105
107
120
98
115
108
97
112
101
98
107
101
112
109
109
117
107
112
122
101
117
108
103
113
102
105
104
98
106
100
97
104
99
106
113
95
113
100
99
103
106
101
102
90
113
99
101
106
93
110
104
91
108
98
103
108
100
104
109
104
120
106
107
110
96
108
109
96
110
99
98
104
98
97
98
84
112
97
105
100
93
103
101
84
107
92
94
105
90
102
106
92
116
101
100
102
86
108
110
93
109
96
95
114
100
106
118
95
118
104
113
109
97
104
108
88
114
94
96
111
98
107
109
96
113
108
100
108
97
107
112
89
115
101
94
112
94
101
96
80
100
91
99
100
90
96
106
86
119
102
103
108
94
105
104
86
99
90
91
102
81
96
101
89
109
91
100
103
100
103
111
97
104
98
96
103
87
99
99
89
112
90
94
92
92
96
105
87
108
94
95
110
91
106
94
88
102
87
84
103
84
97
97
75
100
83
103
99
95
108
103
94
116
96
93
101
82
96
101
81
102
87
99
95
85
93
91
78
99
91
94
107
86
105
101
88
105
87
97
97
85
95
98
79
112
91
92
97
77
97
102
89
109
91
100
99
90
101
97
76
102
88
97
103
85
102
101
88
103
96
89
101
90
102
98
82
107
90
100
100
85
94
103
83
99
87
88
104
89
97
92
78
91
83
93
98
81
95
107
82
101
96
86
99
79
96
91
85
104
87
99
92
82
85
94
74
94
74
81
90
90
97
90
85
98
88
94
102
84
95
99
76
96
81
80
81
80
91
94
86
99
90
91
102
88
95
102
84
105
87
96
93
92
98
95
78
95
90
94
108
89
103
98
86
105
96
99
100
89
101
101
89
103
85
90
98
74
89
88
79
102
88
98
93
96
98
104
88
110
92
95
100
81
93
89
84
101
94
90
94
83
87
95
86
99
81
94
103
88
102
99
89
104
94
91
98
83
101
90
80
98
72
88
90
85
98
94
89
105
98
94
105
86
99
93
94
99
86
99
102
95
107
101
91
107
98
104
108
93
109
100
89
105
88
99
102
88
100
93
81
104
86
95
103
79
101
92
100
106
97
97
103
90
115
105
94
116
94
102
106
92
103
94
95
108
90
100
104
84
110
97
86
112
93
103
102
95
113
109
100
115
106
103
112
97
121
110
96
107
98
97
110
97
101
110
95
116
103
111
113
91
110
103
89
116
101
100
109
89
104
103
88
112
93
101
104
95
114
105
98
109
106
97
113
97
105
104
94
108
93
98
91
85
89
96
92
112
95
100
105
91
106
102
91
103
90
92
96
83
98
93
87
96
77
84
97
80
97
89
84
94
93
84
95
88
98
92
85
103
83
91
96
81
103
92
85
95
87
91
97
81
94
93
93
100
82
97
93
82
83
84
78
91
90
92
94
83
98
89
88
105
88
97
98
82
99
96
83
105
79
86
94
79
99
86
82
103
78
85
90
73
92
89
81
97
86
90
94
77
93
86
82
95
83
84
89
75
93
92
76
94
80
86
95
84
92
88
75
95
82
87
99
77
97
97
80
101
88
92
99
81
88
76
74
87
78
83
92
74
91
92
80
97
84
88
95
84
88
85
76
93
72
85
88
71
81
79
75
91
86
86
91
82
93
92
86
98
81
