99
72
87
85
66
93
78
79
99
76
82
84
60
82
71
74
90
67
84
95
71
100
84
84
103
73
92
98
64
102
75
74
88
65
80
90
60
94
79
79
104
67
93
93
75
98
78
83
91
73
88
92
69
93
75
81
90
67
87
95
73
97
74
92
99
74
93
94
68
94
72
76
88
62
73
75
59
82
77
75
92
68
87
94
73
102
78
82
93
66
71
84
60
88
74
75
88
66
80
82
63
96
66
81
97
68
89
89
68
92
80
76
88
63
85
85
71
97
66
75
86
66
84
89
61
94
74
79
91
67
82
75
56
77
63
65
90
64
81
79
57
90
76
85
100
65
90
88
74
96
71
78
94
67
89
84
66
99
68
79
86
65
76
80
63
90
74
78
94
65
88
88
67
94
80
78
91
67
83
88
73
90
82
71
85
63
88
83
64
89
67
71
90
62
73
81
60
93
74
82
92
63
85
79
61
81
74
73
85
51
77
82
68
93
73
82
89
68
91
84
71
90
75
77
92
61
77
80
64
94
69
81
87
67
88
88
68
93
74
76
89
63
84
85
78
95
72
68
79
62
82
82
60
90
73
89
102
68
94
88
77
102
76
90
93
69
88
80
59
87
65
78
87
65
87
85
71
92
73
75
83
59
84
77
61
86
63
69
81
58
71
73
65
95
69
76
85
59
87
80
68
103
67
80
88
62
76
79
60
80
58
60
70
58
89
77
68
94
74
80
99
69
91
85
65
95
67
79
88
65
89
80
68
93
76
82
94
63
88
88
69
101
71
84
87
66
89
76
67
90
71
81
96
52
82
78
64
91
74
78
88
66
86
85
69
90
72
69
82
55
83
78
67
89
72
73
83
68
90
86
72
96
72
84
96
57
85
79
68
88
76
79
90
62
83
78
63
86
65
76
86
65
87
87
73
90
74
79
87
65
88
79
62
88
73
81
86
64
83
78
64
93
78
79
90
60
81
77
68
86
65
80
83
62
81
85
68
93
67
83
83
65
88
74
68
88
72
80
90
71
91
86
70
92
72
84
87
64
82
75
69
87
71
77
85
61
89
79
69
95
69
84
86
72
89
76
67
85
68
81
86
52
80
66
61
79
61
66
76
57
77
79
78
95
73
80
93
64
99
80
75
92
66
74
83
66
88
79
70
99
75
90
101
68
94
78
73
91
73
80
88
63
88
77
68
88
64
77
87
64
91
83
72
97
72
80
90
68
92
80
68
93
70
85
78
59
73
71
67
92
74
80
94
67
97
80
82
96
67
81
85
63
83
79
68
89
60
67
78
60
85
74
67
86
73
82
83
70
91
82
71
96
65
76
85
67
83
71
72
80
65
79
88
64
90
76
67
94
67
80
78
60
75
69
54
73
61
71
79
55
81
69
72
92
68
82
82
67
90
81
73
87
64
76
84
59
87
71
74
87
65
70
76
60
77
74
68
90
65
81
87
66
86
69
75
90
67
77
84
63
92
75
66
86
61
77
88
69
95
74
75
91
69
78
87
59
86
74
70
90
70
90
86
66
88
69
72
96
68
79
86
63
92
80
77
94
68
81
88
66
88
75
70
93
62
75
88
57
88
75
74
89
74
83
89
68
95
76
73
101
65
84
87
64
91
78
72
82
60
72
87
60
86
70
63
87
63
82
85
65
93
78
74
94
77
84
90
63
85
67
70
90
64
83
83
68
92
88
77
96
60
74
87
64
90
76
74
91
68
79
85
62
84
80
75
96
69
87
92
76
96
71
77
93
70
84
92
73
96
79
66
83
57
70
80
65
89
74
70
88
76
87
95
69
96
77
78
96
71
89
86
68
91
75
85
99
72
94
95
75
100
82
87
96
74
96
90
81
99
80
81
96
64
83
88
65
96
75
83
97
73
87
94
73
99
80
83
99
65
86
85
70
88
69
74
84
62
80
95
74
101
80
88
104
73
103
92
72
93
74
74
90
70
84
89
64
94
70
84
89
68
90
86
71
100
80
82
96
66
85
87
67
97
74
80
95
69
88
88
66
93
80
81
99
68
94
96
68
100
70
84
85
62
74
84
66
94
75
73
92
63
84
92
75
96
75
87
95
68
92
93
66
96
78
77
95
73
88
85
64
85
69
77
94
74
86
91
68
99
76
79
93
70
85
87
71
90
76
76
94
65
84
82
61
93
76
77
94
68
84
85
60
91
74
79
94
68
87
90
74
103
74
81
90
68
88
91
68
90
73
76
93
70
93
87
70
93
75
72
92
66
83
84
64
88
69
75
89
68
82
85
71
101
76
82
94
67
92
86
68
92
74
82
87
63
55
83
71
-208
-454
-466
-463
-458
-458
-458
-457
-457
-458
-448
-455
-438
-446
-450
-435
-450
-438
-432
-444
-428
-434
-435
-427
-435
-429
-428
-436
-428
-433
-434
-429
-437
-433
-434
-443
-434
-441
-445
-438
-454
-458
-464
-463
-440
-434
-449
-464
-464
-464
-465
-465
-466
-466
-466
-467
-469
-471
-473
-474
-472
-470
-468
-466
-464
-464
-452
-411
-363
-322
-284
-253
-229
-201
-185
-162
-145
-129
-109
-101
-80
-76
-64
-45
-27
-29
-22
-15
-6
0
12
16
20
18
23
26
27
29
30
29
38
27
32
32
31
37
38
32
34
35
35
38
36
33
33
30
30
27
24
23
28
27
28
23
24
15
22
26
26
25
27
32
26
25
23
21
16
9
13
11
13
17
12
12
10
4
3
7
8
6
6
9
12
7
13
11
10
6
4
5
7
2
1
4
2
1
-5
-4
-10
-7
-4
-3
-3
0
0
-1
-1
-2
-9
-3
-8
-8
-8
-2
1
2
5
5
2
2
10
9
17
9
9
14
10
12
11
18
15
13
15
20
20
24
19
18
17
17
16
25
27
28
27
27
33
29
35
37
33
31
39
38
43
37
40
46
44
43
47
45
45
52
49
49
48
49
48
53
55
60
59
68
68
69
75
75
80
84
81
79
76
73
77
79
82
80
83
92
90
88
93
93
88
88
88
87
95
90
93
94
94
89
89
99
96
95
104
100
100
106
110
108
113
108
108
110
112
108
109
115
117
111
112
110
107
107
111
113
117
116
121
123
124
126
128
135
133
131
130
132
130
131
126
120
120
118
124
129
134
129
132
136
135
139
136
138
135
134
133
134
138
134
133
134
128
126
126
130
134
136
136
135
136
138
136
140
139
138
136
142
139
134
131
132
131
129
129
127
122
128
135
136
138
135
141
144
146
145
143
143
137
137
134
134
136
140
135
134
130
127
128
138
136
132
134
139
136
141
141
139
134
134
132
130
138
133
132
135
129
127
123
125
128
130
131
134
134
135
132
136
133
127
127
129
129
126
124
131
134
129
130
131
128
133
136
138
139
132
138
130
131
131
130
126
122
124
125
125
124
127
119
119
118
109
117
123
116
116
115
116
115
118
115
115
111
117
111
112
113
110
110
112
105
106
107
104
109
108
105
107
105
105
103
106
103
101
102
104
101
104
106
109
108
111
101
100
95
104
101
97
98
94
100
100
96
102
102
96
96
95
97
94
98
96
93
91
92
88
89
94
89
88
86
88
89
95
87
90
83
84
86
85
84
86
84
86
81
76
72
66
72
71
66
68
71
71
72
74
74
72
77
77
76
76
77
77
77
76
64
65
59
57
62
66
67
67
71
68
65
71
69
62
61
61
58
58
61
56
54
52
50
46
51
52
52
52
49
49
49
54
46
49
43
47
44
50
47
47
47
46
39
42
39
36
42
44
46
46
49
48
49
52
54
52
50
50
44
49
39
43
45
40
40
41
36
43
42
48
40
42
46
46
44
52
47
43
44
43
41
44
44
45
44
42
41
39
42
43
42
44
38
45
46
49
45
51
43
42
37
41
35
38
35
39
36
45
38
38
44
46
44
53
49
53
49
47
48
42
44
42
39
44
39
43
47
45
35
39
32
43
41
48
46
45
45
49
50
59
52
50
50
55
49
55
53
57
53
51
47
48
49
56
57
59
59
60
61
58
57
58
52
54
53
56
54
60
59
64
63
67
65
64
70
69
66
71
68
72
67
68
70
74
69
71
70
72
69
70
73
71
68
70
68
73
76
77
75
77
73
76
78
83
77
74
73
76
72
78
75
80
79
74
74
78
76
79
73
75
71
73
76
79
78
78
76
79
82
81
82
84
84
86
82
81
75
75
78
83
81
89
86
93
89
91
94
94
87
84
84
84
83
87
91
89
83
81
76
85
84
85
89
90
86
91
95
97
90
91
90
93
88
95
91
98
88
90
89
93
80
92
92
96
91
99
100
95
100
94
96
103
100
96
96
94
94
100
91
97
86
89
98
97
95
106
96
103
99
100
98
107
95
100
100
97
93
103
93
104
96
88
102
99
94
114
95
106
107
98
116
115
103
122
103
113
116
92
111
103
89
110
87
102
105
90
111
110
90
124
103
107
119
96
110
109
93
117
96
97
117
93
109
109
83
118
93
105
117
90
105
109
90
123
104
107
116
86
111
107
91
132
104
103
115
91
110
107
90
128
104
103
114
90
121
111
90
121
90
98
108
86
110
108
86
120
94
106
103
89
113
112
93
128
108
101
115
93
117
118
96
124
124
122
110
123
97
120
113
92
123
106
109
131
104
121
128
102
130
113
117
121
98
116
116
96
129
107
103
117
90
113
117
95
130
108
104
115
92
113
115
91
122
91
105
127
96
118
118
96
123
102
100
108
91
112
112
90
130
106
110
121
96
116
116
94
123
101
103
116
99
110
111
91
119
94
106
117
88
116
112
96
121
110
105
116
90
116
108
102
123
100
105
110
88
105
103
87
116
94
101
116
98
115
110
100
121
101
101
121
95
113
110
88
117
93
91
108
85
116
106
94
123
102
103
112
88
117
106
88
122
93
106
113
93
119
100
84
112
92
102
112
85
115
102
87
120
95
107
110
90
112
99
89
116
92
98
100
76
108
98
87
113
97
103
114
99
110
109
95
123
94
107
113
81
113
101
87
120
92
99
99
87
110
103
90
122
93
108
113
89
119
106
90
114
90
96
103
85
108
101
77
114
84
105
106
80
106
108
87
120
91
99
108
78
106
100
80
114
92
104
106
88
113
101
90
122
92
104
112
86
112
99
88
115
83
102
105
81
104
102
84
119
87
97
103
84
111
103
87
112
91
104
112
92
116
102
87
119
87
100
106
88
109
96
79
104
88
101
110
81
104
96
80
117
87
101
107
89
113
104
88
118
96
102
109
79
111
88
87
112
82
98
102
85
109
98
84
114
85
100
104
76
108
98
87
116
87
92
102
80
108
97
83
115
85
107
108
85
117
96
89
114
87
97
103
81
114
92
80
105
75
98
98
79
112
96
88
122
94
106
112
84
117
103
86
114
86
100
99
79
102
84
80
110
80
95
110
77
109
94
91
112
82
98
100
79
105
93
84
117
77
91
96
65
103
97
84
107
83
96
104
80
109
90
86
114
80
94
109
75
102
88
76
100
78
93
111
80
109
103
85
117
84
99
100
78
104
97
80
107
83
93
105
72
104
84
85
110
79
97
103
81
107
96
82
115
86
95
106
79
105
90
89
107
82
90
100
76
102
98
81
108
77
92
106
78
103
85
80
98
76
86
101
75
103
90
86
107
79
97
100
83
106
93
90
108
85
93
105
73
102
92
88
105
78
95
97
81
97
85
85
107
78
95
108
78
108
92
93
110
84
89
98
78
101
89
88
109
74
93
95
72
105
88
87
103
79
91
98
78
104
85
87
105
79
104
106
84
112
92
85
101
77
91
100
72
106
87
94
106
80
102
99
80
108
93
88
116
81
98
100
75
108
84
89
112
80
101
96
77
105
90
90
115
83
99
97
76
109
90
94
107
80
93
101
70
106
90
84
110
80
97
109
86
119
100
96
113
91
105
109
79
112
95
86
110
77
102
101
79
112
91
100
109
87
100
110
77
115
93
89
111
84
103
102
80
106
86
84
109
88
102
103
80
113
94
97
109
84
98
102
81
105
91
88
108
78
89
96
69
115
93
94
110
91
107
110
80
114
95
90
115
81
100
99
82
111
88
91
109
81
100
106
81
114
97
98
110
86
105
102
87
115
93
91
107
84
98
107
76
111
88
93
111
86
99
99
83
113
96
93
120
81
108
102
77
110
88
97
104
87
105
101
83
124
102
95
117
86
108
112
84
115
92
102
109
90
104
104
77
121
93
93
112
78
104
103
85
117
97
99
118
92
108
111
82
124
94
99
114
89
109
110
86
111
87
92
115
91
107
108
77
113
91
98
106
79
100
100
83
116
98
96
119
87
106
100
79
117
97
96
108
87
109
116
87
124
102
95
122
95
112
107
84
119
95
98
108
80
105
112
87
118
103
97
115
89
112
106
88
117
101
96
112
84
105
113
83
112
87
90
109
94
104
103
80
112
103
99
120
96
110
114
94
122
103
98
109
88
103
101
81
115
100
93
117
88
115
111
89
126
97
98
109
98
102
108
84
115
95
101
110
79
102
100
88
116
96
102
109
94
113
115
90
118
97
97
109
87
113
102
82
107
86
89
107
91
103
110
86
123
99
111
117
92
107
103
83
115
95
98
111
86
109
103
85
122
94
105
112
97
116
113
93
126
97
97
113
90
115
109
89
122
94
103
104
83
103
106
87
126
98
101
111
89
117
111
93
117
94
96
112
84
111
111
84
118
95
104
122
96
115
117
95
124
101
101
118
89
113
110
87
126
94
106
114
88
110
107
85
120
97
96
115
89
122
110
93
123
102
102
116
88
113
109
84
119
102
95
111
83
107
105
93
125
96
99
113
93
114
115
90
121
100
97
115
87
123
114
94
123
103
99
123
88
112
109
89
126
99
105
117
90
111
109
92
126
99
101
118
93
116
110
85
120
96
100
112
93
117
112
95
115
94
99
113
85
109
100
85
115
95
91
106
82
101
104
85
116
90
104
104
80
107
101
82
113
93
101
108
91
115
107
83
112
87
96
112
86
113
104
87
122
99
101
115
90
111
106
90
122
92
101
113
87
108
104
83
118
93
103
109
87
115
103
91
126
97
98
114
89
107
101
85
115
98
95
107
78
103
101
87
116
92
98
111
92
120
115
92
128
102
102
106
91
117
106
87
112
88
91
114
81
110
104
83
123
101
100
112
86
107
97
89
118
92
99
111
83
112
101
79
115
90
99
109
89
110
106
89
119
94
102
111
84
108
97
84
115
97
87
104
75
101
103
93
125
98
103
116
90
118
110
88
118
91
100
107
87
109
100
81
112
84
95
110
85
111
99
87
120
95
104
112
86
110
103
90
115
88
98
105
86
106
99
84
109
88
101
106
84
107
99
84
115
91
99
102
78
103
97
86
114
96
99
109
87
108
107
98
116
92
100
107
84
115
107
86
117
89
101
109
88
114
103
89
116
91
102
111
90
115
104
93
127
99
107
118
91
115
104
92
115
91
103
111
87
114
98
84
114
89
102
109
86
109
100
86
120
87
100
110
80
114
102
93
126
98
99
105
81
104
95
91
113
88
99
110
82
117
100
88
113
89
100
112
83
112
98
83
114
84
97
105
83
110
97
90
119
89
102
105
83
109
100
88
115
87
101
109
83
110
95
87
111
87
99
111
79
109
98
89
120
95
105
111
87
112
97
86
116
83
94
103
72
99
98
86
112
90
98
108
86
115
103
91
113
86
102
112
78
108
100
83
108
85
91
102
79
107
97
85
120
91
106
110
88
109
102
87
109
87
101
108
83
109
91
85
106
82
99
114
88
115
105
96
117
99
102
109
78
111
95
91
115
90
99
101
77
102
98
90
114
87
102
111
90
114
99
92
111
88
100
105
82
109
95
91
110
84
94
103
82
110
94
94
114
85
102
103
78
108
96
88
108
78
96
98
81
108
89
90
107
88
107
111
82
114
95
90
113
86
99
104
80
113
92
89
112
80
97
98
71
103
93
87
108
82
98
105
86
111
95
91
112
82
100
103
75
107
95
92
113
87
97
100
74
109
91
89
112
81
95
101
72
101
86
80
106
80
96
109
87
112
95
90
108
85
100
106
77
111
99
90
117
91
101
106
77
109
94
97
111
87
99
100
75
101
87
89
110
83
100
106
82
109
93
92
106
81
100
101
74
106
93
88
108
81
92
100
73
104
86
88
102
74
91
101
77
110
93
89
111
82
98
105
81
104
83
83
99
79
100
101
75
107
89
92
113
89
103
100
79
110
91
95
109
82
95
106
74
107
87
90
108
80
97
100
79
110
92
95
110
84
105
101
78
112
89
95
107
76
91
98
69
108
85
90
108
83
105
106
86
118
95
97
109
79
98
103
75
107
87
85
97
78
101
100
78
109
95
96
116
86
103
102
75
108
90
94
109
81
100
99
73
109
87
92
113
83
104
112
82
115
95
98
106
81
103
102
73
110
87
86
105
72
87
94
77
112
92
97
108
86
106
110
82
114
87
90
106
77
96
103
75
105
83
85
99
78
96
101
76
110
93
93
111
85
100
104
80
111
96
90
110
84
99
104
79
110
90
95
110
81
99
105
78
114
92
93
105
80
97
94
76
104
85
90
106
79
99
98
80
111
91
93
104
81
99
99
83
108
87
90
103
76
95
106
75
106
81
84
93
81
97
93
78
108
88
95
112
79
98
93
75
103
87
89
106
80
102
96
73
102
80
87
105
75
96
98
75
106
82
87
100
75
96
93
79
110
89
97
104
78
99
91
80
106
87
91
106
80
99
101
82
110
90
92
112
77
102
98
76
107
84
85
98
81
100
98
73
108
84
94
110
76
102
99
77
109
87
86
104
75
100
91
76
100
77
86
104
68
93
101
67
107
85
87
106
81
101
98
74
109
83
94
101
73
92
93
74
108
87
87
102
80
102
100
83
110
82
87
105
76
99
98
76
110
83
87
99
81
98
96
71
106
84
94
105
83
95
97
72
107
79
87
99
72
95
91
65
91
74
76
95
72
97
93
76
109
87
96
105
82
101
98
67
106
83
95
101
71
94
89
79
112
84
94
102
79
98
96
79
105
80
93
103
74
102
91
80
106
80
88
96
71
97
95
78
105
78
90
102
72
92
90
76
106
76
78
90
67
84
85
67
96
69
88
98
75
104
94
83
107
85
89
102
67
94
88
