106
99
100
103
98
100
95
103
102
99
103
103
99
104
100
103
105
104
104
103
102
105
102
103
103
101
102
102
102
107
99
103
102
100
101
105
103
105
102
104
105
105
106
104
102
104
103
103
107
105
106
104
102
105
101
101
105
104
104
104
104
106
102
102
103
101
105
105
103
106
104
106
105
106
106
104
100
105
102
105
106
102
105
104
105
106
106
107
105
105
105
104
104
106
102
104
104
103
105
106
105
105
103
106
105
106
107
107
106
109
103
106
106
105
105
105
105
106
104
102
103
103
103
102
102
108
103
106
106
107
108
107
105
107
102
106
104
106
105
102
101
104
101
104
104
104
105
104
105
108
104
104
103
103
104
103
105
109
103
104
103
102
102
104
102
107
103
106
106
107
106
105
103
106
101
106
106
103
104
102
99
102
99
99
101
103
105
105
107
110
104
108
108
105
106
105
103
106
101
104
104
106
103
102
101
104
101
105
105
104
104
103
103
106
105
104
105
104
105
104
105
106
102
102
104
102
103
105
105
107
104
107
107
107
108
106
106
107
104
105
102
102
102
103
103
105
103
104
104
105
106
106
107
106
103
105
105
105
104
102
102
104
101
104
104
106
104
102
103
102
101
106
103
104
105
107
105
108
105
106
104
103
103
102
105
105
103
105
104
104
103
103
103
106
103
106
105
104
104
101
101
102
99
106
103
103
105
105
105
108
103
104
102
103
104
103
104
106
104
107
106
106
108
105
105
109
103
106
105
105
104
103
102
104
102
107
105
104
106
104
106
109
104
107
104
105
106
106
105
107
102
106
104
103
106
102
101
103
100
103
103
102
103
104
105
107
104
108
107
104
106
103
105
107
101
103
102
103
104
104
103
106
105
107
107
108
109
104
105
107
102
104
107
105
106
103
103
103
102
104
104
104
105
106
105
109
105
107
106
104
106
105
104
106
103
107
103
102
102
100
101
106
104
106
109
109
109
108
108
109
106
107
104
104
103
103
104
106
101
105
102
104
105
106
104
105
102
104
105
105
105
104
105
106
102
105
106
105
105
104
103
106
103
105
105
105
104
102
106
107
103
107
105
103
103
102
101
102
99
104
102
104
103
101
105
107
105
107
106
106
106
105
106
107
102
106
103
103
104
101
105
107
101
104
102
103
106
105
104
106
103
106
106
107
108
103
104
105
102
104
105
104
106
103
104
105
103
107
106
105
107
105
108
107
103
105
103
100
104
104
104
105
102
107
107
106
104
102
103
106
102
106
106
104
106
104
104
108
103
105
106
106
107
105
108
108
103
105
105
102
107
105
105
107
104
107
106
106
105
105
104
106
102
106
104
102
104
103
103
105
100
104
103
102
102
101
104
103
102
108
106
104
107
106
106
108
104
106
106
105
104
101
101
104
103
105
103
104
105
106
106
109
105
106
105
105
105
103
107
106
104
105
104
103
106
104
105
105
103
107
106
107
107
106
105
106
104
108
105
105
106
104
103
103
99
101
101
103
105
104
107
108
106
109
107
106
109
103
106
105
104
106
106
104
104
102
102
104
103
108
105
105
108
105
107
109
105
107
107
105
107
105
107
107
102
106
104
103
108
104
106
106
103
106
106
104
107
104
105
106
101
105
102
102
104
102
103
107
103
105
106
108
110
107
109
110
104
106
106
105
108
104
105
106
103
106
108
105
107
102
103
104
103
106
106
105
105
105
105
110
105
106
106
104
106
106
105
107
104
105
105
103
104
106
104
106
103
107
109
105
106
103
103
104
102
104
104
106
107
107
108
110
104
105
106
105
106
106
104
106
102
106
106
106
107
103
105
106
105
107
108
108
105
103
103
104
105
107
105
102
106
105
107
107
107
106
107
106
109
108
108
108
106
106
104
105
105
103
104
104
101
103
105
102
104
102
109
106
106
107
105
107
108
106
109
106
104
102
104
105
107
105
107
107
105
106
107
109
106
104
106
105
103
108
106
106
107
103
105
104
106
106
105
106
106
105
109
110
106
109
106
105
108
104
105
106
104
106
103
103
100
98
101
103
100
105
104
106
106
106
107
108
106
106
103
103
106
103
108
105
102
103
101
104
106
105
106
108
106
109
108
108
108
104
107
107
105
108
102
105
106
103
103
103
104
107
104
106
107
107
109
107
106
105
104
104
106
104
104
105
103
104
102
103
102
105
106
108
107
110
108
106
109
106
106
106
104
107
106
105
105
106
109
105
100
105
103
104
109
104
106
106
108
107
107
109
106
104
105
106
103
106
103
102
106
101
104
103
103
104
105
102
106
102
108
105
65
131
28
10
-28
-140
-104
-158
-190
-148
-240
-217
-219
-289
-227
-271
-296
-247
-318
-286
-280
-332
-274
-306
-318
-272
-333
-303
-283
-336
-277
-302
-311
-268
-324
-290
-269
-314
-256
-279
-292
-250
-246
-269
-253
-243
-209
-200
-173
-153
-134
-118
-96
-88
-70
-54
-40
-27
-19
-9
1
11
22
26
36
37
44
50
56
59
65
73
74
78
81
80
82
83
88
88
92
91
93
93
98
93
100
100
96
97
98
99
99
101
100
101
100
99
100
97
103
100
102
101
102
101
102
103
104
102
103
104
103
102
99
101
103
101
102
100
97
97
100
100
103
104
104
105
105
105
105
106
105
101
101
100
102
98
104
97
100
97
96
99
101
99
100
99
99
101
100
100
96
95
102
96
99
98
98
97
99
93
98
95
98
96
95
100
97
95
101
94
100
92
97
90
100
90
94
91
93
91
93
93
91
94
95
97
94
97
95
94
97
92
95
95
95
92
97
90
93
96
91
94
94
92
97
91
98
92
96
91
98
90
98
94
95
97
92
96
95
96
93
97
90
99
92
97
96
91
101
94
99
98
95
101
97
95
100
96
94
100
96
97
99
98
104
101
101
101
101
101
103
100
102
101
100
104
103
105
105
101
103
104
103
106
105
103
107
103
104
107
105
107
105
106
109
105
110
107
106
107
106
104
111
107
110
110
109
108
108
108
109
105
108
109
106
109
110
108
111
108
111
110
111
111
111
111
115
112
111
111
106
107
109
109
113
107
112
111
111
111
113
111
115
110
113
113
113
115
112
112
112
110
111
113
114
112
115
113
116
112
116
114
112
115
114
115
117
114
113
114
112
111
110
110
111
108
111
109
113
112
111
114
115
114
115
118
112
113
110
114
111
112
113
110
112
112
114
114
116
112
112
117
114
116
115
116
115
112
112
112
114
115
114
113
113
109
113
113
112
115
111
115
115
114
116
115
113
112
113
112
115
108
113
111
112
108
111
111
110
109
113
115
114
116
116
116
116
112
115
115
113
112
111
113
116
113
114
113
110
112
110
114
116
110
114
112
114
114
114
112
115
112
113
111
112
116
112
115
113
109
113
116
113
114
115
112
116
113
115
114
113
111
110
111
111
109
109
110
110
112
113
110
111
110
114
110
110
109
108
109
111
110
111
112
110
112
109
110
111
112
112
110
110
109
110
111
113
111
110
111
109
112
111
112
111
108
109
109
110
108
108
107
108
105
107
105
106
107
104
106
105
107
105
106
105
107
105
108
109
106
110
107
108
107
106
105
102
102
103
104
105
105
103
103
105
103
106
103
105
106
104
104
106
106
105
104
103
104
99
108
106
104
107
104
107
107
106
105
106
103
108
105
107
106
102
106
104
101
106
100
100
101
101
102
104
102
106
103
105
103
101
106
103
100
99
99
98
102
98
98
100
94
104
99
101
100
98
100
101
101
104
101
98
102
97
98
97
96
99
97
97
97
95
102
99
96
98
96
97
102
97
100
99
95
101
98
95
98
92
97
95
95
100
95
95
99
93
100
98
95
100
97
95
99
90
97
94
94
98
93
97
97
90
96
92
94
95
99
93
99
93
98
95
97
95
96
91
96
91
95
97
90
94
95
92
95
91
95
96
90
97
92
95
96
91
94
94
92
93
93
92
93
90
95
95
94
95
97
91
96
91
96
93
92
96
90
94
96
91
98
91
96
92
97
91
98
89
92
96
87
95
97
92
95
94
92
95
96
94
97
90
96
89
97
94
94
99
91
96
92
95
95
95
94
95
93
94
96
90
97
93
97
96
95
98
95
99
95
101
94
99
92
93
96
90
98
96
94
100
95
99
100
97
96
95
96
96
94
99
99
93
98
94
95
97
95
97
99
95
101
96
96
98
97
96
98
95
100
98
96
98
97
93
100
93
96
94
97
96
99
98
101
98
99
102
101
104
104
99
101
97
99
99
100
98
98
97
101
99
101
103
99
101
100
100
104
103
101
102
100
101
102
101
104
99
102
101
101
102
103
102
105
103
104
107
110
106
107
104
107
102
104
104
99
103
103
101
103
102
101
105
103
106
106
109
110
106
108
108
107
107
106
103
106
104
106
108
108
106
106
107
105
105
109
106
107
107
108
109
109
107
104
107
104
107
105
108
107
106
103
105
104
106
106
107
109
106
110
110
109
109
106
107
106
104
109
107
106
110
109
108
111
106
110
109
110
113
109
109
109
107
109
109
108
110
110
108
110
105
109
110
109
109
111
109
114
108
115
112
110
112
113
111
117
111
113
111
111
112
111
110
112
108
111
109
109
111
110
110
112
108
110
108
110
111
110
109
112
109
114
112
111
111
115
111
114
107
108
107
108
110
112
109
114
110
113
112
112
112
109
109
113
108
111
114
110
110
109
108
109
109
112
109
110
111
113
111
117
110
112
111
111
111
113
111
113
111
113
109
108
109
107
107
113
109
112
113
110
114
114
114
114
114
115
112
110
111
110
111
113
108
110
109
112
111
113
111
112
110
111
111
111
113
111
113
115
110
112
113
113
111
110
110
111
110
112
111
112
112
109
112
115
110
113
111
112
112
111
108
112
106
111
109
109
110
107
111
115
111
114
115
116
115
114
114
115
112
113
111
111
111
110
111
114
110
111
110
110
111
111
110
114
109
114
112
116
115
110
111
114
109
113
113
112
113
111
111
113
108
112
111
112
113
111
113
115
110
112
109
108
109
110
108
112
109
112
111
113
113
110
112
117
112
115
113
112
112
111
112
115
111
112
112
112
114
113
114
116
109
113
111
111
113
114
111
115
109
113
112
114
113
111
111
113
109
112
111
110
110
109
110
112
106
111
111
109
109
108
111
111
109
112
111
110
111
112
110
114
111
114
114
113
110
109
109
111
109
112
111
110
112
111
112
114
110
112
111
111
111
110
113
113
108
110
108
107
111
110
109
112
108
112
110
112
111
110
110
111
107
111
110
111
110
110
109
109
104
107
106
108
109
109
111
113
109
113
112
112
114
113
113
113
110
112
111
109
109
107
108
112
109
114
111
110
112
109
111
114
107
111
109
108
109
109
111
110
106
109
107
108
111
110
111
112
108
111
112
110
112
110
110
112
108
112
108
107
108
106
105
110
104
108
109
108
110
110
111
114
110
113
112
109
112
108
109
110
108
111
112
108
109
108
108
112
108
112
111
110
114
111
111
117
110
112
110
109
109
108
110
112
108
110
110
107
110
108
109
111
109
111
112
111
112
109
107
109
106
107
107
107
109
109
108
112
107
109
111
110
111
111
110
113
108
110
110
109
109
107
108
110
107
110
112
108
107
106
106
109
109
111
110
110
110
109
110
113
108
110
110
109
110
111
110
111
109
109
107
110
109
108
109
110
107
108
110
108
109
108
109
111
110
112
111
111
111
109
111
111
107
108
108
107
108
108
109
109
107
111
110
111
110
108
108
110
107
111
111
110
111
107
109
109
109
110
110
108
110
109
111
112
109
111
109
110
111
109
110
112
108
109
108
109
106
106
108
109
106
110
112
109
112
111
112
112
112
111
111
109
110
108
111
109
106
108
108
108
111
109
109
112
109
111
112
112
111
108
111
112
107
111
112
110
110
107
107
108
109
111
111
110
113
111
113
113
110
112
112
111
113
109
110
109
106
108
107
107
107
107
110
111
110
113
112
112
113
110
112
111
109
110
110
109
111
111
113
110
108
110
108
110
113
109
110
111
109
113
111
113
111
109
111
111
109
112
109
111
110
107
109
109
108
110
109
108
109
110
112
110
108
108
106
105
107
103
105
109
107
109
109
110
109
107
110
112
109
113
108
109
111
109
111
111
109
111
109
109
111
108
111
109
106
108
105
107
111
109
110
110
110
111
110
110
110
105
109
109
106
109
107
106
109
105
106
107
106
108
108
106
105
104
106
106
104
108
107
109
112
108
110
111
108
112
110
107
110
105
109
108
108
111
110
110
112
108
112
110
107
109
108
107
109
108
108
109
106
109
107
108
112
107
110
111
109
111
114
111
113
108
111
112
109
112
111
109
113
106
109
108
104
106
106
105
108
107
109
111
109
112
109
110
112
106
108
109
108
109
110
106
108
102
107
109
109
111
110
110
111
109
110
112
109
110
109
109
111
111
110
111
106
108
107
108
110
109
110
110
109
110
111
112
111
108
110
111
110
110
109
108
108
106
108
109
107
110
111
112
114
113
116
113
111
112
112
110
111
108
107
110
109
110
109
108
109
107
107
110
111
111
108
109
112
107
114
112
109
112
109
110
111
109
111
111
109
112
109
109
113
109
113
111
111
115
111
110
111
106
108
107
106
108
107
107
108
106
111
109
108
110
109
108
113
107
110
109
108
112
110
112
113
107
110
109
111
113
112
108
111
105
109
110
110
111
110
110
112
109
114
110
110
112
111
109
114
109
112
112
109
110
112
109
110
109
110
112
109
113
115
106
111
109
111
112
110
109
111
110
115
108
111
110
106
109
108
108
112
105
111
110
109
110
111
110
113
104
111
111
109
113
108
109
110
107
108
110
112
108
109
108
113
107
112
111
106
110
109
110
113
108
110
110
110
108
108
107
109
105
108
106
108
109
109
110
113
111
113
117
112
111
110
112
112
108
110
107
109
107
110
110
114
107
111
113
111
112
112
111
113
108
108
109
112
111
111
108
111
106
109
111
110
111
109
111
114
109
113
109
110
110
109
107
113
106
111
108
110
110
107
107
108
107
110
110
110
112
111
112
113
110
112
111
111
109
109
108
113
109
110
108
106
108
107
110
114
107
111
110
112
110
112
109
113
108
111
109
109
111
108
108
109
105
108
107
108
109
110
107
113
109
111
111
110
110
110
109
110
105
108
110
110
110
114
108
111
109
114
112
113
111
114
110
112
108
110
113
108
110
110
108
111
109
112
109
109
107
109
109
113
104
109
111
109
111
112
110
110
108
110
109
111
108
110
108
111
107
109
108
109
109
109
110
112
112
109
109
109
106
108
107
112
107
111
110
110
112
110
107
107
107
110
110
110
109
108
111
112
107
113
109
111
110
109
109
110
109
108
108
107
107
106
112
111
108
109
108
110
110
111
109
110
107
110
110
110
109
105
109
107
105
111
106
107
108
106
105
110
107
111
109
113
114
110
114
113
109
111
110
109
110
107
105
107
104
110
107
111
109
107
109
113
109
113
109
108
111
108
109
113
109
112
108
108
107
106
108
109
106
109
109
109
114
109
111
111
108
109
109
107
108
106
105
107
102
107
103
103
105
107
109
112
109
110
112
110
110
109
107
109
105
108
107
108
111
104
106
108
103
108
110
109
110
108
109
111
109
114
109
111
109
111
109
114
110
109
109
108
109
106
109
111
109
111
110
111
112
112
109
113
106
108
108
107
107
105
108
108
107
109
108
106
110
111
110
112
107
108
108
109
109
108
111
109
108
109
108
108
110
106
105
109
104
109
110
109
107
108
107
110
109
111
110
108
109
106
108
110
107
112
108
109
109
109
107
110
107
111
110
108
110
106
109
109
106
109
109
109
110
110
110
112
107
110
106
105
105
103
108
108
106
108
107
106
111
107
107
108
104
109
106
108
109
105
106
105
102
105
109
105
108
105
106
106
107
109
107
106
108
106
107
111
106
108
109
103
106
106
105
106
104
106
107
107
109
107
107
110
107
111
113
108
110
106
108
108
106
106
105
103
107
107
106
111
107
111
109
109
110
111
109
111
108
108
110
109
110
109
108
108
104
108
108
107
107
108
108
110
109
109
110
107
109
105
108
106
104
107
107
105
104
106
102
106
106
107
106
112
111
109
110
109
109
108
108
107
104
104
105
109
105
106
103
101
104
104
107
105
107
107
108
107
108
107
107
108
105
108
107
110
108
107
109
107
106
107
109
108
109
106
109
111
108
110
108
107
106
106
108
106
104
105
106
106
109
104
107
108
108
107
109
111
108
107
108
109
106
110
107
108
111
105
108
109
108
105
105
104
105
106
110
107
104
109
106
108
111
108
109
110
109
108
108
108
110
107
109
109
106
111
110
110
110
109
109
114
107
109
108
106
108
105
109
110
105
110
109
111
111
107
106
108
105
109
106
107
110
107
110
109
108
110
109
108
108
107
106
111
107
109
106
105
105
106
109
108
105
105
110
107
111
107
106
106
103
107
108
107
108
106
108
107
102
104
105
104
107
105
107
110
108
110
109
111
110
111
111
112
111
110
110
109
110
104
108
107
108
109
112
111
109
109
109
111
111
110
109
107
110
108
108
110
109
108
109
108
107
108
110
110
106
110
108
109
113
109
112
109
109
108
111
107
108
105
110
107
105
106
102
106
106
106
109
110
109
109
112
111
111
108
109
108
106
104
105
108
108
105
105
105
105
108
107
106
109
106
108
107
108
108
105
106
106
105
106
108
105
108
105
105
105
104
107
108
107
109
108
109
109
106
108
106
103
108
105
106
107
104
106
107
107
106
103
107
111
107
111
112
108
109
106
108
108
108
107
109
106
108
107
107
109
104
106
107
107
109
110
108
109
106
107
110
109
110
108
107
108
106
109
108
107
107
107
107
108
107
108
110
107
109
108
109
107
104
107
106
104
106
108
106
110
108
110
111
112
109
105
106
107
107
109
108
107
109
109
109
111
107
109
108
106
107
109
112
109
107
107
107
105
108
107
105
110
106
108
108
110
109
107
104
107
105
110
107
107
109
106
105
106
101
107
103
104
105
107
108
108
106
111
110
108
110
108
109
109
105
108
106
105
104
103
104
108
104
111
107
107
106
107
109
109
107
109
108
108
112
106
108
108
103
105
105
103
109
