107
103
106
103
103
104
105
100
105
102
104
104
104
101
107
101
102
102
101
103
105
105
106
103
106
104
105
107
104
103
106
102
104
106
105
103
101
100
101
98
107
103
104
104
105
105
111
106
107
105
106
104
104
104
105
101
104
104
102
105
101
102
106
102
106
106
105
107
103
106
108
103
106
105
104
106
103
106
108
102
106
102
103
104
106
104
105
103
106
107
107
108
105
105
104
101
103
106
102
103
103
102
106
102
106
107
106
107
104
107
109
103
107
106
103
105
105
104
107
103
107
106
105
104
103
103
106
101
105
107
105
106
105
106
107
105
106
104
104
105
105
105
109
103
103
103
102
103
107
103
105
101
105
102
104
104
102
102
107
102
105
105
105
105
105
104
105
102
104
104
104
104
104
104
106
103
105
106
105
105
106
104
107
103
106
105
107
104
103
102
106
104
107
105
104
106
104
105
107
104
105
103
104
104
103
104
105
101
103
102
101
102
102
102
103
100
102
104
107
106
104
106
107
103
107
106
106
107
105
103
104
102
103
102
103
103
102
107
107
104
108
106
104
106
104
104
106
103
107
106
106
105
103
102
106
103
107
106
106
108
106
106
109
104
106
105
105
106
105
108
109
103
104
101
100
102
103
103
105
102
107
107
108
108
108
105
109
103
107
105
104
105
103
103
106
100
103
105
105
106
104
106
108
102
106
107
107
107
105
104
106
103
104
105
105
104
103
102
106
103
108
105
105
105
105
105
109
104
105
104
103
103
101
101
102
100
102
101
102
104
104
104
106
105
107
107
106
106
105
104
106
102
105
104
104
104
104
104
106
102
103
103
105
104
104
106
107
105
106
106
106
106
103
104
104
103
104
106
106
103
102
103
103
102
104
105
104
104
103
102
106
101
101
103
102
103
104
104
105
104
104
103
102
102
101
102
103
100
103
104
102
103
102
103
103
103
106
103
103
104
102
104
106
101
103
102
104
105
104
105
104
101
105
104
105
105
103
105
105
103
105
107
105
105
103
103
103
100
104
101
101
103
102
103
106
104
107
105
105
106
106
105
104
101
105
103
103
103
101
103
106
102
106
105
105
106
104
106
106
105
106
104
104
105
104
106
106
102
105
102
103
105
105
105
105
104
107
106
107
106
104
104
106
103
105
106
104
103
100
100
101
102
103
105
105
106
106
108
110
106
109
107
104
105
105
104
104
103
104
103
103
102
100
104
105
102
105
106
104
104
104
104
105
106
105
105
104
105
102
105
103
101
102
101
103
103
103
104
105
103
105
104
106
105
102
104
103
100
103
102
101
102
98
102
104
103
105
106
105
105
103
105
104
103
104
102
104
105
102
104
104
103
106
103
104
103
100
105
104
103
107
104
105
106
103
106
107
104
104
102
103
104
103
107
106
102
105
101
103
105
102
105
107
104
106
104
104
105
101
103
104
102
109
106
107
110
105
106
106
103
106
104
104
105
103
108
107
103
107
105
103
106
103
104
106
103
105
103
102
103
98
103
104
103
107
105
105
105
103
105
108
103
104
104
103
104
102
105
104
100
103
103
103
106
103
102
105
102
105
105
104
107
104
107
107
105
108
106
106
105
103
105
107
102
105
104
105
106
103
108
107
106
107
107
105
108
103
104
105
102
105
106
103
104
101
103
105
102
106
104
104
107
106
108
109
105
105
105
105
104
105
107
108
103
103
101
99
104
100
103
105
105
108
109
108
108
106
108
108
105
107
104
105
106
103
105
105
101
104
105
105
107
106
110
108
105
108
106
106
107
105
107
106
106
106
109
105
106
101
105
106
107
107
105
105
106
104
107
107
103
107
103
105
105
102
103
103
101
102
102
102
108
104
107
109
107
111
110
108
113
105
107
106
106
104
104
104
106
103
105
103
101
105
104
105
106
105
105
109
106
108
107
108
109
103
106
105
104
106
107
105
105
104
103
106
103
105
104
102
107
101
113
80
46
25
-140
-194
-239
-342
-322
-387
-436
-414
-454
-454
-455
-458
-457
-459
-459
-458
-460
-459
-459
-461
-460
-460
-461
-460
-462
-461
-461
-461
-460
-461
-461
-461
-462
-462
-460
-461
-461
-461
-461
-462
-461
-460
-457
-434
-392
-362
-326
-297
-259
-238
-205
-186
-158
-138
-115
-95
-81
-65
-52
-34
-21
-13
-2
6
21
30
39
42
49
53
61
60
67
76
76
79
84
86
89
91
93
94
98
96
96
97
101
100
102
102
103
103
109
105
106
104
107
108
109
109
110
109
111
110
114
111
111
108
111
109
110
109
110
109
108
107
105
104
105
101
105
104
109
106
111
108
110
106
107
106
109
105
105
105
104
102
102
101
102
98
100
99
101
100
100
98
101
97
97
96
95
97
93
97
94
95
96
89
93
88
89
87
93
87
89
87
88
88
89
88
85
85
85
85
84
85
84
79
81
76
79
79
81
82
80
83
85
83
86
84
83
83
82
81
85
80
83
81
83
82
84
84
86
84
87
87
86
88
85
86
89
89
90
89
88
87
87
86
90
89
89
89
88
88
88
90
93
91
93
92
90
93
98
90
97
88
93
93
93
94
95
96
93
96
94
101
99
98
99
98
103
101
102
101
103
103
101
103
105
101
105
105
105
107
108
105
107
105
110
108
113
112
111
111
114
111
116
114
113
114
113
115
116
115
121
114
115
114
114
116
121
118
121
119
119
118
118
119
120
119
121
121
123
121
122
122
125
120
124
121
122
122
121
123
126
124
124
124
124
125
124
127
130
126
128
129
131
130
129
127
125
121
127
126
127
128
129
131
131
129
134
132
131
130
129
129
132
129
131
129
128
129
125
126
125
121
125
129
129
132
133
131
137
130
134
133
134
131
128
131
131
127
126
126
123
127
124
125
129
130
134
132
133
133
132
133
134
129
131
133
131
133
130
129
131
126
128
131
134
132
133
133
134
131
134
133
131
131
130
132
132
129
130
129
126
122
123
124
131
129
133
132
136
135
134
135
134
131
134
133
134
131
132
130
135
128
134
130
132
132
133
132
135
132
133
134
131
134
132
135
133
130
132
129
132
132
130
131
129
126
125
126
126
126
123
125
126
124
127
125
124
123
123
120
124
120
123
123
123
123
122
126
128
130
132
130
128
134
129
128
129
124
125
124
124
125
120
123
124
122
123
121
119
121
121
122
126
120
126
122
124
123
122
122
122
119
121
122
120
126
122
122
123
116
120
123
122
122
121
119
122
120
120
120
116
119
117
120
124
118
121
119
119
119
117
113
119
114
117
114
113
118
114
115
116
113
114
118
112
114
115
112
115
111
115
112
111
112
112
113
116
111
110
114
112
114
114
112
114
111
113
110
111
112
111
109
112
106
108
111
107
108
106
108
109
109
111
112
111
108
107
106
109
104
105
104
102
105
104
102
104
104
105
105
101
104
102
103
103
99
100
97
96
95
96
95
97
95
96
92
93
92
92
95
95
92
93
92
92
92
94
90
90
88
88
91
87
88
83
85
83
81
82
83
85
85
85
86
87
87
89
85
84
83
78
82
81
80
81
79
78
77
77
76
76
75
80
78
79
78
75
78
77
76
75
76
74
76
73
74
76
72
74
71
73
72
72
76
76
72
73
74
72
75
72
73
74
68
71
68
71
68
68
67
70
68
71
70
70
74
70
72
71
70
71
72
71
70
69
72
73
69
73
74
72
73
69
71
69
69
70
72
71
71
71
71
73
72
74
72
70
71
68
70
72
71
70
72
70
70
70
74
73
70
72
71
71
70
70
69
69
71
69
73
72
75
73
75
73
72
75
72
72
72
73
72
76
74
74
73
73
75
72
77
75
74
75
75
75
75
73
72
73
73
75
75
76
77
76
79
77
78
80
78
77
78
77
76
80
77
79
76
75
74
74
75
75
75
77
77
77
81
78
82
81
81
85
83
84
83
82
83
83
81
85
80
85
86
83
87
88
88
90
88
90
89
87
89
89
87
91
89
92
92
90
92
89
90
92
95
93
96
90
96
94
96
96
92
98
96
92
97
97
93
98
93
94
99
92
99
97
93
103
98
101
104
101
101
102
100
101
101
98
101
99
102
101
99
101
98
102
103
102
103
108
104
106
108
105
108
106
107
106
106
106
106
109
110
106
106
107
104
109
110
109
111
107
111
111
112
112
113
112
113
108
109
113
110
113
110
110
114
112
114
116
117
115
115
116
118
114
116
114
113
116
116
115
114
114
115
117
116
115
114
113
118
113
117
116
116
116
117
116
118
118
117
117
115
117
115
120
120
116
118
116
116
118
120
123
124
121
121
120
121
118
119
119
119
118
121
122
123
124
122
123
121
123
123
122
123
121
125
124
123
125
124
122
127
124
126
126
124
127
127
127
129
126
122
124
124
126
125
123
126
125
125
126
123
126
125
124
124
123
126
128
125
124
123
119
125
123
123
124
120
123
124
125
125
124
125
129
129
134
134
129
130
129
127
124
121
122
122
122
125
124
124
127
122
127
127
124
128
130
129
130
126
124
126
124
125
126
120
125
123
129
129
128
129
129
130
133
130
129
130
128
130
130
129
130
125
124
121
120
123
124
123
127
121
127
129
132
134
133
132
132
130
130
129
129
129
130
128
131
126
123
126
124
126
126
127
129
130
131
132
130
133
129
129
132
128
130
132
131
129
127
122
125
125
129
131
129
130
129
130
133
128
128
130
129
128
127
125
124
122
123
123
123
127
125
128
133
131
131
133
131
131
130
130
131
128
131
129
129
130
128
129
132
127
125
126
127
129
130
131
132
129
132
131
131
132
129
130
131
129
131
133
132
131
129
129
130
129
132
130
130
131
129
130
134
126
124
123
123
124
124
123
129
129
131
130
130
131
129
130
132
127
127
131
130
132
130
131
130
129
130
129
131
131
130
131
133
127
125
125
126
127
129
132
132
130
131
131
130
131
129
129
133
128
131
133
130
129
127
124
125
126
127
127
125
125
125
124
127
123
125
125
126
127
128
131
133
130
131
130
129
128
127
125
127
124
126
126
125
125
125
126
126
127
126
125
125
126
126
128
129
128
128
127
125
126
127
126
127
125
126
128
133
131
129
130
131
128
131
129
130
130
128
129
126
123
123
123
123
122
123
127
128
128
131
131
130
130
128
129
129
126
126
123
125
122
120
123
124
122
125
124
124
125
125
126
125
124
125
124
123
124
124
127
125
121
124
121
123
125
124
124
125
125
126
126
125
124
122
124
125
121
126
122
122
122
119
120
122
119
124
124
125
127
125
128
129
127
125
122
123
125
121
123
125
122
124
122
121
122
119
122
124
121
125
123
123
124
123
123
126
123
123
122
122
123
122
125
123
121
123
122
122
126
123
122
124
121
122
124
123
122
119
120
122
118
123
122
120
124
122
123
127
122
125
124
122
122
120
124
124
120
122
121
121
123
121
121
121
121
122
124
121
121
118
121
122
120
122
122
122
123
121
123
124
120
121
121
121
122
120
123
122
119
118
118
118
122
118
121
121
118
119
121
118
120
119
121
122
122
124
123
125
126
121
121
124
117
121
122
121
122
122
125
123
121
124
122
123
125
121
123
123
121
123
123
121
121
119
122
123
122
123
123
121
123
122
122
125
121
123
121
121
122
121
121
121
117
117
116
115
117
115
117
117
116
122
122
120
123
121
123
123
120
121
118
116
119
116
118
119
114
118
117
117
119
118
120
120
117
121
121
119
121
117
119
120
118
120
121
117
117
113
114
118
117
117
117
116
119
117
121
120
115
118
117
115
118
115
115
117
112
115
115
113
117
114
117
119
118
121
122
117
119
117
116
117
117
117
116
116
117
116
117
117
114
114
118
117
120
118
118
118
118
120
119
120
120
118
118
120
117
119
119
117
118
115
116
118
119
118
118
118
121
117
119
119
116
116
115
115
118
115
116
117
116
118
119
118
119
118
118
118
115
119
117
117
119
116
119
117
117
118
117
118
118
117
120
117
115
116
115
117
118
116
117
118
116
118
119
117
117
113
116
115
113
117
115
113
114
111
111
113
113
113
111
111
113
108
113
110
110
112
111
111
117
113
115
116
113
115
113
112
113
111
114
114
113
116
114
115
117
114
115
118
115
116
115
114
115
113
116
116
112
114
115
115
121
115
117
119
116
118
119
117
119
114
117
118
115
119
116
113
114
110
111
112
110
112
113
111
114
111
116
118
117
117
118
116
120
113
114
116
112
114
115
112
112
112
114
115
112
115
115
113
115
112
114
116
112
112
113
110
113
111
113
112
109
109
108
110
112
109
110
111
113
113
115
113
113
111
113
112
111
112
111
110
110
109
109
114
113
114
114
114
118
118
119
117
117
116
115
112
117
113
114
115
115
115
116
115
114
112
117
115
115
116
115
117
118
116
116
118
116
116
114
115
117
116
117
113
113
113
113
114
118
113
116
114
115
116
116
115
115
112
112
110
112
116
112
113
113
109
114
113
114
116
114
114
115
115
114
114
112
115
113
114
115
110
115
113
113
115
114
111
111
111
115
115
116
117
114
116
117
114
117
117
113
115
113
113
116
116
117
117
113
115
111
115
116
111
115
115
114
113
114
111
116
111
116
116
116
117
117
118
119
114
115
114
112
114
108
112
116
113
117
115
115
116
115
116
117
115
116
117
118
119
117
114
116
110
117
116
118
116
117
115
118
111
119
117
116
117
115
115
116
113
116
114
115
112
113
113
114
110
113
112
115
115
114
114
117
115
117
117
120
115
115
114
116
110
115
112
113
114
115
115
116
114
115
116
115
116
115
115
117
112
116
114
116
118
116
115
116
112
117
117
116
117
113
118
119
115
123
117
117
115
115
114
116
112
115
114
111
115
110
113
115
113
116
116
116
121
119
118
120
112
117
114
115
113
114
116
117
113
115
113
111
115
113
115
120
112
118
115
116
116
115
116
115
114
116
116
115
119
114
115
114
111
116
117
117
117
117
117
119
116
120
118
114
117
113
114
117
111
115
116
115
116
117
115
122
117
120
119
116
118
116
116
118
114
116
119
116
117
113
115
120
113
120
115
114
117
120
116
120
115
116
118
117
119
120
117
119
115
118
116
117
117
118
116
118
112
114
118
116
117
114
115
117
115
117
116
116
114
116
117
121
116
120
120
120
119
118
113
116
114
115
117
120
118
116
117
121
115
118
117
117
118
118
118
119
119
118
116
115
116
116
118
121
116
119
117
119
118
120
115
119
117
119
118
117
118
115
115
116
113
117
115
115
115
115
115
120
116
120
119
118
120
118
122
121
118
118
116
115
113
115
111
116
112
117
117
117
115
114
117
119
116
117
119
117
119
114
116
119
114
116
114
115
115
114
118
117
113
116
115
115
119
117
116
116
112
116
113
116
114
112
111
114
110
112
113
112
117
115
117
120
118
119
120
119
117
115
116
118
112
116
117
116
118
114
115
116
115
117
117
120
119
117
117
122
116
121
118
116
117
118
117
118
117
116
116
114
114
115
118
118
113
117
117
117
117
117
115
116
111
113
113
114
116
113
114
115
113
115
117
118
117
117
118
119
115
116
116
116
115
114
117
116
114
115
116
118
116
114
113
116
112
116
115
115
115
115
115
115
116
118
116
114
114
112
116
116
113
114
114
113
111
114
119
114
113
114
113
112
114
111
111
111
110
113
112
115
113
115
116
116
112
115
113
113
114
111
115
118
115
116
115
116
117
116
116
116
111
116
113
113
117
110
112
111
112
113
114
114
113
115
116
117
113
119
114
116
115
114
116
119
116
117
115
113
115
112
113
115
110
115
113
116
117
117
117
120
117
120
120
115
118
114
115
115
112
112
111
114
115
115
114
118
115
116
113
115
118
116
116
115
114
115
116
114
117
113
112
114
111
116
116
114
115
113
116
117
117
119
118
115
117
114
116
118
113
115
112
110
111
111
113
113
113
113
115
116
119
116
118
118
117
114
115
113
113
114
115
116
115
115
112
113
116
112
115
116
114
115
115
114
115
116
114
116
111
115
113
118
116
112
113
111
111
114
115
115
113
112
114
116
114
117
112
113
111
111
111
113
111
114
114
111
113
112
115
116
114
116
114
119
116
114
116
115
113
118
115
113
116
112
116
116
116
116
111
113
114
114
117
116
112
115
115
114
115
111
116
113
114
115
114
116
117
112
114
114
110
116
114
114
115
110
113
114
115
113
114
111
116
112
115
117
112
116
115
115
113
111
112
111
111
112
112
113
116
112
116
115
112
115
114
113
113
111
114
116
112
114
114
110
114
111
115
112
110
113
113
113
116
113
112
114
110
116
114
114
115
112
113
110
109
111
110
109
112
110
113
116
114
117
115
114
116
116
117
115
113
113
114
111
115
110
110
114
110
115
114
115
115
114
115
116
111
117
115
114
117
113
115
116
113
114
112
112
113
114
115
116
112
115
113
114
117
113
113
113
113
113
112
113
112
109
109
112
108
114
112
114
115
114
115
115
117
116
115
112
115
111
116
112
111
114
113
114
116
113
114
114
113
114
114
112
116
111
115
114
112
114
111
113
112
111
112
115
111
112
111
108
111
108
115
111
112
113
113
112
117
110
110
110
107
110
111
110
114
110
111
110
110
112
112
112
116
112
115
117
112
115
112
112
114
113
114
112
114
114
114
112
116
110
112
112
112
115
116
114
116
112
113
116
113
114
115
111
115
110
115
114
112
112
110
113
114
114
113
115
111
113
110
110
113
110
114
114
113
113
116
112
116
113
115
115
112
112
111
112
112
112
114
115
114
113
115
114
116
115
114
113
113
114
114
115
113
110
111
113
112
112
114
111
115
111
115
114
116
113
114
112
113
111
116
115
114
112
111
112
110
109
111
109
111
111
114
118
117
115
116
116
114
116
115
114
116
112
112
110
114
110
111
112
114
111
117
115
113
114
113
114
114
113
115
113
113
113
114
114
113
109
112
109
111
115
112
113
113
111
114
114
114
111
114
113
114
111
116
113
111
111
109
111
113
112
115
115
113
117
116
118
120
115
118
114
113
115
111
110
116
109
113
113
110
111
110
112
114
109
115
111
113
114
113
113
117
112
114
110
113
113
112
115
114
110
112
111
111
115
114
111
115
113
115
115
116
113
109
112
112
107
113
113
112
113
