82
100
90
82
92
75
81
84
82
88
78
79
82
76
84
89
79
88
83
80
96
76
90
91
76
90
82
83
89
79
86
88
71
91
74
72
86
73
86
83
76
90
82
80
88
75
85
81
68
82
70
78
88
73
80
81
68
88
86
86
94
79
90
88
74
96
71
79
84
74
79
88
73
91
80
78
82
71
85
86
78
84
79
82
91
81
84
92
72
93
82
82
87
72
85
84
71
89
75
74
87
76
84
92
71
93
75
79
86
73
80
81
67
81
79
78
97
76
88
85
68
94
83
82
83
70
80
89
76
96
81
79
91
74
89
92
72
93
83
82
84
75
78
89
73
90
77
80
91
75
88
89
72
88
82
78
85
71
80
89
70
90
74
70
80
65
81
81
66
84
79
77
87
82
82
84
73
89
75
81
85
67
74
71
60
69
79
75
84
71
82
83
73
91
78
77
84
74
82
88
71
86
80
77
81
69
76
80
71
83
74
84
85
77
87
88
74
90
81
76
83
70
79
77
74
77
69
66
74
70
79
84
72
93
78
87
89
85
88
86
77
85
79
81
83
73
86
76
67
86
77
84
85
76
84
87
85
93
85
80
89
72
88
84
71
83
77
79
82
74
71
81
71
90
77
86
92
76
89
87
77
90
78
76
80
71
74
79
68
85
68
72
84
73
90
87
83
94
85
83
91
81
84
79
72
91
76
86
86
77
80
88
70
85
80
79
89
76
86
88
74
91
80
77
84
73
86
83
72
90
73
72
83
67
82
82
78
91
84
86
89
77
87
90
73
93
78
75
84
72
85
86
78
87
83
79
89
88
97
88
75
93
78
82
91
81
85
85
73
84
81
82
87
75
81
80
66
88
74
79
84
74
82
86
78
86
79
77
85
69
80
79
70
86
74
80
81
71
73
78
70
83
70
74
84
68
81
78
75
83
77
72
81
76
86
90
75
87
72
71
79
73
85
79
79
87
82
81
92
76
84
85
72
89
76
83
86
79
80
77
69
82
77
76
84
72
85
85
74
84
75
77
82
76
84
79
69
90
74
73
86
59
70
70
70
81
71
76
85
75
86
87
78
94
79
85
85
71
85
84
72
76
70
71
81
76
85
80
71
89
76
83
90
77
84
87
77
85
79
77
88
72
81
84
69
79
72
76
79
71
78
84
76
90
83
75
87
74
84
75
68
82
68
72
74
64
69
75
70
87
72
80
92
79
93
86
82
87
78
79
80
75
80
85
75
90
72
73
81
79
84
82
79
89
83
87
94
77
80
82
72
89
77
80
84
78
80
79
74
81
77
82
89
74
88
92
88
90
82
84
82
81
83
80
73
82
74
79
84
69
81
79
84
93
86
84
87
76
85
85
81
87
79
83
87
76
89
82
83
82
76
78
82
76
88
85
74
86
75
85
85
74
88
80
77
85
77
79
86
72
82
78
76
79
71
83
84
73
85
83
78
82
76
78
84
71
84
77
76
81
80
90
86
76
79
76
73
86
73
78
88
70
90
86
84
83
73
79
85
71
90
84
76
87
71
78
81
69
86
78
76
84
77
85
90
76
87
79
73
91
76
84
86
76
85
80
73
74
72
74
81
65
86
82
73
91
82
85
90
81
91
90
85
93
86
84
85
68
84
81
79
94
81
83
83
73
88
87
80
85
75
76
85
73
91
81
77
82
75
76
84
73
85
83
76
86
79
83
90
75
90
81
80
87
76
77
82
65
83
73
63
67
66
77
81
71
89
82
78
89
85
88
93
71
85
74
73
77
76
78
78
66
79
77
78
88
76
87
89
74
93
90
87
84
78
85
82
73
87
82
77
80
68
78
81
71
79
75
80
83
84
83
86
72
85
74
73
84
66
76
79
69
83
76
72
77
75
81
90
77
96
81
83
93
77
84
82
71
81
75
75
81
80
80
77
62
75
72
78
84
75
80
87
71
86
83
76
84
73
78
85
72
86
76
80
81
73
77
81
75
89
81
78
87
82
77
82
68
79
68
74
78
69
74
83
68
86
72
77
81
80
84
85
76
84
76
72
81
79
80
85
69
82
73
72
79
82
78
77
66
77
72
76
84
74
75
84
69
89
81
75
79
74
75
80
67
84
75
72
77
69
73
73
72
80
71
72
75
76
73
82
71
84
75
73
78
72
78
81
72
87
73
72
67
65
71
81
69
79
71
73
78
71
81
75
67
81
72
73
83
80
83
81
65
60
66
79
80
71
53
62
-172
-71
-378
-384
-272
-458
-366
-417
-457
-375
-457
-461
-453
-465
-460
-461
-465
-460
-464
-464
-459
-465
-462
-462
-465
-460
-464
-464
-461
-466
-463
-463
-466
-461
-465
-464
-461
-466
-463
-463
-463
-463
-461
-441
-394
-368
-313
-293
-261
-241
-210
-188
-160
-149
-126
-108
-96
-86
-73
-54
-40
-30
-25
-14
-7
11
14
24
22
29
34
39
33
39
41
45
48
47
56
52
54
69
66
75
84
77
84
87
75
86
73
73
76
68
78
77
69
87
72
72
77
65
76
86
70
85
76
76
83
79
86
80
73
87
79
79
90
78
83
80
68
80
72
79
84
76
83
84
74
88
75
79
78
68
76
78
68
81
70
68
74
66
72
70
63
74
71
70
76
63
67
72
65
72
67
64
68
61
64
67
60
65
57
54
59
46
62
66
55
63
55
55
62
57
63
61
51
61
51
55
61
48
59
55
46
57
50
52
58
49
53
54
50
61
50
51
54
45
59
62
48
62
56
59
64
57
59
51
45
59
51
56
59
48
60
58
53
67
60
58
60
49
62
61
60
73
61
56
61
48
62
68
60
71
65
71
76
68
78
72
63
74
67
72
75
64
75
73
58
71
63
64
75
62
71
73
74
81
74
79
84
72
86
86
72
90
77
77
82
69
74
77
69
89
79
83
90
74
85
88
77
97
82
84
90
76
86
86
84
93
79
80
86
70
87
90
77
90
83
85
93
87
94
93
84
96
82
88
92
80
89
86
75
90
79
83
95
84
97
92
97
102
93
101
102
87
102
92
86
98
85
91
99
81
92
91
82
99
86
98
95
88
103
97
89
108
89
93
99
79
96
90
90
100
86
90
95
82
102
92
90
103
90
100
101
88
101
92
88
98
82
92
95
82
97
90
88
104
85
99
103
92
108
101
97
104
92
101
99
85
108
95
92
105
91
96
102
83
96
85
83
100
87
98
96
82
101
90
87
111
85
96
95
87
99
94
89
103
82
90
94
78
101
90
87
100
85
94
101
81
96
86
79
96
80
89
94
82
96
93
86
103
80
89
101
79
94
96
79
99
84
94
99
79
97
88
83
99
84
92
106
78
96
89
82
100
88
93
99
78
96
93
88
104
84
93
99
79
95
96
85
101
84
89
95
75
91
89
80
92
78
89
97
81
96
93
88
101
95
96
100
84
100
90
85
93
76
80
91
80
92
95
85
95
87
91
97
77
95
88
82
92
84
86
94
77
88
82
80
90
87
87
95
80
94
90
87
99
80
88
91
78
90
86
74
86
72
73
77
65
81
79
78
89
83
92
93
82
96
85
81
91
83
83
84
69
84
76
77
85
71
78
86
73
88
82
75
89
76
87
91
77
86
80
74
84
72
82
85
67
80
73
65
79
71
73
78
67
82
76
76
86
68
70
76
58
70
66
58
71
58
61
65
56
71
70
66
84
74
82
83
66
79
67
62
68
63
60
67
57
73
71
64
71
58
58
70
57
72
69
65
75
62
66
76
58
72
70
62
70
63
72
74
52
64
61
54
69
59
62
70
53
70
67
65
71
56
56
61
47
65
59
52
69
60
58
68
54
68
64
61
63
55
60
63
49
61
55
50
65
54
52
57
43
64
58
50
56
49
49
62
48
66
60
54
63
53
61
65
55
64
57
43
57
49
57
61
42
56
49
45
59
45
48
50
38
53
44
44
53
44
41
52
40
61
50
52
59
47
50
58
37
55
48
45
55
46
57
60
44
61
51
51
61
45
51
58
47
71
61
49
54
43
50
57
48
70
56
54
61
53
56
67
45
61
52
48
50
47
56
57
41
56
44
38
57
39
47
52
38
64
56
57
61
53
56
62
49
63
53
45
57
44
45
56
31
57
50
51
55
45
51
59
42
60
53
45
63
44
52
55
42
59
56
47
53
40
43
59
43
58
38
46
59
47
58
64
49
61
54
51
58
52
48
59
39
53
43
39
55
53
57
58
48
69
69
61
66
65
56
60
45
57
46
48
57
48
53
59
37
57
55
53
63
55
54
65
61
68
60
51
59
53
56
65
57
66
65
53
57
44
49
60
53
64
58
55
63
57
60
70
52
61
55
46
59
54
60
61
52
63
56
55
67
64
75
75
59
74
66
67
74
61
66
71
62
71
67
63
68
61
71
67
51
62
57
63
67
65
69
71
59
66
72
69
79
63
70
71
60
65
67
63
63
56
59
70
64
74
64
63
71
58
69
72
59
69
67
67
74
67
71
82
68
82
67
72
86
64
72
74
62
78
69
71
80
69
72
77
64
79
66
72
80
68
78
83
70
78
64
81
71
80
83
69
90
77
80
81
71
76
86
70
89
80
73
83
66
72
76
67
83
64
74
88
78
85
90
76
93
83
83
92
79
84
84
68
79
75
71
84
78
79
87
74
94
80
81
87
82
80
87
74
83
81
77
87
75
80
78
64
84
76
80
87
81
83
90
69
92
88
83
88
76
85
86
73
92
77
76
76
71
72
83
76
87
82
89
96
77
97
93
87
95
86
85
89
74
82
90
75
89
78
80
84
75
83
85
79
93
86
86
97
82
90
95
77
93
82
89
94
84
89
84
73
84
84
84
94
78
93
94
81
102
86
88
87
78
78
83
72
85
79
79
84
72
85
91
82
98
80
87
96
80
85
91
75
90
75
85
92
75
92
88
79
88
85
77
90
79
88
95
78
99
78
91
96
77
90
92
81
93
85
85
97
83
91
85
77
91
85
88
94
81
87
91
79
93
94
81
91
80
91
89
81
95
87
87
96
81
88
96
79
98
83
83
91
83
99
91
85
92
87
87
92
78
88
94
80
96
79
82
87
85
88
89
84
92
90
89
100
88
95
98
79
99
84
89
96
90
94
92
77
90
88
87
97
75
90
95
84
101
91
94
95
89
95
100
90
100
87
95
97
74
86
84
84
94
86
94
93
93
92
97
81
95
84
92
95
81
92
90
86
93
84
83
85
83
92
94
88
97
83
92
95
88
99
89
85
93
88
88
94
82
87
83
72
83
77
87
89
78
89
95
83
97
91
95
101
80
102
85
84
89
83
86
89
80
88
89
81
98
79
88
98
76
100
91
89
95
88
93
96
80
93
95
87
102
80
87
89
84
94
93
92
94
90
89
101
84
100
87
80
97
81
89
93
79
88
91
76
87
86
88
97
81
103
99
88
109
89
94
90
81
88
92
81
93
85
90
98
73
96
83
84
96
84
88
96
79
92
93
85
94
83
88
95
82
94
92
87
91
85
83
85
85
90
92
83
96
80
92
91
84
90
89
77
88
86
86
99
80
93
91
81
96
88
96
96
89
97
91
83
99
85
92
96
79
98
89
85
95
88
89
85
81
88
85
77
92
83
85
99
78
94
92
91
92
90
91
89
83
92
94
81
92
78
87
83
80
96
85
82
89
86
83
88
81
98
81
79
93
81
89
96
85
99
85
83
84
84
82
90
71
92
88
85
90
83
94
89
80
90
89
81
95
83
88
93
76
90
77
84
89
82
86
93
82
94
91
84
97
83
87
96
76
95
88
88
92
80
81
81
74
87
84
75
93
89
87
95
90
99
91
92
98
84
90
97
73
92
86
74
85
85
87
89
81
90
89
86
94
84
89
93
78
93
87
81
87
76
87
84
78
82
80
77
92
82
86
89
78
91
87
86
87
89
82
90
77
86
85
82
86
71
75
78
81
97
87
89
95
97
90
105
91
100
88
84
96
79
90
90
87
97
85
81
89
88
90
98
77
96
88
100
98
90
98
86
88
98
86
84
92
88
92
98
77
93
80
87
92
88
96
91
87
99
89
87
96
80
82
92
76
90
81
90
90
83
83
87
80
102
92
94
100
87
100
95
88
96
78
90
94
87
93
97
79
101
85
84
98
80
92
99
83
98
85
92
92
89
91
95
79
103
86
89
94
84
92
95
81
93
84
90
100
85
95
99
79
101
88
93
96
79
86
102
75
92
92
89
102
82
96
95
86
106
86
93
96
84
94
107
87
102
82
91
97
83
97
91
86
98
85
87
95
83
85
98
76
93
91
89
97
84
93
91
80
92
86
82
92
93
90
98
71
88
76
82
88
80
87
91
78
90
88
85
97
80
91
97
76
98
89
92
92
82
83
87
71
94
86
86
94
82
91
96
79
94
82
92
89
84
87
91
78
92
80
73
82
75
86
88
78
91
90
83
90
84
91
93
80
96
79
87
88
82
86
88
74
85
77
76
84
82
87
85
82
97
80
93
99
85
94
95
80
93
92
85
87
78
87
85
80
90
80
87
94
83
91
98
79
97
83
89
90
83
89
87
82
92
79
83
89
76
83
90
77
92
87
90
94
82
91
90
84
91
84
79
88
74
86
85
69
87
71
85
91
84
91
101
85
101
89
92
97
75
88
87
77
94
90
89
94
79
85
88
81
94
89
86
92
81
91
94
79
92
74
80
85
77
82
86
75
89
78
80
81
68
83
84
71
87
83
81
87
78
84
86
74
83
73
75
81
79
86
88
71
86
80
84
93
89
90
89
75
89
79
89
87
78
87
90
74
92
85
86
90
76
85
87
78
90
81
86
86
80
92
94
81
95
82
86
91
80
86
88
80
96
80
87
86
73
83
89
75
93
82
85
86
78
87
91
81
89
85
86
92
85
103
91
79
93
75
79
87
79
88
86
79
92
87
93
90
75
88
87
79
95
78
86
88
75
83
84
72
86
81
83
87
75
94
89
79
94
80
83
94
77
87
88
77
90
77
80
79
65
83
82
72
90
77
84
91
80
91
94
80
95
88
84
90
78
91
85
71
84
73
78
91
77
86
84
75
91
84
87
92
77
88
86
76
93
80
81
86
72
80
86
70
90
82
80
91
79
90
94
82
100
84
90
99
78
91
87
76
91
82
79
82
70
84
88
79
94
86
94
99
81
96
96
77
93
83
81
88
79
90
88
75
87
75
80
89
78
86
88
79
93
94
91
92
78
91
88
81
92
81
85
89
74
78
83
69
86
79
82
87
81
90
88
83
96
74
81
86
74
83
83
77
92
85
80
86
71
88
88
85
93
81
85
85
75
89
88
76
89
79
84
90
79
90
86
76
86
77
83
90
80
93
89
78
96
85
88
96
76
93
87
84
93
84
89
94
75
93
89
75
95
84
88
92
87
94
90
82
98
81
90
92
82
96
89
84
101
88
90
91
76
90
85
81
92
82
87
95
84
98
91
82
96
81
87
93
84
96
90
80
92
78
81
90
77
88
90
83
99
86
94
100
78
98
89
87
99
86
92
99
79
95
89
71
89
79
88
95
87
103
93
91
104
90
97
97
85
96
91
86
101
82
85
88
73
89
95
89
100
88
92
99
82
102
93
83
101
85
92
96
83
97
92
83
92
82
88
98
84
98
94
86
104
87
93
101
79
99
92
88
97
85
91
93
74
94
85
76
96
84
91
98
85
106
97
93
107
91
95
96
79
93
91
83
100
84
87
88
75
90
92
85
95
85
90
95
86
103
89
84
98
83
90
98
78
94
93
80
93
80
83
90
80
93
88
83
103
84
92
96
73
91
88
78
86
78
84
92
81
95
86
78
99
84
95
106
86
104
93
87
99
83
88
92
83
94
90
80
103
82
86
88
76
91
97
85
100
84
92
99
83
103
91
82
100
84
92
99
77
98
87
82
95
87
88
99
82
103
93
89
106
84
89
94
77
94
94
84
98
81
91
99
83
99
89
82
99
89
94
99
79
100
90
90
105
93
95
102
83
98
85
89
100
87
90
93
79
95
97
82
100
83
90
97
81
100
91
85
96
83
89
97
75
96
87
82
94
87
84
93
81
91
88
85
101
84
92
104
85
101
93
92
104
89
98
99
89
96
83
78
94
84
92
101
84
102
91
93
103
88
92
98
81
98
89
91
103
88
93
96
78
95
95
90
99
85
94
99
87
104
94
86
103
86
98
97
86
103
90
88
95
86
85
93
82
97
89
93
108
90
101
101
91
107
97
89
104
83
94
97
82
98
87
85
98
86
104
99
84
102
92
91
107
89
94
105
82
101
88
95
104
89
95
92
82
98
93
88
102
87
95
100
87
105
98
86
99
81
93
93
75
91
83
79
93
76
84
95
79
99
93
97
102
89
96
101
82
101
89
84
93
82
92
100
84
96
88
86
95
83
97
99
82
103
93
97
105
91
94
101
81
98
91
91
103
89
91
96
84
99
89
94
103
90
98
101
94
102
92
89
100
81
94
101
84
103
94
91
104
88
93
103
85
104
90
89
100
82
94
101
87
104
92
85
101
88
96
104
86
100
88
91
101
89
108
98
86
102
93
94
109
89
92
105
86
105
89
96
100
88
95
98
81
99
90
91
97
80
95
97
79
96
87
91
98
84
94
97
81
108
92
94
102
81
90
93
83
101
87
88
99
86
98
102
85
102
87
90
96
77
96
100
84
97
82
82
90
87
94
96
75
96
82
91
102
82
90
99
77
95
92
85
99
80
87
85
74
87
82
83
87
80
90
106
84
98
92
90
101
90
99
94
84
97
77
85
91
75
82
95
82
99
86
92
99
81
93
100
85
98
89
90
97
84
91
105
83
98
81
84
90
94
93
96
78
95
92
92
101
91
91
97
79
97
83
83
89
82
82
86
70
85
84
85
97
79
95
104
91
103
93
92
95
91
91
94
81
89
90
91
95
81
92
93
84
98
89
96
95
91
99
101
91
102
88
91
97
78
97
93
87
95
87
85
90
86
96
93
85
98
88
101
96
81
96
87
79
92
85
85
93
83
93
93
83
93
88
95
100
89
98
98
82
93
88
87
93
87
96
91
84
92
88
91
93
77
85
91
81
100
86
91
101
79
98
95
86
97
88
89
