104
101
103
102
103
102
101
100
101
99
102
103
99
103
99
100
102
99
99
102
100
102
102
104
107
103
105
108
103
106
106
105
105
101
102
103
101
104
104
100
105
102
107
106
102
105
100
103
104
101
101
105
101
104
98
102
101
97
102
102
101
103
103
103
105
103
103
106
102
104
102
102
104
103
105
101
98
100
99
100
106
106
104
107
103
108
107
109
107
105
105
106
101
104
104
101
105
100
101
102
102
103
103
104
103
103
106
107
104
105
104
102
107
103
104
102
103
105
103
103
103
101
103
106
102
107
104
104
106
104
107
106
104
103
104
102
102
98
105
105
100
103
101
103
108
106
109
106
104
106
106
104
106
100
104
103
101
105
102
103
104
101
102
104
98
102
102
102
105
101
107
104
103
106
104
104
109
104
105
106
103
107
106
106
105
100
103
104
104
106
103
102
102
101
103
104
99
104
103
104
105
105
106
108
105
105
105
102
110
104
106
106
103
107
106
106
106
104
105
110
105
108
107
104
107
103
106
106
101
104
103
104
105
104
103
106
102
105
103
103
108
103
105
103
102
105
106
103
104
102
99
105
102
103
101
98
104
103
104
106
103
105
107
105
108
108
105
107
103
105
103
102
105
102
104
104
102
104
108
105
108
103
104
104
104
105
104
104
105
104
103
105
102
101
103
102
104
103
105
105
104
105
105
105
106
104
104
105
103
103
105
101
103
100
100
100
105
105
106
105
107
107
110
110
107
105
105
105
106
105
105
105
104
103
105
102
105
103
108
106
104
106
104
104
105
104
106
105
106
103
103
102
106
101
105
103
103
99
102
105
106
105
104
106
104
106
106
108
108
101
103
100
100
101
101
102
103
99
101
103
104
105
103
104
108
102
107
105
104
104
104
103
105
103
104
105
104
105
103
105
104
101
104
106
103
107
107
103
107
103
105
106
103
104
102
104
105
103
106
106
103
103
103
103
107
104
107
106
104
104
101
104
103
99
102
107
104
109
107
106
107
105
105
103
105
104
104
103
106
106
107
105
103
104
105
105
108
103
105
106
105
103
105
104
104
102
106
104
104
106
105
104
105
104
107
106
105
105
105
104
106
103
107
104
105
104
103
105
107
101
103
103
103
104
106
104
109
105
109
106
108
109
106
103
107
103
104
104
104
104
103
104
105
102
108
105
106
106
105
105
109
104
107
106
106
108
105
105
105
101
106
105
105
107
106
107
110
106
110
109
107
106
105
107
108
105
108
104
102
102
98
101
106
101
107
106
109
109
109
109
110
105
107
106
104
106
103
104
107
100
103
102
101
103
103
102
106
103
105
104
103
106
102
104
107
100
104
104
102
104
103
100
105
99
105
105
105
105
104
107
108
103
108
109
105
105
105
103
106
102
105
104
102
103
101
104
108
104
107
107
106
108
109
106
109
103
107
105
106
106
104
105
110
104
106
107
104
105
107
105
108
105
109
107
107
108
106
105
108
103
105
104
105
106
106
105
106
101
105
105
107
106
106
106
109
105
107
106
104
103
102
103
107
107
107
108
107
106
106
106
109
105
106
106
106
105
107
106
108
103
107
107
108
108
106
106
108
103
107
105
102
106
106
107
109
105
107
106
105
106
104
107
106
103
106
105
104
106
106
104
106
103
106
106
108
106
103
103
104
102
105
105
104
105
105
106
109
106
108
105
104
103
101
101
103
100
103
103
103
107
104
105
108
103
106
104
106
106
104
104
107
103
107
104
102
105
103
103
108
102
106
106
106
107
107
106
109
103
106
103
104
108
106
103
105
99
100
101
103
103
103
104
108
104
111
108
106
107
105
104
107
103
105
105
104
103
102
102
105
103
107
106
105
108
106
105
108
105
105
107
106
107
105
106
108
105
107
104
102
103
104
105
108
104
107
106
107
107
106
107
107
105
105
103
103
104
103
102
103
102
104
106
106
107
105
107
109
106
108
107
106
105
104
105
108
103
105
105
106
106
105
106
106
105
107
106
106
107
105
106
108
105
107
107
105
104
104
105
106
104
105
103
104
103
101
104
107
102
104
106
104
104
105
103
102
99
102
100
103
105
103
104
106
102
105
107
104
105
104
105
106
104
108
105
105
105
104
105
108
103
106
106
105
106
106
105
103
102
108
105
106
107
106
106
109
105
107
106
104
105
103
104
107
104
106
105
103
103
103
105
106
101
103
101
101
105
106
104
105
104
107
106
107
108
106
106
105
101
103
102
102
104
102
104
106
105
105
106
106
106
105
105
107
102
105
105
104
102
105
83
23
9
-178
-264
-312
-441
-432
-451
-457
-457
-459
-460
-460
-462
-461
-462
-463
-462
-465
-464
-465
-466
-465
-465
-466
-465
-465
-465
-465
-465
-465
-465
-466
-465
-466
-466
-466
-466
-466
-466
-465
-465
-465
-464
-464
-463
-462
-461
-460
-435
-391
-357
-317
-283
-252
-220
-197
-169
-140
-121
-97
-79
-67
-51
-33
-17
-7
6
18
27
37
40
48
56
59
67
75
80
84
86
91
93
95
98
96
100
106
107
109
111
112
115
116
116
117
117
116
117
117
120
118
119
120
119
119
121
118
119
120
120
120
121
120
119
119
120
119
117
119
117
115
116
115
116
117
114
113
113
110
113
112
112
112
108
111
110
108
111
105
104
102
101
102
102
104
103
104
103
102
100
102
102
100
98
99
97
99
96
96
96
93
96
92
96
91
94
94
94
91
91
90
87
88
88
88
90
87
86
87
86
86
83
86
84
84
85
85
85
88
83
84
83
80
86
85
85
85
84
83
84
84
86
85
85
88
85
88
92
89
91
90
88
88
87
87
87
86
87
86
85
90
85
88
88
86
89
90
87
90
86
89
91
89
92
90
89
92
91
93
96
90
97
93
99
98
97
97
98
96
99
98
99
102
99
102
101
100
102
105
103
107
104
107
112
114
117
115
117
118
117
119
121
118
124
121
119
121
120
120
123
123
125
126
128
135
131
133
135
132
135
135
135
138
137
140
141
141
141
139
138
139
141
145
146
143
147
147
148
148
149
150
152
151
153
152
153
157
150
152
156
152
155
159
160
159
161
161
163
163
164
164
162
167
164
168
171
166
168
169
169
171
170
171
175
174
176
173
177
179
176
179
181
181
182
185
182
184
181
184
186
187
187
188
187
189
187
192
197
195
196
197
198
202
201
199
201
197
200
199
201
202
200
204
205
205
205
210
209
211
207
210
214
217
213
212
212
214
213
216
217
215
217
219
218
223
218
219
221
222
223
223
227
222
225
223
229
223
229
225
222
230
225
228
229
231
231
230
225
231
230
237
236
235
236
237
237
239
237
241
236
241
242
242
244
246
243
247
245
245
246
244
246
248
245
250
248
249
251
251
251
254
250
257
257
257
255
253
254
256
255
254
252
253
258
258
256
257
253
255
251
254
256
255
251
252
248
250
251
250
250
249
249
250
245
252
248
248
248
245
248
252
247
249
248
247
247
246
246
246
243
244
243
240
242
237
237
240
234
236
238
233
232
229
227
226
220
226
217
220
220
218
217
224
213
221
219
222
226
226
228
231
231
236
239
241
246
242
246
252
250
257
262
262
264
263
264
268
267
271
272
272
275
274
275
279
271
276
273
274
272
274
270
273
266
267
264
263
261
257
257
258
254
251
251
248
245
244
240
243
235
236
231
231
226
222
222
220
211
209
202
198
192
188
173
171
160
158
154
153
146
139
132
131
124
119
119
116
115
113
114
117
115
120
116
119
118
117
117
119
113
118
114
113
115
114
113
113
111
118
112
112
110
109
109
111
106
108
109
107
106
104
107
105
101
100
98
94
98
92
95
96
82
89
84
81
80
77
74
73
65
66
61
54
52
44
42
43
33
35
29
30
25
18
14
10
3
1
-2
-11
-12
-18
-18
-21
-29
-27
-31
-36
-35
-37
-43
-41
-49
-49
-54
-55
-57
-62
-61
-60
-64
-59
-59
-62
-60
-59
-61
-53
-58
-54
-54
-54
-52
-54
-49
-47
-52
-48
-46
-49
-43
-46
-46
-43
-46
-41
-44
-39
-40
-38
-39
-37
-39
-36
-37
-39
-38
-39
-40
-38
-41
-39
-40
-40
-39
-38
-37
-35
-40
-36
-36
-39
-34
-38
-38
-36
-38
-33
-31
-35
-33
-31
-36
-24
-29
-22
-22
-17
-14
-14
-11
-6
-6
-3
-1
2
7
10
13
17
13
16
15
17
20
20
22
25
22
23
25
24
24
21
22
20
17
20
13
13
12
9
9
8
3
2
3
1
1
-3
-3
-5
-9
-8
-9
-10
-8
-11
-12
-10
-13
-10
-9
-9
-9
-11
-8
-4
-3
2
3
4
7
7
9
15
11
15
15
16
20
16
20
21
22
26
27
27
33
30
37
37
34
41
42
43
45
46
46
50
48
52
53
54
58
59
61
66
64
68
70
71
73
74
74
79
77
82
84
82
86
82
85
86
86
90
91
93
92
91
90
95
94
99
94
99
98
97
101
104
99
99
103
102
105
108
107
110
108
112
111
112
114
115
114
117
116
116
123
120
122
122
123
124
124
128
129
131
131
133
132
136
131
134
137
137
140
141
143
142
141
145
146
147
147
147
147
150
147
150
152
149
152
149
152
151
155
157
158
153
155
156
158
161
154
162
158
163
163
163
162
162
163
164
164
164
167
170
170
168
171
171
173
174
174
176
175
176
174
176
175
177
175
180
179
176
177
175
180
181
183
181
183
182
187
186
188
187
183
187
187
186
191
189
188
188
186
185
186
184
189
188
191
191
192
201
201
200
201
200
200
200
199
199
200
196
202
198
201
200
198
202
205
203
206
205
204
207
205
208
209
205
208
206
207
209
209
210
209
206
208
206
208
213
211
213
213
211
214
214
216
215
213
214
215
212
217
211
212
216
212
215
216
215
216
219
218
221
221
223
222
219
222
219
218
221
219
221
221
219
220
224
218
223
218
223
225
218
228
221
227
224
222
228
224
224
222
227
222
228
221
231
225
225
224
223
228
226
226
226
228
227
228
229
228
229
222
230
225
226
230
230
227
231
230
231
233
228
232
231
232
233
230
236
233
233
233
233
233
236
232
232
234
232
236
233
235
234
232
233
236
235
237
236
235
237
234
237
239
234
237
235
237
236
236
239
238
234
239
235
235
240
235
237
236
235
237
237
237
239
236
238
241
238
244
240
242
243
239
242
243
238
241
240
240
241
242
244
244
239
245
243
243
246
241
243
243
242
243
245
241
243
239
240
244
238
244
240
242
243
241
243
247
242
244
242
240
243
240
245
244
238
239
238
237
240
236
239
244
242
246
245
245
248
244
246
245
244
244
245
243
244
244
242
246
240
243
243
242
246
245
246
245
245
244
246
243
246
239
243
244
242
245
246
242
243
241
242
245
247
246
246
245
249
244
247
248
246
247
244
244
243
244
242
242
243
242
242
242
247
244
247
247
248
248
248
245
244
244
243
245
244
245
243
243
246
243
245
246
244
243
245
245
246
245
247
247
245
247
245
248
248
244
247
244
244
246
246
244
245
242
243
246
247
246
243
244
245
243
246
246
242
244
243
241
245
242
247
247
246
246
246
248
247
244
245
244
243
248
245
245
250
244
245
245
246
245
244
244
243
244
246
244
241
242
242
243
243
242
245
246
245
246
244
246
246
242
245
246
242
247
244
244
244
241
242
243
244
243
242
240
244
240
245
248
243
244
244
245
248
244
244
246
244
243
239
239
240
238
242
242
241
244
244
241
242
240
241
243
241
242
243
240
242
239
243
242
239
240
241
240
244
241
241
242
239
245
241
244
243
239
242
242
240
243
242
242
242
238
237
239
241
240
239
240
243
243
246
246
247
244
243
243
246
239
241
241
240
240
239
241
239
239
241
241
240
243
241
240
244
241
243
242
242
240
240
238
243
240
243
240
238
239
237
239
244
239
243
240
240
241
241
240
240
236
237
238
236
238
235
237
236
232
236
236
236
238
238
239
239
237
240
236
237
236
235
236
238
235
237
236
235
239
236
234
237
232
237
235
236
237
234
234
236
232
237
237
234
236
233
234
234
233
235
232
233
232
229
232
237
230
233
234
233
236
235
233
233
228
229
229
229
231
229
231
234
230
233
234
231
233
230
230
232
231
232
232
231
233
229
230
233
229
231
232
232
234
233
231
232
228
232
233
233
233
231
232
233
229
232
232
229
229
228
228
229
228
228
228
225
227
223
229
228
222
227
224
222
226
222
225
224
220
226
222
227
222
224
221
224
217
220
218
216
218
217
217
219
216
217
217
217
215
215
217
216
213
216
215
214
216
214
214
216
211
215
216
218
215
213
214
216
212
217
216
212
214
211
211
211
209
209
207
205
203
201
202
202
197
199
198
198
199
198
200
199
195
198
195
195
193
190
187
189
185
188
186
184
186
184
187
187
185
187
186
184
187
184
187
186
183
186
188
187
190
187
187
188
184
188
190
189
192
194
195
198
195
201
198
196
199
197
199
199
195
198
196
193
195
193
195
197
196
198
200
199
203
198
198
200
195
196
197
196
198
194
196
197
193
197
196
193
196
195
197
200
196
197
197
195
197
196
196
198
196
197
197
195
199
194
194
196
192
194
196
196
197
195
195
197
194
199
197
194
193
191
188
190
187
189
191
192
195
194
195
197
195
196
196
195
196
194
195
196
195
196
197
194
195
193
195
198
196
198
196
194
194
195
196
198
195
197
197
198
197
197
196
196
193
195
194
195
197
193
195
194
192
192
196
193
194
192
192
193
191
189
188
189
189
188
191
192
195
197
197
196
196
193
194
193
193
194
194
194
195
193
195
196
194
195
197
194
195
192
194
194
193
194
192
191
189
187
191
193
191
190
189
189
190
189
191
191
188
191
190
189
191
187
189
189
185
186
188
187
187
184
187
187
187
190
188
189
192
193
196
196
191
189
189
188
187
187
186
186
186
189
188
188
190
188
190
190
188
189
191
188
189
187
188
190
189
189
188
187
188
185
190
189
186
189
190
188
192
193
194
194
191
190
189
190
189
186
188
188
184
185
187
188
190
189
191
192
197
196
196
195
194
192
193
194
190
188
188
187
188
185
187
185
187
189
189
190
189
188
189
189
189
190
189
189
190
188
190
190
191
190
187
187
187
185
190
191
188
189
189
189
191
188
191
187
187
189
186
188
187
184
188
187
187
190
188
190
192
194
194
196
195
194
194
194
195
191
194
194
191
190
188
190
193
192
193
193
191
191
190
191
191
189
193
196
195
199
194
194
196
192
194
195
194
196
192
193
193
189
192
194
192
194
193
195
195
190
189
188
187
190
190
192
197
193
198
198
193
197
192
191
191
188
190
193
193
196
194
195
196
192
197
197
194
196
195
194
199
192
194
193
189
191
191
190
193
192
194
196
193
198
194
193
195
191
190
192
192
195
193
191
191
186
187
188
188
187
187
187
192
191
192
194
192
196
196
193
194
188
188
188
186
187
184
183
187
186
187
190
188
188
189
189
192
192
194
192
189
189
188
187
191
187
187
188
184
187
190
189
190
185
190
188
189
190
188
185
187
185
186
189
186
187
185
186
185
184
186
186
186
189
189
190
192
193
196
195
191
190
188
187
186
184
185
185
184
184
182
182
185
185
188
188
186
189
184
186
188
185
185
185
184
186
184
183
186
181
184
183
181
189
186
186
188
184
185
185
187
187
184
184
185
180
184
182
181
183
183
182
187
184
185
186
186
189
186
188
186
183
186
185
183
184
185
182
185
181
185
186
184
184
181
180
184
181
185
180
182
184
186
183
188
185
185
184
181
183
183
183
185
181
182
183
180
180
183
180
184
179
182
181
182
179
183
177
180
176
181
182
180
183
185
182
185
178
181
181
180
179
180
181
183
178
181
182
180
182
180
179
182
177
181
182
183
178
178
177
179
176
182
179
179
181
179
179
182
181
180
181
185
180
180
182
183
178
180
179
178
180
179
177
179
176
178
179
179
180
180
181
183
179
183
180
180
179
178
174
180
175
176
177
178
179
177
180
180
177
181
178
179
179
178
177
179
175
175
177
177
177
173
175
175
173
176
175
174
176
176
176
180
175
180
177
176
178
175
176
176
173
175
171
170
177
171
172
176
171
179
178
179
181
178
179
178
174
176
174
173
176
174
177
176
171
176
172
175
176
176
175
177
173
176
176
175
178
173
174
175
171
173
175
174
171
172
170
172
171
174
176
170
172
172
172
176
171
173
171
170
172
170
169
172
169
174
170
168
172
171
173
175
171
171
174
171
171
168
170
172
168
171
169
168
168
169
169
172
169
169
168
168
172
172
170
172
166
172
171
172
171
170
169
172
166
169
171
170
170
167
168
167
168
169
170
171
169
168
169
173
166
168
166
170
170
170
168
170
170
172
172
172
171
168
169
173
166
171
169
172
171
169
166
170
169
170
167
167
169
167
171
172
165
168
163
167
168
170
167
169
165
170
168
170
170
166
169
171
167
169
168
169
168
166
165
167
163
166
165
165
164
163
167
167
165
168
166
167
170
169
168
169
163
169
165
166
166
160
164
166
164
167
166
164
166
164
166
168
162
166
163
163
162
161
164
164
160
162
161
159
168
161
162
164
158
166
163
164
163
161
161
165
159
167
163
157
164
155
161
157
158
160
158
162
159
163
162
164
159
168
162
158
163
157
161
158
160
159
164
159
163
154
160
160
156
166
158
163
159
164
161
162
159
163
160
158
164
158
164
160
155
161
156
159
161
160
157
163
154
163
159
164
160
155
158
159
156
159
158
160
155
159
158
162
153
161
157
160
159
160
157
159
159
160
155
158
160
154
159
160
152
160
155
159
157
156
155
157
157
160
155
157
161
154
161
159
158
160
153
160
153
157
159
159
155
157
157
155
160
150
158
156
153
152
154
154
155
154
154
156
152
159
155
155
161
152
158
159
155
156
154
154
156
154
157
157
154
159
157
157
160
150
156
156
156
155
157
154
155
151
152
152
151
156
153
155
155
152
153
158
151
152
151
150
154
152
154
156
151
152
149
151
151
149
150
152
149
153
153
151
156
154
155
156
154
157
153
153
153
151
150
155
148
151
152
151
153
153
154
154
152
153
155
154
155
154
152
153
149
154
153
151
151
150
149
150
151
151
152
151
153
152
154
157
154
155
152
152
152
153
151
152
150
149
147
148
150
146
151
152
150
152
155
154
154
154
153
153
151
152
149
147
151
150
152
151
149
