107
99
102
103
101
103
105
104
103
102
103
105
101
105
107
102
106
101
103
101
101
103
104
104
105
104
103
107
103
107
105
102
104
101
104
105
103
101
101
100
101
98
103
106
103
107
107
106
108
106
106
106
103
103
106
102
105
103
104
104
104
104
102
104
104
105
105
107
105
104
106
103
106
103
106
104
102
105
105
103
105
102
103
104
103
106
107
106
107
105
107
106
107
106
104
104
102
100
101
105
102
103
102
104
104
105
107
107
106
105
107
104
109
105
105
107
105
107
106
106
106
106
109
106
104
106
104
104
107
103
108
106
106
110
108
108
108
108
107
107
105
106
107
107
108
103
107
104
106
108
108
105
107
105
105
104
104
105
102
105
104
102
107
107
106
107
106
103
106
103
104
107
103
106
104
105
106
104
106
104
105
106
107
104
107
103
106
104
104
104
102
105
104
103
105
106
105
105
106
103
108
104
106
105
103
104
103
105
106
101
102
102
99
104
104
101
103
100
106
104
107
107
107
106
108
102
105
106
103
105
102
103
104
105
104
105
104
104
106
106
107
105
105
105
104
106
105
103
104
103
104
105
104
103
103
101
105
102
107
104
104
106
106
106
107
107
106
106
103
103
105
109
107
101
104
103
103
105
105
108
109
106
109
110
109
108
105
104
106
103
107
104
105
105
105
103
106
102
103
105
104
106
105
108
107
105
108
106
105
108
107
103
106
102
106
104
104
107
101
103
105
104
108
106
105
104
107
105
108
103
106
102
103
103
103
104
105
103
104
105
102
110
108
108
107
103
109
107
107
108
107
107
112
105
108
108
104
108
106
108
111
104
108
108
107
107
108
106
109
106
110
105
105
110
105
105
107
103
107
110
106
106
107
103
109
105
109
105
104
107
105
105
110
104
103
106
105
106
109
107
110
106
108
105
103
105
104
104
108
103
106
110
106
109
107
104
107
105
108
106
106
107
107
104
109
103
104
105
106
107
107
106
108
106
108
108
108
106
107
105
109
103
106
108
103
105
103
100
105
103
105
106
104
105
107
107
111
106
107
108
109
108
109
107
107
103
104
103
103
104
105
106
107
103
107
107
106
108
107
105
109
106
106
106
105
105
104
107
107
103
103
105
107
108
109
106
109
106
110
107
109
109
106
106
109
105
104
106
104
102
103
103
106
105
109
106
107
109
109
110
112
107
106
106
104
105
105
105
107
103
107
104
105
103
104
104
109
103
106
108
106
107
105
105
110
105
105
104
104
105
105
105
106
100
102
102
103
107
105
106
108
104
107
110
106
102
104
102
106
102
107
107
105
105
105
103
107
106
107
108
106
107
108
106
109
103
108
106
106
108
106
105
108
105
106
105
108
105
106
106
109
106
108
107
107
106
108
106
108
107
107
106
104
106
106
108
108
103
105
105
107
106
107
103
106
102
105
105
105
106
104
105
107
105
108
107
107
107
105
105
105
102
105
104
104
105
107
108
107
105
108
106
106
108
104
104
107
105
108
107
107
104
105
106
107
107
110
108
108
107
106
108
108
105
106
106
106
106
106
107
105
100
102
100
101
105
102
103
105
105
108
107
108
106
106
108
109
105
109
106
106
103
103
103
105
104
106
105
106
107
105
106
108
104
107
106
106
109
105
105
106
104
106
106
104
106
103
106
108
104
108
105
106
107
106
107
109
104
106
105
104
104
103
102
103
100
101
101
103
106
103
105
108
106
111
110
109
108
105
105
106
104
105
104
105
106
103
104
106
101
106
104
104
105
106
106
108
105
106
104
103
106
103
103
107
104
105
105
104
101
101
103
106
103
106
105
106
108
107
106
107
102
103
102
101
102
106
106
105
103
104
104
106
109
107
107
108
104
107
108
106
106
102
104
106
105
105
105
107
105
103
104
104
101
106
106
106
107
107
107
107
105
108
106
108
107
105
106
106
105
107
106
105
105
102
105
107
106
105
103
104
104
101
105
106
101
105
104
104
106
106
107
107
104
105
103
104
105
102
104
105
102
106
106
105
108
104
107
106
106
106
104
105
107
105
108
108
103
106
106
106
105
105
107
108
104
107
106
105
106
103
104
106
102
106
104
103
102
99
102
103
101
105
103
104
108
105
107
109
104
108
106
105
107
105
103
106
101
103
102
103
103
103
104
107
103
109
106
105
107
105
103
105
103
104
104
104
104
102
103
102
99
102
103
103
105
103
103
105
102
105
105
104
104
102
104
104
99
105
102
99
100
100
102
106
105
106
106
105
108
106
110
108
104
105
105
106
106
104
105
102
111
56
71
37
-135
-166
-255
-342
-321
-426
-434
-443
-452
-455
-456
-458
-457
-458
-459
-458
-460
-459
-460
-460
-460
-461
-461
-460
-462
-461
-461
-462
-461
-462
-462
-462
-464
-462
-462
-462
-461
-462
-461
-461
-461
-460
-460
-460
-460
-428
-390
-355
-320
-286
-260
-229
-199
-177
-148
-128
-106
-87
-72
-55
-38
-24
-16
-7
6
21
30
37
43
48
54
61
65
72
80
81
84
87
91
93
96
93
99
95
101
101
104
106
105
105
107
105
107
112
112
112
113
113
113
114
116
115
114
114
113
112
115
113
113
112
113
112
113
113
114
113
111
112
112
111
111
111
112
111
110
112
109
106
109
107
107
107
106
107
107
106
105
103
105
103
101
102
101
101
102
98
98
96
92
98
95
97
92
97
94
98
93
101
93
95
96
90
92
94
90
91
90
88
88
86
87
87
86
89
88
88
89
88
88
86
85
86
86
85
84
85
84
84
84
83
82
82
82
85
86
87
86
86
86
86
85
88
86
86
86
84
85
85
84
84
83
82
82
83
88
89
87
89
89
89
91
91
90
90
88
91
89
91
91
91
90
90
89
93
91
91
94
93
94
97
94
96
95
98
97
96
98
98
94
102
98
98
102
100
101
101
100
105
104
105
106
105
107
108
106
112
108
106
107
109
109
113
112
114
115
113
116
113
118
119
116
118
118
118
122
121
120
123
121
125
124
123
126
125
125
126
123
127
124
125
129
130
130
135
132
136
135
133
135
137
134
136
133
136
136
136
139
137
135
135
131
137
138
136
136
135
134
137
133
140
136
137
139
137
138
143
138
141
140
139
138
138
141
142
137
142
140
141
142
141
141
143
140
142
143
143
140
141
141
145
139
144
142
141
144
145
144
146
144
146
147
147
148
146
148
148
143
146
144
146
148
146
142
144
141
145
146
145
147
147
149
152
149
154
151
152
151
151
150
152
148
148
149
147
149
147
149
151
148
149
151
152
154
152
154
155
150
156
155
154
156
154
154
157
153
155
152
151
155
154
154
157
151
157
155
156
158
155
154
156
152
154
152
151
155
150
151
151
147
154
156
157
156
156
158
161
153
159
156
154
157
155
156
158
154
157
157
155
154
156
153
157
152
154
157
152
155
151
151
153
148
152
150
149
149
149
149
152
148
151
148
146
148
150
150
151
146
150
149
148
150
150
144
147
142
146
144
145
145
146
144
145
142
144
146
142
144
141
141
144
139
143
142
141
141
140
138
140
129
137
136
132
132
131
129
132
128
130
129
131
129
127
122
125
118
122
120
117
116
115
115
116
115
114
114
114
114
113
118
119
114
117
115
117
119
119
115
119
118
122
123
124
125
124
125
123
119
122
121
122
122
120
121
122
118
118
117
112
114
109
110
107
102
100
98
95
96
90
90
92
87
89
86
86
85
80
81
81
78
81
78
75
79
74
74
78
73
75
71
71
76
71
75
74
72
75
73
73
77
76
74
76
71
75
73
74
72
70
70
71
68
71
71
68
71
68
68
70
66
68
67
67
66
64
64
66
61
61
61
58
61
56
53
56
54
55
52
54
54
54
52
57
51
55
51
50
50
49
49
52
48
47
47
47
48
51
51
55
52
56
54
54
55
56
50
52
48
50
51
49
49
49
46
48
42
46
45
45
45
46
45
49
41
44
46
43
43
43
44
44
43
43
43
44
43
41
39
42
41
43
45
44
45
43
46
46
46
46
45
44
45
46
48
52
47
49
49
50
51
53
53
54
52
53
56
53
58
55
58
57
54
57
56
57
57
57
60
57
56
56
56
55
58
55
59
60
58
58
59
60
59
60
58
59
57
61
61
61
63
58
62
61
61
64
68
65
68
67
66
69
66
70
67
69
73
70
74
75
74
75
74
70
72
73
74
75
72
77
75
78
79
76
78
79
77
80
81
78
82
80
83
84
80
83
81
84
86
84
86
88
86
89
89
89
91
91
92
92
90
93
92
94
94
90
91
93
91
95
96
91
97
93
100
97
98
98
100
99
102
100
98
101
97
102
98
100
101
98
102
104
102
104
107
107
109
105
108
108
107
109
108
107
108
107
110
111
113
109
110
110
115
111
114
114
115
115
115
115
114
116
114
116
114
115
115
115
116
112
114
113
114
118
120
117
121
122
124
125
123
125
121
123
122
121
126
122
123
124
123
121
124
121
122
125
124
126
125
131
132
130
130
132
129
132
132
131
132
130
134
132
131
133
129
132
134
134
135
134
131
135
134
133
135
129
133
132
132
135
133
135
133
134
134
137
134
142
138
137
137
135
138
137
137
140
138
138
143
139
143
142
137
142
138
140
142
136
140
139
140
139
140
139
143
139
142
140
139
144
140
140
141
138
141
143
139
140
139
137
143
139
144
140
136
141
142
141
144
141
141
144
141
145
147
145
148
143
145
143
140
144
141
142
146
143
146
149
145
147
145
144
147
145
147
146
145
145
147
143
147
143
143
145
144
146
146
146
145
145
146
147
144
146
147
145
147
144
146
148
141
143
141
141
141
143
144
144
144
147
148
148
153
146
150
147
147
147
148
146
145
144
144
146
142
146
146
148
148
146
148
149
147
148
149
147
149
148
148
148
146
149
146
148
150
146
149
147
147
148
150
147
149
146
150
149
148
149
145
146
145
144
143
147
144
143
145
145
149
148
151
149
150
150
151
151
153
149
148
147
145
148
148
148
151
146
149
147
146
145
146
146
149
146
148
150
145
150
146
146
149
145
147
146
147
147
148
146
150
144
147
146
145
150
150
149
152
148
148
152
149
147
147
145
150
145
151
152
149
150
148
147
151
150
149
150
147
149
146
148
151
146
150
148
149
148
149
148
151
147
146
148
147
147
146
146
149
148
149
148
147
147
150
148
151
150
147
148
146
149
148
148
149
145
146
148
147
147
148
144
148
143
147
147
150
150
150
148
151
149
152
151
146
146
147
145
147
144
147
147
148
147
149
153
150
148
149
149
148
150
148
145
150
146
149
147
149
145
148
145
147
147
151
149
147
148
147
147
148
144
147
146
146
145
147
145
144
138
143
139
141
145
141
143
145
143
147
147
147
145
147
146
148
143
149
144
144
141
143
144
145
144
146
147
146
148
148
147
149
144
150
147
149
150
147
146
149
146
147
147
144
146
145
147
153
145
150
147
148
148
148
148
152
147
149
147
144
146
146
147
148
144
147
148
150
150
150
150
153
147
153
152
150
148
146
147
148
145
147
146
147
148
146
144
149
143
147
146
145
146
146
148
148
146
147
147
145
148
145
145
149
148
148
147
145
144
145
145
147
146
147
147
147
147
144
144
148
142
143
143
145
145
147
145
149
144
147
144
145
149
145
147
148
145
146
148
143
146
144
145
147
144
146
145
147
145
144
144
145
143
146
146
146
145
148
143
147
143
146
144
146
145
144
141
143
141
145
144
141
143
140
143
145
143
142
139
142
141
140
143
146
142
147
143
143
145
145
144
145
141
144
140
142
142
140
140
143
139
144
145
145
143
141
143
144
143
144
141
142
145
141
142
144
137
144
142
143
143
143
143
145
141
145
142
143
143
141
140
147
140
145
143
142
141
136
138
141
139
144
141
141
145
143
146
147
141
144
143
143
142
142
142
144
138
141
140
140
141
140
141
142
138
141
140
140
141
139
138
143
137
139
137
137
137
134
137
137
133
137
138
137
139
136
136
139
136
139
138
138
136
137
136
136
132
135
134
132
133
133
134
138
134
138
138
137
139
139
140
141
135
138
138
137
139
138
137
138
137
138
136
135
136
137
137
139
136
141
139
139
140
138
137
138
135
136
136
136
137
136
136
137
132
135
135
137
139
135
136
138
136
137
136
133
134
133
134
136
133
140
137
137
137
135
135
139
136
137
135
136
138
136
138
138
134
138
135
136
139
135
135
137
133
135
133
132
133
133
135
136
134
138
135
134
136
133
133
137
133
136
134
134
137
134
135
135
131
134
133
132
136
130
132
133
131
134
134
135
135
133
134
136
133
138
136
133
134
132
133
137
132
134
134
134
135
135
135
138
134
136
134
134
135
132
133
135
131
134
136
131
133
133
133
136
133
135
134
135
136
135
134
137
132
134
134
132
135
134
134
134
129
130
130
130
130
130
133
137
134
136
138
136
135
134
134
134
133
133
133
131
132
130
130
132
130
132
134
132
133
133
133
133
131
131
132
130
133
130
132
133
131
129
129
127
124
124
128
132
131
131
131
130
131
129
129
129
125
123
122
121
122
122
120
121
118
118
120
123
123
122
123
124
122
124
123
122
122
121
122
122
121
121
122
122
122
119
124
123
122
124
124
124
126
126
125
128
129
130
129
131
130
127
126
127
125
129
130
129
128
128
131
130
129
130
131
131
131
129
131
131
125
124
123
122
126
125
126
126
122
124
123
126
125
122
124
124
121
125
124
123
122
119
121
120
119
121
121
120
120
117
119
118
117
120
120
120
123
123
122
124
121
122
122
122
124
120
122
124
122
124
123
120
121
121
125
126
124
125
126
122
124
122
124
125
123
126
126
125
130
130
131
131
127
124
123
125
126
124
125
126
125
128
130
129
131
130
129
131
128
128
128
128
128
125
123
122
122
125
124
124
126
124
125
126
125
126
125
125
125
122
125
126
124
129
128
128
127
120
122
124
121
123
121
126
127
126
130
131
130
131
129
128
130
126
124
122
121
123
122
123
124
123
125
125
126
128
128
129
129
126
125
127
123
126
124
125
127
123
125
123
123
126
125
127
130
127
127
128
130
131
130
129
130
127
125
126
122
127
122
121
124
119
125
129
129
131
130
134
134
130
133
129
127
125
123
124
127
123
125
124
122
123
124
123
126
123
126
125
123
127
124
125
128
126
125
127
123
126
125
124
126
123
125
125
122
127
126
125
129
129
130
131
131
131
129
126
125
121
122
126
125
126
125
125
127
123
127
129
129
130
128
128
131
129
129
131
127
125
124
125
127
124
125
125
122
123
123
120
123
122
124
124
124
125
125
125
127
123
125
125
123
126
125
125
125
124
124
124
121
125
125
126
126
121
126
123
123
123
124
123
125
123
126
127
129
131
130
128
130
124
124
125
125
125
126
125
126
125
126
126
124
126
126
128
131
127
127
126
125
125
124
122
126
123
126
125
127
128
129
129
132
127
130
130
129
129
127
125
129
127
126
123
122
122
123
124
125
121
124
125
126
130
133
131
135
130
132
130
130
130
130
127
126
122
127
126
124
127
127
127
133
130
133
132
131
132
131
131
133
127
128
129
129
131
128
126
126
122
126
128
131
131
130
130
133
128
131
130
128
128
127
124
127
123
123
126
121
123
123
126
129
127
129
131
132
134
130
127
126
123
125
125
124
126
126
123
126
124
125
126
126
125
127
126
132
133
131
131
128
131
130
129
130
126
124
124
124
124
123
122
126
123
125
126
127
124
124
124
127
124
123
124
120
122
122
121
128
126
125
125
126
125
127
129
130
127
126
126
124
128
129
125
128
127
127
126
127
125
126
125
126
123
126
125
125
125
124
124
129
127
127
127
128
130
131
130
130
126
131
130
129
129
125
125
124
124
128
129
128
126
124
124
126
123
125
124
125
121
126
127
130
130
131
129
127
123
125
124
129
126
126
126
127
127
126
125
127
124
128
133
128
131
129
130
134
126
126
124
126
127
126
125
129
127
127
126
126
126
127
127
127
124
127
129
131
128
125
120
122
119
124
122
121
122
124
125
126
125
126
125
125
126
125
123
126
120
123
122
121
121
119
122
126
122
124
125
126
129
128
127
126
125
125
125
123
122
125
124
125
125
121
121
123
124
121
124
125
127
126
125
125
122
124
121
124
119
121
121
121
120
118
119
119
119
123
124
118
123
124
124
128
129
128
125
122
122
120
124
123
122
123
122
120
122
120
121
124
121
126
123
127
124
123
124
123
120
125
124
122
123
123
124
124
121
125
118
124
124
123
125
125
123
126
124
123
123
121
121
121
119
123
120
123
121
121
120
122
119
126
124
123
121
119
122
122
122
123
122
122
121
122
123
124
119
124
121
122
123
118
120
123
121
122
124
123
124
122
124
128
123
125
120
121
121
119
121
123
120
122
119
119
122
119
123
121
117
120
120
121
124
118
118
122
119
122
121
122
125
120
120
119
115
119
119
118
121
119
120
125
119
123
119
119
121
116
121
120
118
120
120
118
121
113
117
120
119
122
121
121
121
121
121
123
120
121
122
120
122
119
121
123
118
118
117
115
116
118
118
120
117
117
121
120
123
119
121
122
121
121
122
116
118
117
116
120
115
120
118
122
121
119
121
123
119
121
121
121
121
120
121
120
116
120
117
119
119
116
117
119
118
120
122
118
119
120
122
123
120
123
118
119
118
116
117
120
114
117
116
115
121
119
122
121
120
127
122
122
123
119
118
119
116
118
121
119
120
118
121
119
117
119
118
118
120
118
119
122
118
122
119
118
121
118
119
119
118
120
120
117
119
115
116
117
115
120
119
120
120
119
119
119
119
117
118
115
118
115
120
121
117
120
120
117
121
121
119
121
117
119
120
118
121
115
118
117
115
118
119
116
119
117
115
118
116
117
117
117
118
117
118
118
116
117
120
117
120
119
117
118
115
119
118
119
117
116
116
119
117
117
119
116
118
115
117
120
117
120
119
120
120
120
121
122
116
119
117
116
117
115
117
116
116
118
119
123
120
119
118
120
115
119
118
118
120
118
117
117
118
116
117
116
119
118
121
122
118
121
118
120
119
118
118
119
118
119
120
118
117
113
115
115
114
120
115
118
118
118
121
121
120
119
119
118
120
115
121
117
