105
101
100
102
102
100
104
102
101
100
101
105
105
103
104
103
104
104
102
103
103
100
102
102
103
106
104
106
104
102
105
104
106
106
103
104
104
102
105
104
105
104
102
105
106
102
104
103
103
103
102
104
102
102
106
104
104
107
104
105
107
105
108
107
106
105
102
105
105
104
108
104
103
105
101
104
106
103
103
102
103
106
103
107
104
104
107
106
105
110
106
107
105
102
103
102
102
103
101
105
104
105
106
105
105
107
102
104
107
104
106
106
105
107
104
104
103
102
105
106
105
108
103
106
107
105
107
108
104
107
104
105
107
107
106
104
103
104
100
104
105
103
105
104
105
108
108
109
109
108
109
108
107
108
104
106
106
102
105
106
104
106
106
107
106
106
107
106
107
109
105
108
109
105
106
105
105
106
106
105
103
102
105
106
106
108
104
106
107
106
108
107
106
107
105
104
104
106
106
103
104
104
101
106
107
106
108
107
110
112
111
111
110
106
107
106
107
108
104
108
108
106
107
106
105
108
105
107
109
109
110
108
107
110
104
109
106
105
108
105
106
108
105
105
104
102
105
106
108
108
104
108
107
106
108
105
103
105
102
105
105
107
108
105
105
108
103
109
108
106
108
106
106
108
104
107
106
103
107
106
107
107
104
107
107
104
109
107
103
109
105
106
107
105
107
105
104
108
104
107
105
103
105
105
103
107
102
104
104
103
105
106
105
106
101
103
104
102
106
105
103
107
102
105
107
106
109
109
106
107
102
105
105
103
105
103
103
109
103
106
106
104
104
105
104
105
102
105
106
105
108
105
102
106
104
106
108
106
106
107
107
109
105
108
106
106
107
106
105
110
106
106
104
103
100
102
103
105
102
105
106
108
110
109
108
110
107
110
111
108
108
107
104
106
102
104
104
106
107
107
107
111
105
108
107
108
107
107
107
109
105
108
107
107
107
105
104
107
103
108
107
106
107
106
107
111
107
109
108
106
108
105
106
110
101
105
103
103
103
105
106
108
104
109
109
110
112
109
109
110
104
108
108
106
107
107
106
110
107
109
107
107
108
107
107
110
106
109
109
108
107
108
104
108
103
107
106
106
105
103
101
103
100
104
106
104
105
106
103
108
105
107
105
101
104
102
102
106
101
103
104
102
103
106
106
110
105
108
107
108
107
105
103
106
103
106
106
104
104
106
105
107
105
105
105
105
106
107
107
109
105
107
107
107
106
107
106
107
104
105
104
109
105
103
103
106
103
108
107
105
106
105
106
106
106
106
104
105
106
103
107
108
104
108
107
108
107
106
105
108
104
107
105
109
108
107
108
108
105
109
106
106
104
104
105
107
104
103
103
104
106
105
107
108
106
105
106
108
108
106
105
108
103
109
107
108
108
103
105
104
100
107
104
103
105
102
103
106
104
108
105
107
109
107
110
109
106
109
106
104
105
101
103
105
103
107
106
108
107
105
106
110
102
108
106
105
108
105
106
109
102
103
101
103
105
105
106
108
103
106
109
106
109
105
106
108
104
107
106
108
108
104
103
105
99
106
105
105
105
109
108
111
109
111
110
108
110
109
108
108
104
107
106
104
108
102
104
108
104
107
108
106
109
107
108
110
102
109
106
106
106
105
106
111
100
105
104
103
105
105
105
106
105
108
108
111
109
106
106
108
103
104
104
101
103
101
102
102
100
106
105
107
106
106
107
111
105
107
104
105
104
104
101
104
102
104
106
103
105
102
107
106
103
107
107
106
106
106
107
108
104
106
106
104
106
102
104
107
102
102
102
103
104
106
105
107
102
106
105
104
107
104
105
104
101
104
102
102
107
104
102
105
102
108
106
106
110
103
104
106
103
105
104
103
106
105
104
105
100
107
106
105
105
102
103
107
104
107
108
105
111
106
109
107
108
109
105
105
106
103
105
107
103
105
106
102
104
105
104
105
104
105
102
106
107
103
102
106
103
107
110
106
109
108
107
107
104
101
104
103
106
101
106
109
104
107
106
104
104
107
104
105
102
104
105
104
105
102
101
105
101
108
105
104
104
105
105
108
102
106
106
104
107
103
106
107
104
105
103
103
103
103
103
105
101
103
104
108
107
106
108
109
107
110
110
109
106
104
104
106
102
103
103
104
104
104
105
106
104
106
108
106
106
104
107
106
104
106
105
108
106
103
104
106
104
107
107
105
107
104
107
108
107
107
104
105
105
103
107
106
102
100
102
102
104
102
106
106
105
107
108
109
111
107
107
107
104
108
105
104
107
103
107
107
104
104
104
105
104
107
109
51
123
-12
-87
-171
-339
-351
-428
-450
-453
-456
-457
-457
-459
-459
-460
-461
-460
-462
-462
-462
-464
-463
-463
-464
-464
-465
-465
-464
-466
-465
-465
-465
-464
-465
-465
-463
-464
-463
-463
-464
-464
-464
-464
-463
-463
-461
-460
-459
-456
-418
-376
-339
-304
-268
-236
-207
-182
-154
-133
-110
-85
-72
-55
-37
-23
-11
0
16
26
31
41
44
52
60
67
73
79
81
86
90
95
100
98
102
102
104
108
110
109
110
112
111
117
116
119
122
122
122
122
123
121
123
122
124
122
126
127
124
126
124
125
124
123
122
123
123
123
124
123
121
118
119
119
119
121
121
119
120
118
117
120
119
116
120
114
115
111
116
112
111
109
109
107
110
105
105
106
103
105
103
105
104
103
103
103
103
104
102
100
101
98
96
96
96
93
97
94
96
93
97
93
97
90
97
90
95
91
91
90
88
89
90
89
87
89
85
88
89
88
89
89
87
89
89
90
93
87
89
89
86
89
88
90
88
86
86
88
86
87
86
85
89
86
91
92
88
89
86
87
86
85
84
87
84
87
82
86
87
83
88
89
88
91
93
92
95
94
94
98
91
98
92
97
97
93
105
101
98
99
101
99
105
102
107
109
108
112
110
115
115
112
113
115
116
114
115
114
119
113
118
118
120
123
123
124
126
126
129
132
132
130
131
129
134
130
134
133
135
136
137
134
138
135
138
142
141
145
143
146
147
143
149
148
150
149
150
149
150
146
153
151
150
153
151
153
157
155
156
157
157
159
161
158
163
154
161
156
161
160
157
166
165
163
165
167
166
168
168
167
170
165
174
171
172
176
173
173
177
173
177
177
177
180
182
181
181
177
183
183
185
188
186
184
192
190
189
191
188
190
189
192
198
193
198
197
197
198
197
195
203
199
203
201
199
202
202
204
204
202
203
204
206
209
208
208
214
208
211
212
209
211
212
213
216
213
214
217
215
217
220
216
225
213
223
220
221
222
226
219
224
218
222
226
222
230
223
226
228
223
233
230
229
227
231
229
233
230
232
232
232
232
231
229
232
231
233
235
236
236
242
241
246
241
243
243
241
244
243
242
246
244
245
248
244
243
245
245
250
245
250
248
248
248
247
246
245
243
243
241
240
239
240
238
237
230
231
229
232
229
230
229
230
227
228
231
229
229
227
227
229
226
225
222
227
218
221
220
220
216
219
218
216
215
215
212
210
206
207
204
205
205
205
204
208
204
211
209
210
212
209
212
215
215
215
213
214
215
213
215
215
210
216
213
215
217
219
220
225
219
226
223
232
232
231
234
240
236
241
239
240
238
237
236
238
238
241
240
240
245
243
247
246
243
248
244
245
244
244
241
244
237
239
232
233
231
226
223
225
216
220
214
209
205
200
196
197
189
187
181
179
176
173
173
169
164
163
160
158
162
155
158
157
152
154
150
153
151
152
149
149
146
151
147
146
148
145
146
150
148
148
147
148
144
144
142
141
135
136
134
130
130
125
119
117
113
112
107
107
103
100
98
98
91
98
88
90
88
85
86
86
83
83
80
80
77
75
78
76
70
72
68
69
68
64
64
60
52
50
46
43
41
36
32
33
26
30
24
22
18
13
9
8
-3
-9
-14
-20
-22
-28
-29
-34
-36
-37
-40
-42
-40
-47
-47
-47
-54
-50
-53
-55
-54
-60
-58
-58
-60
-57
-59
-60
-61
-61
-59
-53
-59
-55
-55
-54
-54
-55
-53
-53
-58
-56
-57
-58
-53
-59
-57
-58
-62
-59
-59
-59
-57
-57
-54
-48
-52
-48
-49
-50
-46
-50
-48
-43
-48
-43
-45
-43
-41
-42
-42
-38
-42
-36
-35
-35
-31
-36
-29
-32
-34
-27
-28
-31
-29
-31
-31
-28
-30
-27
-29
-30
-30
-30
-30
-26
-30
-27
-26
-28
-26
-26
-28
-26
-33
-26
-30
-30
-30
-31
-29
-25
-30
-24
-22
-26
-21
-23
-22
-21
-22
-20
-22
-20
-18
-19
-17
-14
-16
-15
-15
-15
-12
-9
-10
-9
-9
-7
-4
-2
0
3
5
8
7
10
13
9
12
11
13
14
17
19
20
20
21
20
25
27
26
29
28
30
34
31
38
35
36
39
42
43
47
47
51
54
53
56
54
55
57
58
64
69
71
72
74
75
78
75
79
79
78
80
80
82
84
84
83
85
83
86
88
90
92
88
92
94
92
95
95
93
95
95
97
96
96
98
97
98
98
96
100
101
100
105
106
107
112
112
114
117
117
121
121
123
123
121
124
129
129
133
133
131
135
135
138
140
137
141
140
142
146
144
147
148
145
149
149
149
151
152
152
154
151
154
158
157
159
158
159
164
157
167
162
162
163
161
163
164
162
166
166
167
169
168
170
169
170
175
175
177
180
177
179
181
178
184
188
183
182
181
183
184
186
188
185
185
184
186
188
192
194
195
197
197
198
197
199
197
196
198
197
198
202
198
199
199
196
198
200
200
202
199
201
202
201
205
203
201
202
200
201
204
201
204
202
204
205
201
206
203
203
205
204
205
206
204
205
205
204
207
207
208
208
205
207
206
206
208
205
205
205
202
207
209
205
205
204
206
208
206
209
207
206
207
205
205
209
205
208
208
205
208
208
208
209
204
206
207
207
210
209
210
211
208
212
215
212
215
214
215
216
213
214
211
211
215
214
215
218
214
217
217
216
218
218
216
218
216
219
219
218
221
217
215
217
215
217
221
217
220
220
219
222
222
223
223
221
224
219
222
225
217
222
223
218
219
217
219
222
219
222
225
221
226
222
226
225
221
227
224
221
226
221
224
222
224
219
225
220
227
223
227
226
222
228
225
225
228
226
225
226
224
225
225
226
225
225
225
225
222
230
227
227
227
227
228
231
229
229
230
228
229
230
230
228
224
228
228
226
226
226
227
229
228
230
231
233
233
231
233
233
229
231
229
229
228
228
229
231
229
230
229
227
230
228
232
233
230
235
234
233
235
234
233
234
231
235
235
234
235
233
232
233
229
234
234
232
234
232
233
236
233
236
233
230
233
231
233
233
229
235
234
232
236
233
234
237
234
237
237
235
236
233
234
235
233
238
236
234
236
234
234
238
232
234
234
231
234
233
234
236
231
234
234
233
238
235
232
236
233
235
235
233
234
232
232
235
231
235
235
234
235
234
232
237
232
233
235
231
235
234
235
237
232
237
237
235
239
236
231
235
232
234
236
236
238
237
237
240
236
239
237
235
236
237
236
241
236
236
236
232
236
236
236
239
235
236
237
237
238
237
236
240
235
238
239
238
238
237
235
237
234
235
233
232
234
234
232
239
233
235
236
237
237
239
239
239
236
237
237
234
236
232
231
234
232
235
238
235
235
234
236
236
235
237
235
236
236
234
235
239
234
236
235
234
235
237
236
238
234
237
237
236
240
236
236
238
234
236
237
235
235
233
233
233
230
231
231
229
232
232
233
236
233
236
236
236
235
234
232
234
228
231
233
233
233
229
229
229
228
231
232
230
232
230
233
235
233
232
232
231
232
229
231
233
228
229
229
228
229
230
229
232
229
230
231
230
231
228
229
230
224
229
229
225
227
226
227
228
227
228
228
231
234
232
234
235
231
232
231
230
230
230
229
230
228
230
230
231
229
225
226
228
226
229
228
228
228
229
227
230
229
230
229
227
230
227
229
230
226
227
225
226
226
227
227
228
226
227
227
230
226
226
223
226
221
227
224
223
227
223
228
226
224
226
223
228
225
223
230
224
224
225
225
224
227
225
222
228
223
228
224
227
225
224
223
227
222
230
224
223
230
223
229
226
226
228
222
226
222
224
225
223
226
224
222
225
223
222
226
221
224
222
223
226
223
224
222
227
219
230
223
228
222
225
222
226
219
223
221
221
225
218
225
222
223
226
220
224
223
221
223
225
217
224
221
223
225
217
222
225
215
227
221
223
224
218
224
221
222
227
221
223
225
219
225
221
222
224
221
221
223
217
220
223
219
223
225
222
226
222
228
225
221
227
221
222
224
215
220
226
215
222
221
220
222
218
223
224
216
224
220
223
227
215
221
222
218
220
221
220
220
218
220
220
217
220
220
218
220
217
221
222
215
220
217
216
215
216
216
216
212
213
214
212
212
209
212
213
214
215
219
215
217
216
216
217
213
214
214
215
212
210
214
214
211
211
210
210
213
212
211
214
211
215
213
214
215
210
213
212
209
211
214
210
212
208
208
209
207
211
209
209
208
206
207
207
202
207
205
201
202
199
200
200
199
204
199
199
201
197
198
201
198
199
200
195
196
193
198
197
196
198
198
195
196
196
198
201
195
200
198
197
200
200
200
201
199
205
204
204
206
201
203
206
201
205
205
205
207
204
205
203
203
203
204
202
204
200
205
202
200
202
203
201
202
202
200
205
202
205
204
203
205
199
201
200
199
201
206
201
204
201
200
205
203
203
203
202
204
199
204
204
200
200
202
199
203
200
203
204
200
205
202
204
205
202
202
203
202
202
203
200
203
200
200
199
200
198
198
198
199
198
200
201
200
200
203
201
205
201
203
201
200
201
201
200
199
197
197
200
198
202
200
199
202
198
202
202
202
200
201
200
200
198
201
201
197
199
196
196
197
196
198
197
196
198
200
199
200
198
195
199
197
200
195
196
197
196
196
194
193
194
195
195
198
195
201
199
196
202
199
198
199
195
194
195
193
198
196
197
197
190
192
194
194
200
196
195
195
195
197
199
196
199
195
196
194
192
197
195
194
194
193
191
193
192
195
197
192
197
195
194
196
192
193
193
191
190
187
185
189
186
191
189
187
189
188
190
192
194
195
193
191
190
188
188
193
190
190
188
186
188
192
192
192
189
187
188
187
191
190
187
190
187
191
192
192
193
193
192
194
192
193
193
192
195
191
186
189
187
188
189
187
186
192
188
189
186
187
185
187
190
186
188
190
189
190
192
195
192
189
187
189
186
189
188
187
190
189
189
190
188
188
190
189
191
192
194
195
189
187
185
188
188
189
190
190
187
190
191
189
190
187
188
190
189
190
188
190
190
189
188
189
184
186
187
185
187
186
188
188
187
186
189
191
192
196
193
196
189
190
188
184
186
181
184
187
187
186
186
186
188
188
190
191
185
190
187
188
187
188
188
189
187
187
187
187
189
187
187
191
185
189
188
190
188
187
186
191
186
188
188
185
189
185
186
187
180
183
183
186
186
188
186
191
185
191
186
188
187
184
184
186
183
187
188
183
184
182
182
188
184
188
186
185
186
186
187
188
183
185
186
184
186
185
184
186
180
184
182
182
182
184
185
187
181
186
185
182
186
182
182
184
183
182
181
180
180
181
181
183
179
182
183
184
186
185
183
185
184
184
185
181
182
182
182
186
179
186
183
182
182
181
180
183
182
182
183
183
183
183
187
187
181
184
182
183
183
181
180
182
180
182
182
179
181
180
180
183
179
183
180
182
181
179
178
181
176
180
179
178
182
181
182
183
179
184
181
182
184
182
181
184
178
184
184
182
182
179
181
181
179
182
180
179
177
177
175
182
176
181
179
180
181
180
181
183
179
179
178
178
181
177
178
182
174
178
176
177
175
178
175
176
174
176
175
173
177
176
177
181
175
180
178
179
178
180
175
180
172
174
175
175
179
174
177
178
175
177
182
178
177
177
174
179
174
178
176
176
175
173
175
179
174
176
177
174
176
174
176
180
175
178
177
177
177
176
174
177
175
174
176
171
171
171
170
173
169
174
175
174
174
175
175
179
173
173
174
170
172
171
171
171
168
169
170
170
170
171
171
174
170
173
174
174
171
171
172
173
174
173
174
174
172
170
171
173
169
172
170
172
172
174
172
173
172
173
173
173
173
171
169
172
168
170
168
169
167
171
172
173
173
176
174
173
175
172
175
174
171
174
171
172
171
173
169
170
166
170
169
171
172
169
172
171
169
174
172
173
171
172
171
174
170
173
171
172
171
169
171
170
170
172
171
170
172
172
171
174
167
171
167
170
166
164
165
164
167
170
168
165
168
167
168
168
168
169
167
168
168
167
169
168
163
167
166
163
167
167
167
167
165
166
167
169
168
166
165
170
168
173
171
167
169
166
169
168
165
167
167
166
167
163
165
166
162
166
164
165
167
165
162
164
162
163
164
162
167
165
165
167
166
171
166
165
162
163
164
167
165
165
166
164
166
164
167
165
162
165
163
164
165
164
163
166
162
164
163
166
166
164
165
164
163
166
165
166
164
162
163
166
161
162
161
162
163
161
163
161
158
165
160
158
165
159
163
164
161
165
165
165
165
163
160
164
161
166
161
159
164
157
165
164
160
163
160
163
163
163
165
163
159
165
161
161
163
160
162
160
158
165
159
162
159
162
158
165
157
167
159
164
160
157
163
161
156
163
158
162
162
156
158
160
150
160
156
163
163
158
165
161
159
165
162
158
164
157
161
158
159
164
157
161
157
158
161
161
155
162
158
160
158
162
159
162
155
162
159
161
158
158
160
158
157
159
165
154
161
155
161
158
160
158
159
159
162
154
157
159
155
156
155
155
157
158
157
157
154
157
159
159
161
152
157
159
156
159
159
156
157
157
157
158
159
158
159
155
157
155
156
157
152
158
157
155
158
159
157
160
151
156
155
158
157
153
155
155
154
155
155
152
154
154
153
156
154
155
154
156
153
151
154
154
150
154
153
155
157
156
153
155
151
153
151
156
153
151
152
154
152
156
156
153
155
153
156
155
155
156
153
153
154
152
153
155
153
154
153
153
155
154
156
155
153
155
154
156
154
151
152
154
151
154
151
150
151
150
151
150
149
150
149
149
156
152
156
156
153
157
155
154
157
153
154
151
149
150
152
153
154
150
153
155
153
157
154
154
153
151
152
152
151
153
153
152
152
149
152
151
149
153
152
150
153
150
152
154
149
151
151
150
151
147
150
152
149
150
145
144
145
145
149
