108
105
99
106
103
102
103
105
103
102
104
105
103
107
102
102
104
104
102
104
102
107
103
104
105
106
108
108
106
109
108
106
107
109
104
107
102
104
104
106
108
105
106
108
105
109
107
107
102
106
106
109
105
108
106
108
105
106
107
108
104
107
106
105
109
108
107
110
104
107
107
108
105
105
105
110
105
108
103
101
102
102
103
109
104
107
108
109
109
109
109
111
106
107
102
105
109
105
106
107
102
105
106
106
108
108
104
109
105
110
107
107
105
106
106
110
106
107
110
108
106
106
106
105
104
107
107
107
109
108
108
110
107
106
109
107
106
104
105
106
106
105
104
103
101
106
107
112
109
109
109
107
108
107
108
105
104
105
104
103
105
105
104
106
103
104
105
104
105
104
104
104
105
107
107
107
105
105
106
109
103
106
105
107
106
105
107
104
104
106
106
105
107
104
107
108
105
108
105
103
102
102
102
104
103
107
104
104
104
102
106
109
106
105
106
107
107
110
107
107
105
108
106
107
108
104
108
107
104
106
105
106
105
107
107
109
107
111
108
108
104
104
107
109
105
106
106
105
107
106
105
105
102
107
106
107
106
104
104
107
103
106
106
104
107
105
107
110
107
111
108
108
106
104
107
109
105
107
103
106
108
107
108
108
105
106
109
108
106
104
105
107
104
106
107
105
108
108
107
108
107
106
108
107
109
107
108
109
104
107
106
105
107
105
104
105
100
103
103
104
105
102
106
107
108
109
108
108
108
108
107
109
110
107
106
104
105
101
106
106
104
105
108
107
107
109
108
109
104
107
106
107
108
104
107
107
105
106
106
103
105
104
106
108
106
107
106
107
107
106
109
105
106
107
106
105
106
102
101
102
98
103
104
108
106
107
108
108
107
111
108
105
106
102
106
106
104
105
104
104
102
104
105
105
104
108
106
105
108
104
107
109
106
107
104
105
104
103
102
105
101
107
104
102
102
103
106
106
105
106
105
105
109
105
105
106
100
103
101
102
105
103
103
102
103
104
106
106
107
105
106
104
104
107
104
104
103
101
102
105
102
105
104
101
105
101
103
103
102
105
107
105
109
107
106
109
104
107
107
105
107
104
107
106
106
107
106
104
105
101
105
110
104
105
105
105
104
104
102
103
104
103
106
105
110
107
106
106
104
104
106
105
104
104
104
106
105
106
107
105
109
105
106
108
104
105
104
104
103
104
104
105
104
105
104
104
106
103
105
103
106
104
108
107
105
105
104
107
105
105
104
103
103
104
104
102
102
102
104
103
106
107
105
106
105
107
106
108
106
106
105
104
103
103
107
103
105
102
105
107
108
110
105
108
107
106
105
106
104
104
107
106
106
103
106
103
104
106
105
107
108
105
106
108
106
107
108
105
108
103
105
104
107
103
101
100
101
99
104
105
103
108
106
109
110
109
108
105
106
106
105
104
107
103
105
102
101
104
104
104
104
104
104
106
106
106
107
105
106
104
108
107
104
105
102
105
104
104
101
104
102
106
102
107
107
105
106
104
104
105
104
104
104
102
100
102
102
102
101
101
102
104
106
105
105
106
106
105
108
106
104
104
102
104
102
104
102
102
105
104
101
103
103
103
106
103
106
105
110
105
106
107
106
105
107
107
106
104
106
107
108
104
106
103
105
106
106
106
106
105
106
108
106
106
103
102
104
102
104
103
109
108
108
106
107
104
112
107
106
108
106
107
108
105
108
105
105
104
106
106
107
103
105
103
103
106
100
104
105
104
105
107
106
105
107
106
108
104
110
107
107
105
105
108
110
106
104
106
103
108
106
107
109
102
104
105
104
108
105
106
107
104
107
109
107
110
106
108
106
102
107
105
105
105
105
105
110
105
107
107
104
107
105
107
106
104
106
109
106
106
104
103
108
103
106
109
104
107
106
108
109
106
105
108
105
106
103
106
112
103
106
103
101
103
104
102
105
103
104
107
107
110
108
106
109
106
108
108
105
104
106
104
106
105
104
104
104
106
104
106
109
106
106
107
104
104
108
104
106
104
106
105
105
105
103
103
106
104
106
107
106
107
106
106
109
105
107
105
105
105
103
105
104
102
100
101
99
103
103
102
107
104
106
107
110
109
108
107
107
104
105
106
104
105
104
105
106
105
105
104
107
105
106
107
110
105
110
110
107
109
107
107
107
105
107
107
108
105
105
104
107
104
108
107
105
104
107
108
109
110
105
104
103
104
101
105
107
102
105
104
104
105
108
108
108
108
108
108
107
109
105
105
110
104
107
106
106
106
107
104
106
104
104
106
80
106
75
-5
-29
-94
-137
-141
-205
-211
-224
-274
-258
-291
-307
-297
-341
-336
-337
-366
-338
-363
-368
-349
-388
-374
-363
-388
-364
-377
-381
-359
-390
-366
-358
-378
-350
-367
-365
-340
-371
-342
-339
-339
-329
-306
-279
-266
-240
-214
-193
-171
-146
-129
-111
-90
-77
-61
-41
-28
-20
-8
4
16
26
35
39
45
52
58
65
74
77
80
83
87
90
94
97
92
99
97
99
100
105
103
105
105
108
112
112
114
114
114
114
116
115
114
118
115
117
115
115
115
114
114
116
116
117
118
118
118
117
118
118
116
118
115
117
116
116
117
118
114
115
113
114
114
115
117
116
114
117
114
114
114
110
111
113
109
112
111
110
108
104
105
103
104
106
106
105
109
107
108
111
106
107
106
106
106
102
103
103
99
101
99
97
101
96
98
101
97
99
100
99
98
97
99
97
96
98
96
93
100
93
99
97
93
96
92
96
93
97
92
98
91
96
94
96
95
94
96
91
91
92
93
91
93
89
90
93
91
94
95
94
95
92
94
96
90
93
91
89
90
90
89
90
90
91
90
90
92
88
91
93
91
93
97
91
96
91
97
94
96
94
96
94
99
94
101
99
97
96
97
97
100
102
102
102
101
103
104
105
104
101
103
105
104
106
110
110
109
109
110
111
111
113
114
112
113
112
116
115
114
116
116
117
118
119
119
119
117
119
119
119
119
116
120
120
121
123
122
122
123
122
125
126
126
126
126
127
127
126
130
133
130
131
131
131
134
133
132
132
130
131
132
135
135
133
136
135
135
138
139
137
139
138
138
137
137
139
138
139
140
137
143
143
140
143
144
142
145
143
144
146
144
147
147
148
147
143
146
148
147
151
152
150
153
151
154
156
153
155
155
154
156
155
159
159
155
155
155
151
157
154
158
159
158
161
159
163
160
158
163
161
159
166
161
160
162
159
163
161
159
164
163
162
165
163
168
167
165
168
168
167
171
169
169
171
170
169
171
170
170
169
169
171
171
174
173
172
175
173
172
177
176
175
175
175
175
174
176
174
173
173
174
173
178
178
178
180
179
181
182
183
183
181
181
181
180
182
182
181
184
183
184
186
184
184
184
186
186
185
188
189
187
189
189
189
190
186
188
187
186
187
190
189
188
187
187
188
188
190
188
189
189
186
190
190
187
185
183
181
182
180
181
181
180
179
177
174
176
171
173
170
166
165
166
162
161
158
161
155
158
160
153
157
158
154
155
156
152
150
153
152
156
154
155
155
153
154
154
152
155
150
150
149
146
146
146
142
140
134
135
132
132
131
127
120
119
114
113
114
112
110
110
109
111
109
112
112
112
112
113
112
114
112
114
115
113
116
117
114
116
114
115
113
113
111
109
106
107
104
105
104
99
99
98
96
98
97
95
99
95
100
95
98
95
94
95
95
90
91
90
87
85
80
77
74
74
70
67
64
64
61
58
57
55
55
54
53
54
56
54
54
54
54
54
54
54
50
53
54
53
53
53
51
51
48
49
47
48
47
46
44
46
42
44
39
36
33
31
34
31
32
26
29
26
26
23
23
22
18
19
17
16
15
14
12
14
8
9
8
11
11
11
12
14
12
16
14
13
13
11
10
11
7
8
6
6
6
5
5
6
1
4
4
2
3
1
-1
-2
-7
-5
-7
-9
-11
-13
-16
-12
-19
-14
-18
-21
-21
-25
-25
-22
-27
-24
-26
-26
-25
-26
-25
-25
-31
-28
-29
-29
-25
-24
-24
-21
-24
-19
-18
-19
-17
-16
-17
-11
-16
-12
-15
-16
-17
-16
-18
-14
-20
-18
-19
-20
-20
-22
-25
-24
-32
-29
-31
-32
-31
-35
-34
-33
-40
-40
-41
-45
-47
-48
-50
-48
-54
-50
-53
-55
-56
-58
-59
-52
-56
-54
-55
-55
-55
-54
-53
-52
-53
-49
-48
-46
-43
-42
-40
-36
-38
-35
-33
-36
-33
-32
-34
-28
-33
-23
-27
-25
-22
-21
-21
-15
-19
-16
-16
-15
-13
-11
-11
-10
-12
-7
-6
-6
-2
-5
-2
0
3
6
8
6
7
6
8
9
7
10
13
12
13
12
14
18
14
15
16
17
20
23
23
27
25
26
29
30
33
27
33
32
29
34
32
30
38
33
34
39
39
42
42
43
46
44
45
49
46
48
48
50
52
55
54
55
52
56
57
61
62
62
64
73
69
73
75
73
75
75
76
78
77
79
79
78
76
77
74
81
78
83
86
85
87
90
90
93
89
92
90
93
94
92
92
96
89
96
91
95
96
96
96
99
99
99
101
100
102
103
101
106
101
106
103
104
104
109
104
105
102
102
106
107
107
108
107
110
106
111
112
112
109
110
109
110
107
108
111
109
110
111
114
115
113
118
120
120
120
122
121
127
124
122
123
127
125
123
126
126
127
128
132
133
128
131
132
134
132
134
134
133
134
135
136
135
134
134
136
136
137
139
141
139
137
137
139
143
141
142
141
143
141
143
143
142
140
139
143
145
142
147
145
146
146
146
147
147
146
147
147
148
150
148
150
151
149
152
151
154
152
151
151
151
148
154
149
149
148
147
151
153
151
150
149
148
152
149
151
151
147
151
150
151
154
151
151
151
150
152
150
151
152
151
151
149
152
159
154
157
157
155
159
161
155
160
157
161
157
158
161
155
158
162
161
160
162
163
163
167
164
167
168
165
164
163
166
167
167
169
167
166
166
164
166
171
166
169
169
169
170
172
171
170
167
167
169
169
172
168
169
170
164
167
166
166
167
169
170
171
171
173
173
174
176
171
173
175
167
172
171
171
170
170
169
171
168
171
171
172
173
171
171
171
171
172
175
174
171
172
172
174
170
172
170
172
171
169
171
174
172
173
174
176
176
175
176
178
173
177
172
174
175
173
171
175
175
177
179
176
180
177
179
180
180
181
177
179
179
177
178
179
176
179
178
178
181
179
179
179
177
180
178
180
179
179
180
181
178
180
182
179
178
176
178
179
180
181
180
178
181
177
178
182
177
182
181
182
182
181
182
181
178
179
179
182
182
179
183
185
181
184
182
182
183
184
184
183
185
186
184
183
188
184
187
188
184
187
187
186
186
186
184
185
181
187
188
188
189
185
187
188
186
189
189
187
188
186
186
189
187
188
187
185
185
182
186
186
183
185
184
181
183
181
182
186
182
186
186
188
187
188
187
188
186
185
186
182
185
183
183
185
183
185
185
186
187
186
186
186
180
183
184
182
186
185
183
182
182
184
184
187
184
184
185
188
184
188
188
185
188
186
188
187
189
188
190
187
186
183
184
186
183
187
187
190
190
190
190
190
190
190
191
190
190
187
191
189
188
189
184
186
185
185
189
188
187
187
188
186
188
184
188
186
184
184
184
186
187
184
182
182
178
181
181
183
184
180
182
182
182
184
180
180
181
179
178
179
175
176
173
173
171
168
171
169
168
169
169
165
168
163
163
162
157
161
156
159
157
155
154
158
153
154
151
150
151
149
151
153
148
149
148
150
149
148
149
149
146
147
146
146
152
148
150
149
148
147
151
150
152
149
149
153
149
154
153
150
147
147
145
147
143
142
145
142
144
144
141
141
139
142
140
139
141
138
138
138
136
134
139
135
137
137
138
139
139
140
138
136
136
137
140
142
141
139
141
140
141
140
140
138
138
139
139
140
140
141
142
142
140
140
143
142
145
143
146
144
145
144
146
142
144
144
146
148
145
148
147
150
151
149
154
146
149
149
150
148
149
149
149
150
150
151
149
150
149
147
148
148
150
147
147
144
146
143
147
146
144
146
144
143
145
146
144
142
140
142
139
139
139
134
140
134
134
133
130
130
130
128
128
129
130
131
130
130
129
127
129
131
130
131
131
130
132
127
125
123
120
125
123
128
129
125
125
125
125
125
124
122
126
122
127
123
126
126
122
122
122
117
120
119
117
116
114
112
112
107
108
102
100
97
97
94
95
90
89
88
82
82
80
77
79
74
78
76
77
75
77
75
78
73
79
77
76
78
77
79
82
78
82
83
84
85
90
92
94
92
94
94
95
100
93
97
93
97
93
97
95
96
94
96
95
93
100
94
96
93
96
91
98
92
97
92
93
91
89
88
90
82
87
85
85
84
83
83
83
81
82
82
81
80
77
77
77
72
77
72
74
72
75
74
78
74
74
76
74
78
77
81
82
82
83
83
85
88
86
84
87
83
87
89
89
90
87
89
88
87
90
89
91
92
92
92
95
90
95
91
91
93
93
94
95
95
97
94
97
97
94
97
96
94
103
97
96
97
96
97
100
97
98
99
97
98
96
96
101
93
97
94
95
95
98
90
96
87
93
90
89
92
90
88
88
84
85
87
84
84
83
80
85
79
83
82
81
82
82
81
86
83
85
89
88
90
93
91
94
91
95
95
96
91
95
93
96
91
96
97
94
99
96
97
99
96
98
98
98
97
101
100
105
99
102
102
100
101
103
102
104
103
105
106
109
106
107
105
109
105
108
108
107
108
110
107
105
108
105
106
107
108
109
112
115
112
114
114
115
113
115
113
112
111
113
113
112
110
109
111
112
112
116
115
116
113
116
117
118
117
116
118
117
118
116
119
119
116
115
117
118
117
122
119
120
119
121
122
124
122
121
123
123
121
123
121
119
121
120
120
120
120
122
121
123
127
123
126
124
124
125
124
123
121
121
119
119
116
119
118
121
116
115
114
116
114
116
115
113
115
114
114
115
112
113
110
110
109
110
113
114
110
112
112
109
110
110
112
113
112
114
111
117
115
113
113
113
110
115
114
117
118
121
122
123
122
122
123
124
125
126
128
132
130
131
131
131
131
131
131
133
131
131
132
132
132
131
129
131
129
135
132
132
131
132
132
134
129
133
132
131
132
130
132
132
132
133
132
134
133
132
133
136
134
134
135
133
136
136
139
138
139
142
142
139
142
141
143
145
140
140
138
141
141
140
142
142
140
144
144
144
147
144
147
145
144
144
145
146
145
143
146
144
141
146
146
145
146
145
148
151
148
148
146
147
148
147
148
149
147
151
147
147
148
141
146
146
146
149
150
152
153
151
153
154
151
154
152
152
153
149
152
155
149
150
149
149
152
151
154
154
151
155
154
154
157
153
156
157
154
156
158
155
157
153
153
155
151
156
155
155
156
155
158
159
156
158
159
157
160
155
159
158
154
156
155
155
157
155
158
161
155
161
159
161
158
161
159
163
156
161
158
160
157
161
157
165
156
161
157
159
162
158
162
159
160
161
161
160
163
160
159
164
158
164
161
160
161
160
160
160
159
164
161
161
161
161
162
163
162
163
161
159
164
162
159
165
161
163
163
162
162
159
163
159
162
160
159
161
158
159
159
161
155
159
157
159
158
157
159
158
157
156
155
154
156
157
158
158
157
158
157
159
159
156
157
158
156
158
158
158
159
157
158
157
158
158
159
159
160
154
160
155
157
158
160
156
161
156
161
159
162
159
163
161
161
157
161
158
161
161
159
162
162
158
166
162
161
161
161
160
161
158
167
161
161
161
161
159
165
160
161
162
160
162
163
163
164
161
163
163
161
164
162
162
165
163
162
164
160
158
164
159
166
160
166
166
163
165
165
164
167
166
166
166
164
165
164
164
164
160
162
163
162
168
166
165
167
166
167
168
165
166
164
165
167
165
168
167
166
165
165
164
166
165
166
167
166
167
169
167
168
167
167
170
168
170
169
167
166
164
164
165
162
163
164
166
168
167
168
170
168
170
169
170
172
167
168
168
166
167
167
168
166
166
167
167
168
170
169
168
169
168
170
172
169
169
169
169
170
168
169
167
167
168
166
167
169
166
167
167
167
167
168
168
169
168
171
166
165
166
163
164
166
166
170
170
167
166
168
169
171
168
171
169
168
169
168
169
170
167
170
167
168
169
170
169
169
166
169
166
167
169
169
169
171
169
171
171
169
169
168
169
170
168
169
168
169
169
167
167
169
164
168
168
167
169
170
167
168
165
167
166
168
170
168
168
172
167
172
171
168
168
166
167
170
168
167
168
168
169
168
169
172
166
168
169
167
167
169
167
170
166
167
167
168
168
168
167
170
166
167
170
168
168
168
168
169
169
168
168
168
169
167
168
170
164
166
166
166
164
166
168
169
167
169
169
170
169
169
168
171
168
169
169
166
167
164
165
168
167
167
168
169
168
169
170
169
165
168
166
166
169
168
167
169
164
166
165
167
164
165
165
167
165
169
167
167
169
167
167
169
167
169
166
167
167
165
166
165
160
164
165
166
168
167
167
170
168
172
169
171
168
167
166
167
163
169
165
164
163
165
164
168
166
168
167
167
167
169
169
171
166
170
168
169
170
167
166
169
164
167
165
165
167
165
165
168
163
170
165
167
166
165
164
169
162
163
162
160
161
161
162
164
159
165
162
163
167
164
163
167
163
165
163
163
162
161
161
163
160
165
164
162
162
161
159
169
160
162
162
163
164
163
164
166
161
163
163
162
165
162
162
165
161
162
161
161
160
160
162
165
162
163
162
161
161
160
157
167
157
163
160
160
161
163
161
164
162
161
164
163
164
161
159
166
159
165
163
159
164
160
159
165
158
163
159
164
158
161
157
167
159
164
162
161
159
164
159
165
158
162
158
163
160
158
163
161
159
162
160
158
160
158
162
159
159
161
155
160
156
161
156
163
157
164
157
162
158
163
158
161
154
160
153
159
160
155
158
162
154
162
161
158
160
155
160
158
160
158
161
157
158
160
154
161
153
160
154
161
153
162
157
162
156
159
160
156
161
155
159
163
153
159
159
157
153
153
154
154
157
157
158
158
159
159
161
158
157
160
156
159
158
159
155
157
153
154
151
156
158
156
157
158
154
156
161
152
155
155
155
157
155
156
155
153
154
150
154
153
153
154
155
154
154
155
154
156
155
158
155
157
156
152
153
152
151
