105
102
105
103
103
104
103
103
102
104
103
102
103
104
104
105
100
100
99
98
103
103
102
102
103
105
107
105
108
106
104
105
102
104
106
104
104
102
103
101
102
106
105
104
106
106
107
109
105
105
105
103
104
107
106
106
105
106
105
102
105
103
104
107
105
107
110
105
107
107
106
105
103
106
105
101
104
103
103
105
102
104
105
105
108
110
109
110
107
109
109
106
109
107
106
106
106
108
110
106
108
106
105
106
106
108
109
104
108
107
107
110
108
108
109
106
109
110
106
107
107
107
108
106
107
106
105
107
106
107
110
107
108
105
104
106
104
104
106
102
106
107
106
109
106
106
105
104
107
107
103
104
104
104
107
106
107
105
105
106
104
104
108
104
106
105
105
105
106
106
107
104
106
107
107
108
106
108
107
105
106
109
106
107
106
108
106
106
106
102
100
105
103
103
106
103
106
106
105
107
105
108
108
105
108
106
106
106
101
102
101
102
104
105
104
105
103
106
107
107
106
104
104
106
104
107
105
104
106
104
102
105
102
105
105
104
105
104
107
106
104
107
107
104
108
106
104
106
103
105
105
104
102
101
102
105
103
107
106
102
108
107
106
109
106
108
105
104
105
103
107
108
102
105
105
101
106
105
103
105
103
107
107
107
108
107
105
106
103
107
108
102
107
106
104
106
103
106
107
104
108
107
107
110
105
108
108
103
106
103
101
104
101
104
107
103
106
104
103
107
105
110
109
105
107
106
106
109
104
105
106
103
106
105
106
107
102
103
104
102
108
108
105
108
106
108
109
107
108
109
107
109
106
109
107
106
107
107
105
110
104
107
109
107
108
108
106
107
101
105
105
103
107
106
104
107
104
108
109
107
107
106
103
106
104
107
105
104
106
106
107
109
105
107
105
104
106
104
105
107
103
106
105
102
105
104
104
105
102
107
107
106
108
107
104
107
104
107
106
104
106
106
105
109
102
103
103
100
104
104
102
107
104
108
108
106
109
106
108
108
105
107
109
105
106
103
102
106
105
108
107
106
108
106
106
109
104
106
107
104
107
106
105
107
102
104
103
101
104
104
104
107
103
106
109
103
106
105
104
107
105
106
106
102
104
103
99
102
98
98
101
100
106
106
105
108
104
107
110
106
107
105
104
106
102
105
107
105
104
104
102
106
106
106
107
104
105
107
106
110
106
107
108
106
107
109
105
110
107
107
107
106
105
106
106
108
105
108
111
107
107
108
106
107
105
103
102
105
103
104
105
107
103
103
106
104
107
109
105
109
105
107
105
107
106
105
105
107
104
107
108
107
105
104
101
103
106
107
106
106
107
107
107
109
106
107
106
105
107
105
106
106
104
109
105
106
106
106
105
109
105
110
108
106
106
102
105
105
103
106
105
104
105
106
110
108
105
108
105
107
105
105
105
106
104
106
108
109
109
106
106
108
102
109
106
105
105
104
104
104
105
106
107
105
107
106
109
113
107
111
108
108
111
108
106
110
107
110
108
107
108
105
107
108
103
109
110
106
107
108
108
111
107
110
111
109
110
108
109
108
102
103
103
103
107
106
103
109
106
109
108
108
108
102
106
109
106
110
108
106
107
104
103
107
104
107
107
107
106
108
106
108
108
107
106
106
109
106
105
108
105
106
106
104
102
102
102
106
105
107
107
107
109
107
109
112
106
106
106
99
103
104
103
107
102
105
103
106
108
106
106
106
105
107
110
108
108
105
104
107
103
108
105
106
107
104
105
108
102
106
105
105
106
106
107
109
107
112
106
107
108
105
103
104
101
110
107
106
106
102
107
109
107
112
110
110
109
108
108
111
102
107
105
106
105
106
106
107
104
104
103
103
105
106
105
109
103
110
110
108
109
106
107
110
107
107
107
106
110
105
105
111
100
107
107
107
107
107
105
107
101
105
103
103
105
101
104
107
102
106
108
106
104
103
103
109
105
108
103
103
106
104
107
108
103
105
106
105
105
105
104
107
101
105
103
104
105
100
103
106
104
106
108
105
108
102
104
108
104
106
105
104
107
105
107
108
103
105
106
103
106
104
104
105
107
108
107
108
107
108
106
110
109
110
110
106
107
102
103
105
106
106
105
104
106
107
108
111
103
109
106
106
108
107
107
108
106
107
106
106
105
105
108
109
104
110
108
108
108
107
107
108
107
107
108
106
108
104
105
103
99
102
103
105
107
107
106
108
106
109
109
109
107
104
106
107
103
108
105
105
104
105
103
109
106
109
106
106
109
104
107
106
107
104
105
112
41
88
10
-155
-191
-347
-408
-423
-451
-455
-456
-458
-458
-460
-461
-460
-462
-461
-462
-464
-463
-465
-465
-464
-466
-464
-465
-466
-464
-466
-465
-464
-465
-465
-465
-466
-465
-466
-466
-465
-465
-465
-464
-464
-463
-463
-462
-461
-460
-459
-430
-385
-352
-309
-274
-245
-209
-185
-153
-137
-114
-88
-75
-55
-38
-22
-11
0
11
24
32
35
42
53
62
67
79
82
84
88
93
93
100
98
98
104
107
108
112
113
115
116
116
120
121
122
123
122
126
126
125
128
131
130
130
131
130
130
132
132
131
128
131
129
133
130
131
130
132
128
129
129
130
130
127
125
126
122
122
121
122
120
120
120
120
115
116
114
113
115
112
113
111
111
112
110
112
110
109
107
109
106
111
107
104
102
101
101
100
100
97
99
97
96
98
97
96
89
95
93
92
93
92
93
92
89
87
89
87
87
86
86
87
86
90
88
88
84
87
85
86
89
84
87
86
85
86
86
82
82
82
86
90
87
90
88
91
92
90
93
92
92
93
92
90
94
92
93
90
90
93
92
96
93
96
93
99
93
101
98
97
100
99
102
102
104
104
104
105
105
104
106
109
107
114
111
112
115
115
116
117
117
119
118
118
119
116
116
118
116
122
121
119
121
125
126
128
133
132
133
133
135
135
135
134
130
134
133
134
134
137
136
137
131
136
135
138
139
137
139
141
142
144
143
143
143
143
144
147
145
147
146
149
150
147
151
149
149
152
153
157
156
155
155
158
154
157
155
157
157
155
157
159
161
160
158
162
160
156
166
163
161
163
162
165
165
166
172
168
170
172
172
172
175
171
176
175
174
177
174
179
179
179
179
180
178
182
181
181
184
179
184
183
183
184
181
183
184
181
184
183
179
185
183
181
186
180
184
183
185
187
188
189
190
187
190
192
193
201
196
197
198
195
201
202
203
203
204
206
210
208
214
213
211
214
213
216
219
217
220
223
220
222
224
218
228
222
229
227
227
232
229
233
236
233
236
241
237
243
239
243
246
244
248
244
242
247
248
251
255
251
256
262
259
265
264
264
265
266
265
267
265
267
268
266
268
266
270
275
271
275
274
276
276
277
279
280
275
279
280
280
284
279
283
283
284
283
285
284
286
287
290
289
289
292
291
291
296
291
296
295
295
293
292
292
291
290
290
292
288
292
294
293
295
292
293
292
294
295
295
292
293
290
292
293
293
295
294
294
294
292
296
295
295
295
294
293
298
296
299
299
296
300
297
301
302
301
304
307
306
308
313
309
314
313
320
323
329
329
330
333
336
334
335
337
334
338
338
340
344
342
343
340
340
342
341
343
344
338
340
339
336
340
339
337
339
334
339
337
339
338
336
333
336
331
334
334
332
336
332
330
331
326
326
325
318
314
311
308
307
299
298
294
287
288
279
277
276
270
267
265
261
254
247
241
242
236
236
234
229
229
226
224
225
219
219
218
212
212
210
210
208
204
206
201
199
198
197
191
187
182
179
177
174
172
171
168
167
163
164
161
156
156
154
147
147
139
137
134
126
122
117
115
111
105
104
102
95
99
92
91
91
86
89
88
88
87
88
88
86
83
84
81
76
73
69
66
65
57
51
44
40
33
31
32
23
19
16
14
7
5
-2
-10
-14
-21
-23
-27
-31
-35
-34
-39
-41
-50
-44
-53
-55
-57
-62
-63
-64
-69
-71
-74
-76
-77
-77
-76
-74
-79
-73
-75
-73
-73
-72
-68
-66
-65
-62
-56
-57
-56
-56
-57
-57
-62
-58
-63
-64
-65
-71
-73
-69
-76
-76
-77
-80
-79
-81
-79
-76
-84
-79
-81
-80
-77
-79
-80
-80
-81
-79
-79
-81
-80
-80
-78
-77
-81
-78
-80
-81
-79
-80
-81
-74
-81
-77
-81
-79
-80
-79
-81
-79
-82
-77
-76
-76
-73
-73
-76
-72
-75
-70
-69
-70
-70
-71
-69
-64
-63
-58
-59
-58
-57
-55
-53
-48
-51
-48
-49
-48
-46
-43
-41
-36
-38
-36
-33
-32
-33
-29
-32
-31
-31
-28
-27
-28
-27
-25
-25
-22
-24
-21
-22
-19
-16
-15
-14
-12
-14
-11
-9
-9
-4
-1
-1
2
3
7
8
11
10
8
9
10
8
14
16
16
17
17
19
22
24
28
25
29
29
30
31
34
29
36
34
34
37
38
40
43
43
47
47
52
54
54
57
59
57
63
63
63
65
69
74
76
75
77
73
76
78
80
83
87
85
92
92
94
98
93
98
96
93
100
96
99
99
98
98
101
97
105
105
108
109
109
112
115
115
115
115
115
117
117
119
121
119
123
122
122
124
123
125
130
130
135
135
137
138
136
140
141
136
143
142
141
142
140
141
146
143
145
145
146
151
151
155
156
152
157
157
156
158
156
157
159
157
160
156
161
159
161
160
161
158
169
170
169
168
171
173
173
176
174
174
175
176
178
178
176
179
182
181
182
181
182
185
184
187
188
189
192
193
195
196
192
196
193
194
197
196
199
203
202
203
204
202
205
204
207
205
204
208
207
206
211
207
208
209
208
208
210
211
212
210
212
210
209
214
213
214
217
215
217
220
218
219
218
218
219
218
222
220
218
223
222
221
224
217
221
225
219
225
221
226
222
224
224
226
223
232
226
228
230
230
232
235
230
231
229
229
232
230
234
234
231
235
235
236
239
237
235
237
235
237
237
238
239
236
237
239
236
239
239
239
241
239
242
245
241
245
246
243
246
244
244
246
243
246
247
244
246
242
243
247
243
248
249
247
252
249
252
255
253
253
251
250
252
247
251
254
250
251
249
250
252
252
253
254
252
255
254
254
257
258
258
260
258
259
264
260
263
260
260
261
258
258
260
260
262
260
261
265
261
262
263
262
262
261
261
260
258
260
260
260
260
258
259
261
260
265
267
265
267
264
265
266
266
263
264
264
264
262
265
267
265
265
263
263
264
266
266
267
265
266
268
268
268
267
267
268
265
267
267
265
267
265
266
267
267
265
266
266
268
265
268
269
266
270
269
267
265
265
265
264
263
267
267
270
268
265
268
269
268
271
270
268
268
267
271
271
271
271
269
269
271
266
272
271
269
271
269
269
270
268
270
271
269
272
272
274
275
271
274
272
270
273
272
270
272
270
271
272
268
269
269
269
272
268
273
270
267
271
270
269
270
268
271
271
269
274
273
274
273
268
269
268
267
272
270
269
272
270
272
273
272
273
272
271
273
270
275
273
270
273
270
269
272
269
272
273
270
272
271
272
273
270
272
271
271
274
271
268
272
268
272
272
270
271
269
270
271
270
272
271
271
274
275
276
278
275
276
276
272
274
272
273
273
270
272
271
272
274
272
271
273
271
272
274
273
273
271
272
273
270
273
273
272
274
272
272
273
269
273
275
271
273
273
273
275
272
274
272
272
273
271
272
273
270
272
273
268
271
268
270
275
272
275
274
275
275
274
275
277
269
273
272
270
271
271
271
271
266
269
267
269
273
270
271
272
269
272
273
270
271
270
271
272
269
272
270
270
272
268
268
271
264
269
269
269
269
270
269
269
266
270
270
267
269
265
265
267
265
267
268
267
268
266
268
272
270
271
270
267
269
267
269
272
266
269
269
267
268
269
268
271
265
267
267
265
267
265
265
266
264
268
268
266
268
263
263
267
264
266
264
264
265
266
264
266
259
263
265
263
265
265
263
265
261
263
263
263
263
263
264
268
266
269
269
265
267
264
261
265
264
264
264
262
264
264
265
267
260
263
263
262
264
264
262
264
261
262
261
259
262
262
262
265
261
266
264
264
264
265
263
264
262
264
262
261
262
261
258
263
257
261
258
259
260
259
259
261
257
263
262
262
263
261
262
263
259
264
260
260
259
258
256
263
258
265
260
260
261
260
263
264
259
263
259
260
260
260
259
264
258
262
260
260
257
258
259
260
258
263
260
260
261
259
257
262
256
260
259
258
258
257
257
259
252
250
251
252
259
259
258
268
258
262
260
260
258
256
256
259
254
255
253
251
253
251
250
255
252
254
251
254
255
254
255
259
255
255
251
253
256
256
256
258
254
251
251
249
251
253
251
254
250
254
251
251
251
247
249
255
248
248
250
249
250
249
248
252
249
249
252
252
254
252
250
255
248
252
253
251
250
247
247
250
250
251
249
249
247
248
247
253
248
250
249
247
251
251
252
252
251
250
250
245
249
249
247
251
248
249
250
248
246
246
248
249
247
251
251
248
248
247
247
250
244
249
248
248
249
251
254
251
246
247
247
247
249
245
246
248
245
247
248
248
246
246
246
248
244
248
247
246
244
241
244
244
244
246
244
245
244
246
244
247
242
245
245
245
246
242
243
244
242
243
243
240
237
240
240
243
238
240
239
239
239
241
243
245
240
243
243
241
244
244
242
243
237
241
238
242
242
239
240
246
238
242
243
240
242
240
242
243
241
242
238
241
240
238
238
241
238
241
236
239
241
243
242
242
241
243
243
242
243
241
239
245
239
243
241
237
237
236
239
242
242
243
242
241
244
244
243
245
240
240
238
239
238
239
238
239
234
235
235
238
239
236
237
239
238
239
238
237
236
235
235
237
237
235
235
234
235
230
233
231
231
234
234
233
234
232
232
236
232
234
232
232
233
228
228
228
228
230
230
227
229
228
231
234
231
233
231
233
231
229
232
230
227
228
229
227
229
227
229
230
226
228
225
230
228
226
227
228
225
228
228
227
227
223
231
226
224
223
227
225
226
223
228
224
220
229
224
224
227
220
228
225
222
227
222
225
221
222
222
227
220
231
222
227
222
223
227
225
221
226
220
223
225
220
227
222
221
225
219
225
222
222
224
222
218
221
219
217
220
218
220
222
216
220
215
217
216
214
214
219
211
214
211
211
213
209
213
209
205
210
213
209
213
209
207
210
205
209
209
207
209
207
210
210
207
211
212
207
209
206
208
213
208
211
210
210
212
213
215
216
211
213
214
212
217
212
215
214
213
215
213
212
213
213
212
215
215
215
214
212
217
212
215
216
212
213
213
211
214
214
212
212
206
209
208
208
210
208
210
212
211
213
216
211
211
209
210
212
209
212
208
209
208
206
211
210
208
208
208
207
210
209
208
210
206
209
205
208
208
206
207
207
204
206
207
202
205
203
207
207
207
211
206
206
207
206
205
210
205
207
205
202
205
203
204
204
202
207
205
206
208
207
207
208
205
210
208
206
205
202
204
204
205
205
204
202
203
200
203
206
201
206
203
203
206
204
203
204
202
203
203
203
205
200
202
200
200
204
202
201
203
202
201
203
203
203
204
202
206
202
203
202
198
199
201
198
202
202
201
203
199
201
202
202
203
198
202
201
199
200
202
198
201
195
198
200
199
200
198
198
198
199
198
199
197
197
200
197
201
200
198
199
197
197
196
198
197
196
197
200
194
197
196
194
196
194
197
197
198
196
194
194
194
195
195
197
194
196
197
199
201
198
198
196
195
194
195
199
195
193
194
196
193
198
195
196
197
194
195
195
196
194
195
195
196
194
198
195
194
196
193
195
198
196
198
197
195
195
195
196
196
191
192
195
194
198
192
193
192
191
187
189
188
187
192
195
197
195
201
198
196
195
195
195
199
194
194
193
191
190
188
190
192
191
192
194
195
197
195
195
197
193
194
195
193
195
193
194
196
191
189
185
188
188
190
190
196
192
197
193
194
194
193
193
194
190
187
187
185
187
186
181
186
184
191
192
193
195
195
196
196
195
195
195
193
194
194
191
193
190
192
192
189
187
188
189
191
186
188
190
189
192
192
194
194
195
194
195
193
192
193
192
193
191
189
187
186
189
188
187
189
188
188
190
186
188
189
184
187
182
184
185
186
189
188
187
188
187
189
192
191
188
186
188
190
187
190
185
187
186
187
190
189
187
190
189
187
187
187
187
190
186
189
185
191
189
189
190
189
186
188
189
186
188
187
189
189
187
188
184
187
187
188
187
189
183
187
185
185
187
185
186
186
184
188
187
191
188
187
185
186
179
188
186
186
184
184
188
188
187
187
184
186
186
185
187
188
182
188
184
185
184
184
183
188
182
186
184
185
186
184
184
189
182
186
184
184
183
182
182
186
181
182
178
179
181
179
180
182
177
181
180
183
184
184
182
185
180
184
182
181
182
182
179
181
177
181
181
179
179
180
179
183
179
183
180
177
178
179
178
180
178
180
181
178
181
177
176
180
177
180
180
181
179
181
180
183
178
181
180
178
181
177
177
180
175
174
174
175
176
178
179
182
177
183
180
177
183
178
177
178
177
178
178
176
178
177
176
179
174
179
178
178
178
179
178
180
177
179
178
176
178
176
179
179
175
177
176
176
176
175
176
178
176
177
178
177
178
177
177
181
174
176
174
176
175
174
174
180
174
181
177
177
178
177
180
179
175
178
175
176
179
176
174
178
173
176
176
175
176
175
175
176
173
175
174
175
174
173
175
179
173
177
175
174
174
174
175
178
172
176
176
174
177
172
171
178
171
175
174
174
173
171
171
173
170
173
173
171
174
172
174
178
173
174
171
171
172
171
171
174
169
173
170
172
174
172
171
173
171
172
174
171
172
171
169
171
168
170
171
171
172
167
171
175
169
171
173
170
172
173
170
173
170
172
170
170
167
167
165
167
163
167
169
166
167
167
169
172
173
172
172
171
169
168
168
172
165
167
166
164
165
168
167
167
166
167
167
169
169
168
167
170
165
167
168
166
166
167
166
167
168
166
166
166
165
166
166
169
165
168
168
168
165
168
166
166
162
164
165
166
163
161
161
162
163
167
165
167
168
168
168
170
169
167
165
165
165
163
167
167
165
167
164
164
163
164
163
166
163
166
165
167
164
163
165
163
162
165
163
162
164
162
163
162
160
161
160
161
164
162
165
165
161
164
165
163
165
162
163
163
160
163
162
164
162
160
163
164
162
168
167
164
164
163
164
164
163
163
163
162
163
161
165
164
160
162
