105
97
100
97
99
99
97
100
100
101
102
102
105
107
103
103
102
101
103
99
101
100
99
100
100
102
105
101
103
103
103
103
106
106
104
101
103
103
104
104
104
104
103
101
101
105
102
104
103
105
105
105
106
106
106
106
105
104
106
102
101
104
102
103
102
102
103
102
104
106
106
109
108
107
109
106
107
106
104
105
102
104
105
106
106
105
104
105
103
105
108
103
107
105
107
109
106
105
104
103
104
105
104
107
104
104
103
100
104
103
104
105
104
104
110
107
108
108
105
106
102
105
107
100
104
102
105
105
105
102
107
103
107
106
107
107
104
104
106
102
107
105
103
105
105
102
107
105
106
104
103
103
104
105
107
104
105
105
105
107
111
105
108
103
107
105
106
104
105
104
108
102
105
105
103
106
105
104
106
103
105
105
105
104
105
107
108
100
106
105
106
110
107
106
106
102
106
106
107
105
106
105
109
105
111
107
106
107
105
105
108
106
108
108
104
106
104
106
107
104
107
104
107
108
107
106
107
104
106
108
106
106
104
109
108
102
107
102
101
102
102
102
104
102
103
106
107
108
105
110
109
105
105
105
105
107
105
101
104
99
106
105
106
107
102
106
107
103
108
106
105
107
106
104
108
103
107
105
105
104
102
104
106
103
105
105
104
107
106
106
109
102
108
106
107
105
104
103
109
100
104
101
99
107
102
105
111
102
110
107
108
108
107
104
107
101
104
102
104
108
104
105
106
101
105
106
105
104
105
102
108
104
108
106
103
105
104
103
107
104
106
107
104
103
102
101
105
101
106
104
105
107
105
104
106
99
100
105
101
102
100
101
105
102
104
102
100
105
106
106
110
106
104
105
103
106
104
104
105
103
105
105
104
105
105
102
104
100
103
105
105
104
102
103
105
104
106
106
104
104
103
104
108
100
103
103
103
103
104
102
104
103
105
105
103
105
102
100
104
102
103
105
104
104
105
104
107
107
107
105
102
103
101
104
105
101
107
103
106
106
109
103
106
102
105
103
106
106
103
104
104
102
103
104
104
104
106
104
108
104
108
105
104
103
101
104
105
102
104
104
103
105
103
100
102
98
103
101
103
102
101
102
104
103
105
105
104
107
105
105
105
104
104
101
101
100
102
104
107
102
105
105
103
106
105
105
106
102
104
105
105
103
103
102
104
100
103
102
102
105
103
105
105
104
104
107
105
105
104
105
107
100
105
103
101
102
102
99
101
100
101
105
103
105
105
106
109
106
110
106
105
103
104
102
104
103
102
103
102
102
100
104
104
103
104
105
105
105
106
105
105
103
105
104
106
105
103
105
104
102
104
104
104
103
105
104
107
104
107
106
105
104
104
104
104
102
102
103
102
105
100
104
104
103
108
105
108
105
107
106
105
103
104
102
101
102
100
104
105
102
102
100
102
99
101
103
105
102
105
104
104
107
103
105
105
104
106
104
105
106
105
105
105
102
108
104
105
109
104
106
108
106
104
103
102
101
101
104
104
99
106
104
104
108
102
104
103
104
104
104
101
104
101
104
103
102
106
102
104
103
102
102
106
104
105
104
101
105
102
105
105
102
104
102
104
106
104
103
106
101
105
103
102
105
103
106
104
103
103
101
102
102
102
100
104
100
103
102
102
105
105
105
106
105
106
108
105
107
102
102
103
99
105
105
104
104
106
105
107
104
106
105
105
107
103
106
106
107
106
104
103
102
104
103
106
104
104
104
105
107
103
105
105
104
105
106
102
103
103
102
105
101
102
100
101
103
102
104
104
104
105
106
107
108
107
107
106
102
105
103
107
106
103
106
104
103
105
106
103
104
101
105
107
106
106
103
106
104
104
105
105
103
105
104
102
104
101
103
102
102
104
104
106
106
104
105
107
102
106
103
101
104
100
103
103
103
102
102
101
103
104
107
108
104
108
104
104
105
102
103
102
102
104
104
105
107
101
102
103
99
104
103
105
105
103
106
107
105
105
104
102
105
101
105
105
100
103
101
102
102
101
101
104
102
104
101
104
104
101
103
103
99
102
102
100
102
101
102
105
103
106
105
103
107
105
107
105
102
102
104
104
107
106
104
106
101
105
103
105
104
102
104
104
99
105
104
103
105
102
104
105
106
105
104
103
103
103
104
104
103
104
104
101
104
99
101
101
102
100
102
102
102
101
102
104
101
106
104
101
107
105
106
106
104
103
103
99
103
101
107
104
103
105
103
104
107
102
105
103
103
104
105
104
105
101
102
101
101
104
102
104
104
103
104
104
103
103
105
101
106
103
106
104
103
102
103
102
104
98
98
101
101
103
103
103
110
103
106
107
107
108
105
104
104
103
102
104
99
117
52
77
44
-100
-101
-188
-249
-223
-324
-316
-320
-401
-364
-404
-438
-396
-456
-447
-438
-454
-448
-453
-458
-450
-459
-459
-458
-460
-456
-457
-459
-448
-456
-458
-450
-460
-441
-451
-460
-426
-434
-423
-431
-400
-385
-349
-327
-294
-259
-236
-208
-188
-163
-138
-123
-103
-85
-75
-59
-41
-29
-19
-7
-1
10
19
28
38
39
45
51
55
61
65
74
75
77
80
82
82
88
88
92
92
93
93
98
89
99
96
98
98
99
102
102
100
103
100
101
102
101
100
101
100
105
106
105
104
103
105
107
105
107
104
104
103
104
104
108
103
106
103
106
103
104
105
105
101
102
102
101
103
104
100
102
100
102
102
102
100
99
99
99
96
99
97
96
96
96
94
100
92
98
92
97
90
96
91
94
92
94
93
92
94
93
92
93
93
93
95
92
88
89
85
87
88
86
87
89
86
90
88
89
87
86
85
86
84
88
85
85
85
83
83
86
83
86
86
85
88
87
89
91
87
91
88
89
91
89
88
92
87
90
88
87
87
85
87
89
88
93
91
91
93
93
93
99
92
96
92
96
92
94
96
92
91
96
91
96
96
95
97
98
95
102
98
99
98
98
97
101
98
102
100
101
101
100
100
104
101
104
104
104
105
106
106
109
106
108
106
107
109
107
106
107
105
107
107
106
106
105
107
112
109
113
112
115
115
114
114
118
110
113
112
111
112
113
113
115
112
114
111
114
116
113
114
117
114
117
119
117
117
116
117
118
116
118
117
120
119
117
116
120
114
117
118
118
119
119
120
121
118
121
118
118
119
116
116
119
116
119
120
119
119
118
121
124
121
125
122
121
122
119
120
123
119
122
121
120
121
121
121
124
118
121
120
121
124
122
123
124
120
124
125
123
125
121
122
123
121
123
121
121
123
122
120
123
117
122
123
121
121
123
121
124
119
123
122
122
122
120
122
125
120
126
128
127
122
121
120
123
120
121
120
120
122
121
122
125
118
121
122
120
122
124
123
126
121
123
122
121
123
122
121
125
121
125
125
124
124
122
122
123
122
123
122
122
123
122
121
121
117
120
119
119
119
120
120
122
121
125
124
124
125
123
123
124
121
125
122
119
119
116
117
120
120
121
119
120
119
119
121
122
118
122
119
119
119
118
117
120
115
116
116
116
116
115
117
117
113
118
115
115
117
117
115
116
114
114
113
112
112
110
114
111
108
110
113
113
113
114
113
117
114
117
116
115
114
109
111
112
108
112
111
109
109
108
107
110
107
110
107
108
112
109
111
112
109
111
109
108
111
109
110
111
107
109
108
107
107
107
107
110
107
112
109
108
109
107
105
106
102
103
102
102
105
104
104
105
103
105
106
106
112
106
107
109
104
106
106
105
104
103
103
105
102
107
103
103
104
100
99
105
101
103
103
102
103
103
103
103
102
103
102
99
102
100
98
101
98
98
100
96
97
97
97
99
94
101
95
98
95
96
91
99
89
94
93
93
95
94
95
94
92
91
91
90
92
88
88
89
88
89
90
88
88
86
87
88
86
88
88
90
88
86
86
88
85
88
87
86
87
86
89
87
86
86
86
85
86
84
86
86
84
85
85
83
80
81
83
83
81
82
84
82
82
82
83
84
81
84
83
83
84
83
82
80
77
79
77
81
82
79
81
81
79
83
83
82
81
80
82
84
81
84
82
82
82
78
80
81
79
83
82
82
84
84
84
85
82
85
84
83
85
82
82
83
81
82
82
79
79
78
81
81
80
83
82
83
86
85
87
87
83
86
85
83
84
83
84
83
81
81
80
85
85
83
84
85
84
87
85
84
86
83
85
86
86
85
86
85
87
84
84
84
83
86
85
86
88
89
89
89
88
89
88
88
88
85
86
87
87
89
87
86
86
86
88
91
90
92
92
91
93
90
92
91
90
90
91
92
92
92
93
94
92
93
91
96
93
94
97
92
98
95
98
96
94
97
94
100
94
99
94
97
95
97
96
96
95
102
99
98
99
97
101
99
97
99
96
99
99
97
101
99
99
104
101
101
103
99
103
102
100
101
100
102
102
101
105
102
101
102
102
102
105
102
105
104
103
101
103
106
105
104
105
106
105
110
106
108
111
104
108
107
106
107
108
108
108
106
110
109
105
109
108
107
112
105
108
110
109
111
109
109
112
108
113
111
111
116
110
110
110
105
109
115
111
112
110
111
115
109
115
115
110
113
110
112
116
111
113
115
111
114
118
119
113
116
116
114
117
115
116
116
114
116
118
114
115
113
113
115
113
111
110
107
110
111
111
116
116
115
116
114
120
118
117
116
114
114
114
111
114
112
111
114
110
114
116
112
116
113
113
114
116
117
117
112
116
114
113
117
112
115
115
114
114
114
115
114
113
114
116
114
118
117
113
119
115
117
117
115
114
112
112
114
113
115
112
111
117
115
117
120
118
121
119
118
119
119
115
117
112
120
116
116
118
116
117
116
114
117
117
117
117
117
116
121
116
121
120
117
115
117
119
119
117
118
119
115
118
118
113
121
116
120
119
120
121
119
119
118
115
117
119
115
117
115
116
121
117
119
119
119
121
120
120
122
117
119
118
116
121
119
117
120
117
119
120
118
119
117
116
120
115
118
122
118
120
118
120
122
120
119
122
119
120
118
119
121
114
118
119
117
118
117
115
120
116
117
119
118
117
115
115
120
117
119
119
119
120
120
121
124
123
120
120
116
118
116
119
120
118
119
120
120
121
121
118
123
119
119
119
118
120
119
119
119
117
118
118
118
119
120
119
122
118
119
120
120
118
119
122
118
116
118
120
118
119
115
113
117
114
117
117
119
116
118
117
120
119
122
122
119
121
118
118
120
118
117
116
117
116
118
120
121
117
120
120
118
121
119
119
119
118
120
119
119
117
119
118
120
115
120
117
118
116
116
118
121
119
120
121
118
122
119
118
119
113
117
117
117
118
113
114
116
114
117
120
117
121
122
122
121
119
123
118
117
118
115
117
122
116
118
117
114
115
115
117
118
116
117
119
119
121
117
116
119
115
117
121
116
118
115
117
116
114
115
113
114
118
115
115
121
115
119
118
116
115
118
116
116
112
114
117
114
117
115
114
117
115
120
120
117
116
117
116
118
115
117
117
115
118
115
116
118
115
117
116
115
114
118
116
118
115
117
117
118
119
117
118
116
117
116
118
116
114
116
116
118
115
116
114
114
116
114
115
115
114
114
115
115
116
115
115
116
114
116
115
119
118
116
118
116
113
115
117
114
115
114
116
118
117
119
114
117
116
114
116
117
114
114
115
113
114
112
114
114
114
115
114
116
116
114
113
115
111
114
116
114
117
113
116
115
114
113
109
110
111
110
112
112
109
116
113
115
115
114
116
117
115
117
116
116
116
110
111
112
108
115
113
114
114
111
114
117
115
115
115
113
116
114
116
116
113
115
112
115
114
112
112
116
112
115
113
116
115
114
116
115
113
115
116
112
114
114
113
116
109
112
110
108
111
110
114
113
110
114
117
115
119
114
112
114
110
113
111
115
112
110
112
111
107
112
112
110
113
110
114
114
115
115
112
111
112
111
113
113
112
112
112
110
113
109
110
110
111
112
112
109
112
111
111
113
108
112
110
109
109
108
111
111
110
110
112
110
113
113
117
117
113
116
112
114
115
110
114
111
111
112
113
111
113
110
110
111
109
113
110
113
112
111
112
114
111
114
113
110
112
108
113
110
110
115
111
110
113
110
110
113
111
112
113
110
111
108
112
111
109
111
111
109
111
111
112
117
111
115
111
111
114
111
113
112
110
113
112
110
116
111
112
114
108
113
112
113
113
112
112
110
110
112
112
110
113
111
114
115
111
116
114
112
112
111
110
113
110
113
113
110
112
108
109
108
105
108
113
107
111
110
109
114
110
113
113
112
113
110
113
114
109
108
108
105
109
107
110
111
109
112
110
111
113
109
110
112
109
108
113
109
112
108
109
107
109
107
108
109
109
108
108
112
107
109
111
108
112
110
110
109
109
110
109
108
108
107
105
109
108
109
109
111
112
111
114
115
117
114
115
112
112
109
112
112
110
111
109
110
111
111
113
109
109
110
112
111
112
110
108
111
108
109
108
109
109
108
109
108
108
107
108
107
110
107
111
112
109
113
109
110
109
108
105
107
105
108
106
109
109
104
108
106
107
112
111
110
111
110
110
111
109
109
108
107
108
106
112
111
108
107
108
106
108
108
109
112
108
111
111
112
111
109
111
109
110
111
111
108
110
107
111
108
107
108
108
109
111
108
111
110
108
109
110
106
110
108
109
109
107
108
112
112
114
111
112
113
111
115
113
110
112
108
112
111
112
111
112
110
112
107
111
110
110
111
109
109
109
109
110
110
109
108
111
110
112
110
111
110
110
112
109
108
110
110
111
112
110
108
109
108
111
107
109
107
106
109
109
109
111
111
111
113
111
113
112
114
111
107
108
107
108
112
111
109
112
110
112
114
112
112
109
111
112
109
113
110
111
110
108
107
109
107
109
111
110
111
111
112
111
111
110
111
111
114
111
111
113
110
113
112
109
110
104
107
109
108
109
109
111
110
112
112
117
111
115
111
112
110
111
109
110
108
108
107
108
113
110
110
111
108
113
114
112
112
111
111
115
109
111
110
111
113
109
109
114
107
110
109
111
112
113
111
114
109
114
110
112
113
112
110
113
109
112
113
108
109
107
108
113
110
113
113
113
115
116
114
116
110
111
112
111
113
117
113
115
108
113
111
112
112
112
111
115
110
114
114
112
113
111
111
114
114
112
111
111
111
111
110
112
108
111
112
111
112
113
111
114
111
112
111
111
108
109
107
111
107
112
112
109
112
111
112
114
114
114
112
112
112
110
114
115
109
112
111
112
111
112
112
113
110
112
112
112
113
110
112
113
110
114
112
113
113
112
112
114
111
112
110
111
112
111
112
112
108
111
111
111
112
111
110
112
108
112
109
110
111
109
110
114
111
117
116
113
112
111
110
113
110
114
111
111
112
111
113
114
108
112
109
110
112
110
110
113
108
111
110
109
110
112
112
113
111
117
112
112
113
112
111
114
110
112
111
111
112
111
111
111
105
109
109
109
112
109
108
110
110
113
113
112
114
113
113
116
111
117
112
110
111
109
107
113
110
112
111
111
113
111
113
115
110
113
112
110
112
109
109
112
109
110
111
109
110
110
110
113
110
114
113
112
113
113
111
115
109
112
111
110
111
110
107
109
105
105
107
109
112
110
112
116
113
116
117
113
113
111
111
113
110
113
112
111
110
108
106
114
108
111
111
111
112
112
113
114
111
113
112
114
114
111
111
113
111
111
111
110
109
112
113
113
112
114
112
112
112
111
110
116
109
110
107
108
107
109
109
110
106
110
111
113
114
112
112
114
109
112
113
110
110
109
109
111
108
111
109
109
108
108
109
111
109
112
109
110
111
112
111
114
110
112
110
112
112
110
111
113
110
112
113
109
111
110
111
113
110
112
113
110
111
109
109
111
106
110
109
108
113
112
112
113
109
111
110
111
111
108
110
111
108
111
112
110
109
109
110
111
110
111
112
110
111
108
109
110
107
109
110
110
111
112
111
113
109
111
109
110
111
109
110
112
108
110
109
107
106
106
108
109
106
106
107
107
108
108
109
111
109
111
111
111
110
111
109
110
106
109
108
110
110
108
109
112
109
112
111
111
111
111
111
112
110
110
110
110
109
108
111
108
107
110
109
109
110
111
109
111
110
112
110
112
110
109
110
111
107
112
108
105
107
105
107
109
107
110
108
113
113
113
116
114
111
113
111
109
111
111
111
112
109
112
108
112
112
110
112
113
112
116
113
113
113
109
112
112
109
112
110
110
111
108
109
107
106
111
110
111
113
110
111
113
110
112
110
110
111
108
108
109
107
111
107
107
108
106
110
114
110
114
113
111
114
111
112
110
108
110
111
109
114
109
110
112
107
109
109
110
111
109
110
111
109
113
110
110
112
109
109
113
108
111
110
111
111
108
110
108
106
111
110
109
112
106
108
110
106
109
108
107
108
106
107
109
106
112
110
109
112
107
110
112
107
110
109
111
113
112
114
114
110
112
111
110
112
110
112
112
110
111
111
109
110
108
111
112
110
113
111
112
112
109
112
114
111
112
111
112
113
111
110
110
107
110
110
110
112
109
111
111
110
113
112
110
112
110
113
113
112
114
110
109
109
105
109
111
107
110
110
109
111
110
112
111
109
112
110
111
112
108
111
111
107
110
110
108
111
107
110
110
109
112
108
109
113
108
111
112
108
110
108
108
108
108
108
106
103
107
107
108
110
106
110
113
110
114
114
111
112
108
109
107
107
110
109
107
110
106
109
110
106
109
109
109
111
112
111
113
109
112
112
111
112
109
112
112
108
110
110
105
109
108
109
112
110
112
111
110
111
110
111
109
105
109
108
107
109
104
107
108
105
108
109
113
112
110
112
112
109
111
111
106
110
107
108
109
107
110
108
108
108
106
108
110
108
109
109
108
112
109
110
109
109
109
109
110
109
108
109
109
108
110
109
110
109
107
109
110
109
108
109
106
109
106
107
109
105
108
106
107
111
107
109
108
107
108
109
109
108
105
102
107
108
113
110
109
111
108
108
110
108
111
109
108
110
105
110
109
109
115
107
110
114
110
111
111
110
110
108
109
109
106
111
110
108
111
106
106
108
104
106
108
104
106
106
108
107
107
110
109
109
111
112
111
116
109
110
109
105
106
106
109
110
107
110
109
109
113
110
110
112
107
