106
101
101
99
102
102
102
102
100
100
103
103
105
104
104
103
104
106
109
102
105
104
103
105
105
104
107
104
104
103
103
102
103
105
107
102
107
106
104
105
103
103
104
102
102
101
100
102
101
103
106
100
103
104
106
108
108
107
107
103
106
105
106
106
104
103
107
102
107
105
105
104
102
102
105
103
107
105
105
106
106
105
108
105
105
106
105
106
104
103
106
102
105
105
105
102
102
104
107
103
107
106
105
105
104
103
105
102
106
105
104
106
108
108
109
103
105
104
105
107
105
103
108
105
107
108
107
105
105
103
108
103
108
106
106
106
104
104
105
103
105
105
104
105
107
106
108
104
106
105
106
108
104
104
107
104
107
106
104
102
101
102
105
101
105
103
105
106
106
108
109
107
109
108
107
107
106
106
106
101
104
102
104
108
105
105
108
105
108
106
106
107
105
105
107
104
107
104
105
106
103
104
107
103
106
106
105
106
105
106
107
106
108
105
105
106
103
104
105
102
105
104
101
102
99
102
107
104
107
106
106
110
107
108
110
104
106
104
104
104
105
106
108
103
106
104
103
108
105
105
108
104
107
108
107
106
105
105
108
103
109
106
105
107
103
104
106
102
106
105
105
106
107
106
110
105
108
106
105
105
102
103
105
102
107
106
105
104
103
105
109
107
109
106
108
107
106
108
110
104
108
108
106
108
109
107
108
105
105
103
105
106
106
104
108
105
106
108
105
106
104
105
107
106
106
105
105
106
103
104
106
100
105
106
104
105
105
107
103
102
105
104
105
104
103
104
106
104
108
108
106
106
102
105
105
105
106
106
106
107
108
110
111
105
107
105
105
105
106
106
107
104
105
105
105
106
104
106
107
105
107
108
107
108
104
106
108
105
108
105
105
108
105
108
105
101
106
104
103
104
106
107
110
106
111
108
110
108
107
108
110
105
110
107
104
105
102
103
108
105
108
106
107
108
105
108
112
103
108
105
106
108
105
105
110
102
105
102
104
104
104
104
107
102
109
104
105
107
105
105
107
103
104
101
102
103
100
102
102
100
103
102
105
108
106
106
108
106
108
108
105
105
104
102
104
102
107
105
104
104
101
103
107
104
105
106
104
110
107
109
110
107
108
107
106
108
105
107
109
102
107
107
105
107
105
107
108
109
111
107
107
107
106
103
107
101
104
103
100
108
106
108
106
105
105
107
105
109
105
105
108
104
106
106
106
106
103
106
106
104
107
106
104
104
102
106
108
104
107
104
107
107
106
111
107
105
106
106
105
108
104
107
107
105
105
104
105
104
105
104
105
102
105
103
102
104
103
107
108
104
106
105
106
107
107
106
107
101
104
104
105
110
102
104
105
104
107
109
105
105
103
104
105
102
106
104
106
105
101
103
106
102
104
103
102
107
106
107
111
104
107
104
105
105
102
104
106
103
104
105
101
101
100
104
104
103
106
105
105
108
106
108
110
105
107
104
104
106
105
105
105
100
101
102
105
108
105
105
108
105
107
108
105
105
104
106
106
106
106
108
105
107
104
104
104
103
107
107
107
107
110
108
109
104
106
107
106
107
102
105
104
104
105
105
104
103
106
108
111
113
110
109
109
110
107
111
107
106
107
108
105
108
109
108
107
105
107
105
110
109
106
108
107
108
110
111
109
110
107
110
108
106
107
105
108
108
105
111
105
104
107
106
106
107
105
106
106
105
106
101
105
103
102
103
106
105
108
107
107
106
102
107
105
106
105
105
106
107
105
107
106
102
106
104
105
108
103
107
105
103
104
102
104
105
103
106
106
104
110
105
107
107
103
106
106
106
106
105
103
107
100
104
101
99
104
102
104
105
101
104
106
104
107
105
105
108
104
107
108
104
108
103
102
102
100
103
107
102
105
102
105
107
103
109
105
102
105
105
104
108
104
104
106
103
105
103
105
107
104
107
107
105
108
109
107
110
106
108
110
105
107
103
104
105
101
103
102
97
101
103
102
107
102
107
106
108
109
108
106
105
103
104
104
105
105
103
102
104
99
104
105
103
105
105
103
106
106
107
107
104
105
102
107
107
102
107
104
103
102
104
102
102
102
106
105
103
106
103
106
105
103
104
105
101
101
102
100
105
101
104
103
100
105
104
109
109
107
109
107
104
107
107
105
107
103
107
105
105
109
104
103
103
102
104
107
103
106
104
105
107
103
107
105
104
105
104
104
106
102
105
105
102
107
106
104
108
104
108
108
107
107
106
104
108
103
105
106
102
104
105
106
108
108
104
100
104
106
93
108
8
0
-169
-280
-305
-435
-442
-450
-457
-458
-458
-459
-459
-462
-461
-462
-463
-462
-464
-464
-464
-465
-464
-465
-465
-465
-465
-466
-465
-466
-465
-465
-466
-465
-466
-466
-466
-466
-466
-465
-466
-466
-466
-465
-464
-463
-462
-462
-459
-422
-377
-339
-309
-267
-240
-206
-182
-157
-138
-118
-93
-75
-56
-38
-23
-14
-1
9
24
36
38
47
51
60
64
78
77
84
88
89
94
98
98
101
103
106
107
111
111
113
114
118
114
119
121
118
120
120
122
122
122
121
121
121
123
123
123
128
128
131
131
134
132
138
132
131
128
127
125
124
124
123
121
122
118
121
121
121
117
121
121
121
118
119
118
115
114
113
112
113
110
111
110
108
104
108
104
108
105
107
106
109
105
105
104
102
102
101
101
101
98
99
96
98
97
96
92
96
93
100
94
97
95
99
94
96
90
95
93
93
91
91
91
95
89
92
89
87
88
89
90
90
88
89
89
88
92
88
87
91
87
91
91
90
90
88
91
91
87
90
90
89
93
90
89
94
90
92
90
90
87
89
88
88
87
89
91
90
94
90
91
91
93
94
94
92
92
93
94
98
94
100
95
97
97
95
101
99
101
102
100
100
103
104
105
108
104
107
108
112
113
112
114
112
113
115
118
114
117
117
117
120
118
121
116
121
120
121
121
124
124
126
128
129
133
132
133
135
135
138
136
139
139
137
136
138
136
143
143
142
144
144
146
147
148
151
147
149
151
152
152
155
150
156
152
153
153
154
157
158
157
159
160
159
164
158
164
163
158
169
164
164
165
163
165
167
164
166
163
164
170
168
172
176
171
176
177
180
180
181
180
183
179
181
181
182
185
181
184
188
183
191
190
191
192
194
196
200
198
200
200
198
201
197
201
200
197
200
202
201
201
202
202
207
204
207
207
209
210
206
212
213
208
212
212
208
213
210
213
215
213
217
215
216
220
219
224
220
222
224
221
223
228
219
225
222
228
226
226
229
229
228
227
230
228
232
234
232
236
235
238
238
238
239
240
236
240
240
243
244
240
244
244
243
245
242
244
245
245
247
249
250
247
245
248
250
246
252
250
251
252
251
257
259
258
259
259
256
258
256
259
257
253
254
250
253
256
256
257
256
254
253
253
252
251
248
251
250
246
250
246
246
246
245
244
247
243
245
243
241
242
237
240
239
238
241
240
238
240
238
237
239
236
241
239
241
239
240
243
244
239
242
240
238
239
236
237
239
231
231
228
226
227
225
228
230
225
229
229
229
234
229
231
233
231
235
235
236
238
236
235
236
233
234
234
232
235
230
230
232
224
224
225
216
219
214
208
206
198
198
192
185
181
172
174
174
173
177
179
178
180
181
183
187
185
189
187
186
186
185
185
188
182
180
181
177
177
175
175
173
171
172
170
170
172
171
170
173
172
171
173
170
172
170
173
173
173
174
176
175
176
176
175
179
175
175
173
171
168
163
160
157
157
155
152
151
147
141
138
136
132
132
127
122
119
114
114
111
109
103
102
99
96
92
93
93
89
85
80
76
72
71
66
65
59
54
51
47
44
39
38
34
31
35
27
29
29
25
24
21
21
19
15
16
16
10
12
8
3
3
0
-3
-6
-7
-10
-12
-15
-12
-16
-14
-19
-23
-23
-25
-27
-25
-26
-30
-27
-30
-29
-29
-30
-30
-33
-29
-32
-36
-28
-33
-31
-33
-28
-33
-26
-31
-27
-25
-26
-23
-22
-19
-17
-20
-19
-20
-22
-21
-23
-27
-25
-29
-28
-30
-32
-34
-35
-36
-34
-40
-37
-40
-40
-38
-39
-40
-38
-42
-42
-42
-45
-45
-45
-45
-45
-50
-49
-49
-49
-46
-47
-49
-46
-49
-47
-46
-47
-48
-50
-51
-49
-52
-49
-51
-53
-52
-54
-56
-54
-57
-56
-55
-57
-57
-58
-57
-57
-60
-58
-59
-60
-57
-60
-62
-60
-63
-61
-61
-62
-62
-64
-58
-56
-57
-52
-52
-50
-50
-49
-49
-44
-48
-45
-45
-43
-41
-39
-36
-35
-37
-33
-31
-33
-24
-29
-27
-24
-25
-19
-16
-17
-13
-14
-11
-7
-9
-4
-3
-1
1
6
8
14
10
17
20
21
23
25
30
32
28
36
32
33
39
36
38
44
41
48
51
50
53
53
55
59
57
62
60
60
64
66
68
73
66
70
70
70
72
75
76
79
75
79
80
79
85
85
86
91
88
94
98
93
99
94
99
100
98
103
103
104
108
108
110
115
110
116
118
119
121
123
120
123
117
122
122
121
122
124
123
126
123
129
133
129
129
127
121
127
125
128
131
130
132
133
133
138
133
135
137
137
138
140
138
143
139
141
142
141
143
144
143
147
143
148
149
147
150
150
149
152
151
152
152
152
154
154
155
158
153
156
158
158
160
158
162
162
161
165
167
169
167
170
168
167
171
170
169
169
169
168
172
173
175
174
175
178
178
180
182
178
180
179
180
182
183
183
185
180
183
182
182
184
183
185
188
185
190
189
191
192
194
194
197
195
197
194
195
197
195
197
197
194
197
197
200
203
202
204
208
202
206
204
205
204
203
203
206
202
207
207
205
205
203
203
209
206
210
208
208
209
208
210
212
207
211
210
210
212
210
210
213
209
212
210
211
211
212
212
217
210
217
216
214
215
214
212
217
213
214
213
213
217
216
218
221
216
220
220
221
223
220
220
222
219
222
224
219
221
221
220
224
216
225
221
223
223
221
221
224
218
223
224
219
227
222
226
225
220
226
222
225
224
222
225
224
220
227
223
226
221
226
222
230
223
230
224
224
223
228
226
229
224
227
228
228
229
229
231
230
225
226
226
227
231
229
230
234
230
232
234
235
233
233
233
234
232
236
234
234
233
231
231
235
233
236
235
236
236
238
238
238
235
238
237
238
240
236
237
238
235
238
236
237
234
234
236
238
235
238
238
239
241
241
242
245
242
244
242
241
241
242
242
243
238
241
239
242
244
241
242
244
241
245
246
245
245
243
243
245
242
244
241
243
244
240
242
242
238
242
241
240
242
243
243
244
241
246
242
242
243
240
240
242
239
243
241
238
239
237
240
243
241
245
244
245
245
245
245
246
240
243
242
242
243
244
243
244
239
241
239
240
242
238
237
241
237
240
240
239
238
235
237
238
236
237
236
234
235
234
232
234
230
235
234
234
234
235
233
235
230
232
230
231
232
229
231
231
231
235
234
232
233
232
234
237
236
234
233
236
235
235
238
238
235
237
237
238
237
238
238
242
237
240
238
241
242
240
242
242
240
245
245
244
245
242
246
244
243
244
242
246
246
244
247
245
240
245
245
245
245
244
247
246
243
247
245
247
246
245
245
248
246
248
248
246
246
241
244
245
244
245
245
245
247
246
250
249
243
247
246
247
250
246
249
249
245
247
246
245
249
245
246
248
243
251
247
247
251
245
248
250
247
249
248
246
250
245
247
242
238
243
243
242
244
244
244
247
242
246
248
245
247
243
245
246
241
247
242
242
244
241
242
246
244
246
245
243
245
243
246
246
241
244
242
241
245
240
240
243
238
241
240
238
240
241
240
241
237
243
241
240
242
241
239
242
237
239
234
234
237
235
236
234
232
235
238
237
243
238
241
242
237
242
241
238
238
236
236
237
233
240
239
237
239
235
237
240
237
240
239
240
240
240
242
242
237
240
237
238
241
237
239
238
238
238
239
235
236
237
239
239
237
239
237
238
239
235
232
236
232
233
234
233
237
235
236
235
232
235
234
237
238
235
236
235
233
234
237
234
236
232
235
233
231
235
232
232
232
230
230
235
230
232
230
230
233
229
233
231
228
228
228
227
231
227
227
228
227
228
227
225
230
223
229
225
222
226
221
222
226
218
224
220
220
225
219
223
224
221
222
221
218
218
216
215
218
213
216
216
211
214
213
211
210
209
208
208
207
208
209
207
208
203
207
207
206
207
205
208
210
210
207
210
207
208
206
207
209
206
208
210
207
207
208
206
206
205
206
209
209
210
211
212
214
217
216
217
215
215
217
215
217
217
216
214
209
214
214
217
216
215
216
217
213
217
217
216
217
214
216
216
217
215
215
215
213
213
214
213
213
215
213
214
215
214
215
213
213
212
212
215
211
208
209
210
205
209
205
205
207
205
207
209
210
209
210
211
212
209
212
209
206
208
205
207
208
208
209
208
207
208
207
208
210
205
209
208
208
214
209
208
208
207
207
206
207
205
206
207
207
202
209
204
206
206
207
207
211
208
209
209
206
208
203
205
207
201
205
204
206
206
204
203
208
202
208
208
205
208
204
205
207
203
207
204
205
206
205
203
209
202
206
203
200
203
201
203
204
201
203
203
204
207
205
201
207
201
205
204
203
203
201
202
203
199
202
201
198
203
201
201
206
198
200
200
200
201
201
202
204
201
201
203
203
208
202
201
202
198
203
202
200
199
199
201
204
201
203
202
198
201
199
200
202
200
201
201
197
199
200
198
203
199
201
200
203
202
199
200
200
197
200
201
199
200
198
198
201
196
198
194
193
195
195
193
199
196
200
201
199
202
201
200
202
198
201
197
199
199
197
195
197
192
200
201
197
198
197
198
199
198
202
197
198
197
198
196
200
194
198
196
195
194
196
195
198
195
197
196
197
198
196
195
200
194
199
197
196
196
193
192
194
192
192
192
189
191
190
191
197
194
200
197
199
198
198
195
196
192
195
196
196
198
196
196
199
191
192
197
196
195
196
195
201
198
200
199
194
197
194
197
197
193
197
195
194
194
194
189
194
192
196
197
197
199
198
197
197
192
194
194
191
191
190
189
195
195
197
194
194
195
197
197
197
193
192
194
192
195
192
190
190
185
190
188
191
189
189
187
190
183
189
191
190
191
189
189
192
194
194
194
193
193
194
194
197
190
191
189
188
190
188
186
190
188
191
191
189
188
187
186
193
191
191
190
192
195
194
193
197
194
193
193
189
187
186
192
193
189
189
186
191
192
195
192
194
190
187
188
188
188
187
188
189
186
186
186
187
187
188
186
192
190
191
189
189
188
184
188
187
184
187
188
187
189
186
181
185
180
186
185
187
189
186
188
190
188
190
189
187
188
187
187
189
184
187
184
185
183
185
187
191
185
188
189
187
192
190
189
190
185
190
188
188
187
186
185
188
183
186
185
185
188
186
188
191
185
188
187
188
188
187
185
189
182
186
185
183
184
182
184
184
183
187
189
186
187
190
187
188
185
187
183
184
184
182
183
188
182
183
185
183
183
184
184
184
180
186
183
185
185
186
185
185
182
183
185
181
182
182
184
183
181
183
180
183
182
183
182
187
182
184
182
181
182
182
180
180
178
182
183
180
183
183
182
184
182
187
186
185
184
183
183
184
184
184
183
182
182
181
183
185
181
184
179
181
180
182
181
183
181
182
182
184
184
181
184
182
180
181
183
183
182
183
182
183
182
184
179
180
182
178
182
182
180
180
180
179
182
181
181
183
178
184
182
184
185
178
181
179
178
181
181
180
181
179
181
182
181
184
181
181
182
178
180
182
179
180
179
176
180
176
178
182
176
179
178
182
179
178
180
181
177
180
180
177
179
176
179
179
177
177
173
174
175
174
177
180
177
180
178
181
183
181
183
180
177
179
178
179
178
177
176
178
173
180
177
178
178
177
180
180
178
179
178
177
179
178
180
180
175
180
177
176
177
174
176
178
173
176
177
177
178
174
178
177
177
178
176
175
175
173
175
176
172
172
171
171
176
174
179
177
176
179
178
178
178
174
174
176
171
174
173
174
175
171
172
172
171
175
173
173
174
172
176
176
174
176
173
174
174
173
179
174
172
174
176
173
176
171
172
175
173
174
174
174
175
174
174
176
169
172
170
169
171
166
173
176
171
171
173
172
176
173
175
174
171
176
172
173
178
170
173
172
170
171
172
171
170
169
172
171
167
173
170
171
172
169
172
175
172
172
171
169
172
168
171
172
168
172
170
170
172
168
166
172
168
170
171
167
171
165
169
171
168
174
170
172
173
170
171
177
169
170
164
166
169
167
170
169
166
168
170
168
172
169
167
170
167
170
170
167
171
167
168
169
166
167
168
168
169
167
167
171
167
170
169
168
170
168
168
167
165
166
167
167
168
162
164
164
164
165
166
166
167
167
168
170
169
169
167
167
167
164
166
168
164
165
164
164
164
166
166
166
166
166
166
167
170
167
166
166
165
165
166
165
166
163
165
163
162
161
161
162
164
161
165
165
163
162
163
161
163
162
163
162
162
160
160
162
161
158
164
160
162
165
165
164
167
163
165
165
167
163
162
163
163
163
165
165
162
163
161
162
165
164
166
166
164
165
165
166
165
163
164
163
161
164
163
162
163
161
162
163
162
161
160
161
164
160
164
164
161
165
163
162
163
159
163
159
160
160
160
164
163
159
167
162
161
165
163
161
162
160
161
162
162
161
159
162
160
157
166
161
160
161
159
162
159
161
159
164
159
166
161
162
162
160
160
160
158
164
159
161
161
158
163
159
161
158
158
159
162
157
162
156
159
159
159
158
161
155
159
161
157
163
159
164
158
158
158
156
157
161
154
158
159
157
159
161
156
159
159
158
160
154
161
155
159
160
154
156
161
152
159
159
158
158
158
157
159
156
160
155
159
161
154
157
158
155
158
157
154
155
153
155
156
153
158
156
157
159
158
160
159
158
159
158
157
158
155
157
158
153
156
154
154
159
156
157
158
155
159
161
154
159
156
157
158
155
158
157
157
158
154
155
158
151
155
157
154
158
159
159
160
153
158
157
156
158
154
155
156
150
154
155
152
153
150
153
156
155
158
157
157
159
155
155
159
151
154
154
153
154
154
153
154
150
153
151
150
154
153
152
156
151
155
157
154
155
153
154
156
154
155
155
153
155
152
152
157
150
154
155
155
155
157
153
155
151
153
153
151
152
150
149
152
149
152
153
152
152
152
152
156
153
153
