84
82
67
92
71
73
96
62
90
91
69
96
69
82
95
72
85
82
58
78
69
67
89
56
85
82
71
98
83
88
95
66
88
81
68
95
72
70
83
52
80
74
62
83
72
74
93
68
89
83
68
93
67
76
85
54
80
76
63
84
71
72
84
52
81
78
71
91
67
76
87
59
82
79
61
83
68
72
89
62
83
82
70
99
68
86
96
67
90
85
61
92
78
82
98
61
93
86
74
95
72
81
89
64
89
83
64
90
69
80
94
66
92
86
77
98
74
86
94
66
94
88
69
102
77
81
94
62
85
79
71
92
72
74
91
66
103
90
72
103
76
84
100
68
94
85
67
89
66
71
86
56
90
82
68
97
70
80
90
62
74
79
73
91
72
78
91
63
91
82
62
83
68
80
90
65
91
79
69
100
71
89
93
65
99
80
69
96
65
75
80
53
77
74
71
95
74
87
97
68
105
87
78
91
71
80
92
62
86
80
64
92
70
84
86
59
89
80
70
100
64
84
95
69
95
82
66
90
60
72
79
58
91
76
67
90
61
72
89
60
82
78
65
96
65
81
87
51
81
78
63
93
70
82
95
62
84
74
54
83
60
73
85
57
91
79
69
95
71
81
92
61
86
74
63
88
70
79
81
53
83
79
68
96
64
79
89
62
88
82
65
92
65
77
86
67
92
83
70
90
59
67
87
54
79
73
63
86
70
83
96
68
96
81
70
96
64
72
82
56
80
79
66
92
73
82
92
65
94
83
70
98
67
83
94
58
85
78
68
95
77
85
86
62
83
74
71
97
61
81
91
66
93
87
75
92
66
79
79
56
80
72
64
92
65
85
87
64
93
87
71
95
74
84
87
64
91
74
73
95
70
82
87
66
95
78
65
88
63
82
91
71
93
78
75
95
68
86
89
65
93
79
69
91
66
73
84
59
83
71
72
93
68
79
81
57
84
71
63
90
64
91
96
71
99
79
78
99
66
86
85
59
89
79
72
94
69
79
89
65
94
77
77
97
67
85
88
62
99
80
68
94
68
77
86
66
94
74
72
101
67
91
92
62
89
74
68
93
67
84
88
62
83
65
63
84
63
78
83
66
103
87
83
107
76
92
97
64
92
78
73
101
75
94
92
64
91
82
75
105
68
88
94
69
100
82
77
100
70
87
91
65
102
75
76
97
65
90
95
72
99
79
73
95
72
94
91
71
97
76
70
100
66
85
93
72
101
81
77
99
67
92
96
66
102
76
75
100
68
88
96
64
94
79
74
99
65
91
88
59
87
71
71
100
68
83
89
64
90
80
77
96
63
79
87
58
88
72
67
93
66
83
91
53
85
65
63
80
61
81
85
62
88
76
71
102
74
93
93
67
97
76
66
85
60
74
86
63
94
76
71
96
65
88
96
57
91
75
68
87
67
87
86
59
81
66
63
86
64
83
84
61
87
80
71
90
67
83
85
63
91
71
68
85
58
69
83
57
82
78
76
96
72
91
93
72
103
78
79
97
64
86
83
59
83
80
77
92
68
87
83
68
98
68
71
93
72
88
94
68
95
75
71
91
61
77
81
56
84
68
70
88
60
76
82
60
87
73
68
88
57
74
75
55
83
67
72
93
63
87
88
59
88
68
72
93
65
82
82
63
89
72
74
94
63
81
83
57
91
77
77
92
55
75
80
60
90
69
73
90
60
85
88
59
94
72
70
88
64
83
78
56
86
64
75
86
53
75
78
52
83
68
72
94
67
89
88
68
102
72
73
93
59
78
81
50
84
62
59
82
62
77
78
58
87
72
76
96
61
75
79
58
87
71
71
91
63
75
81
60
88
72
70
92
62
83
87
62
88
72
72
91
58
77
77
51
81
64
69
83
53
77
80
65
105
72
76
95
64
86
82
64
91
67
72
90
61
88
82
60
86
68
69
87
61
81
82
61
85
68
78
89
63
84
84
65
101
67
71
89
60
82
83
59
88
65
71
87
58
81
79
61
88
70
72
95
69
90
85
68
99
71
86
95
67
90
82
60
95
69
77
90
64
88
90
65
99
68
77
92
64
87
87
60
91
72
72
88
55
76
78
57
86
71
78
89
66
85
83
59
86
60
69
85
56
75
80
54
78
53
52
74
54
79
82
63
94
71
80
99
61
83
81
62
87
72
81
91
62
84
78
59
93
71
78
91
61
79
88
65
94
75
79
91
63
83
82
58
89
67
70
88
56
76
78
56
86
71
71
84
56
84
81
60
82
61
62
73
50
73
77
64
89
63
72
89
69
90
79
60
81
66
78
90
60
81
77
59
88
71
77
87
60
88
81
67
96
62
70
90
59
85
83
58
87
87
89
81
83
62
-7
-453
-452
-451
-420
-420
-409
-412
-412
-410
-412
-411
-411
-411
-411
-411
-410
-410
-410
-410
-410
-409
-410
-410
-410
-410
-412
-411
-411
-411
-411
-411
-411
-411
-411
-411
-411
-411
-412
-412
-412
-411
-412
-412
-411
-412
-412
-412
-412
-412
-413
-413
-413
-415
-416
-418
-417
-421
-429
-443
-453
-456
-457
-457
-458
-458
-460
-460
-461
-463
-466
-467
-464
-462
-460
-459
-457
-455
-436
-385
-345
-301
-263
-237
-214
-188
-161
-140
-122
-101
-86
-75
-58
-44
-35
-23
-26
-6
-4
4
18
27
26
29
33
33
29
35
38
33
34
26
38
40
35
27
27
27
17
16
23
18
12
5
8
-2
-10
-9
-22
-21
-23
-29
-29
-26
-38
-37
-42
-46
-70
-67
-69
-76
-78
-80
-86
-87
-94
-93
-99
-92
-111
-102
-103
-106
-123
-120
-118
-120
-122
-122
-127
-132
-135
-135
-134
-134
-140
-135
-137
-130
-132
-128
-131
-133
-136
-137
-138
-133
-128
-131
-136
-145
-143
-141
-136
-130
-131
-126
-122
-112
-109
-105
-104
-105
-104
-102
-99
-93
-107
-97
-89
-89
-94
-84
-92
-82
-85
-77
-83
-68
-69
-69
-56
-47
-48
-50
-48
-38
-36
-29
-32
-26
-24
-21
-29
-21
-23
-18
-8
-6
-9
-7
-3
6
9
12
9
12
12
19
22
34
31
40
40
40
41
44
52
54
55
47
55
56
65
68
68
70
70
75
79
81
80
77
85
87
86
92
89
92
95
101
100
108
102
106
107
113
106
115
115
114
115
111
114
114
116
121
120
123
117
121
132
128
121
122
121
125
130
137
134
134
132
138
140
142
133
143
137
141
129
137
132
133
136
138
140
140
146
146
145
142
144
147
148
149
142
146
144
144
149
151
145
138
144
144
149
160
145
151
154
155
151
158
153
155
152
152
147
154
155
150
153
150
147
147
151
159
161
162
161
167
164
165
161
158
165
159
161
160
157
158
161
158
163
160
157
168
157
168
165
166
164
169
168
167
169
167
176
168
168
165
167
169
172
172
174
174
169
169
170
175
172
164
167
165
167
168
155
159
159
155
153
157
150
156
150
157
147
152
158
142
144
143
141
142
145
140
142
145
138
142
139
143
130
133
137
136
136
140
136
134
133
132
139
147
138
146
143
152
147
149
152
155
146
152
151
151
159
152
157
151
144
148
147
148
147
149
151
155
154
162
151
153
162
154
160
158
153
150
148
143
136
134
129
131
122
124
118
120
121
113
113
108
105
105
106
100
99
96
93
97
91
94
94
87
84
86
82
89
86
84
88
85
89
89
86
90
81
76
74
77
72
69
73
76
77
74
84
79
77
83
80
83
88
84
81
79
78
78
74
82
75
75
82
80
80
88
80
75
71
71
69
76
73
73
68
67
67
61
62
59
54
51
53
52
53
50
50
50
43
48
45
47
47
43
45
44
42
43
41
38
44
48
50
58
51
52
50
55
51
49
44
37
35
31
36
31
46
32
31
47
27
33
33
27
26
27
18
27
20
23
17
14
16
9
9
18
10
8
6
9
7
12
11
15
8
8
11
7
9
2
7
5
2
-1
-1
-5
-13
-4
-7
-3
-2
5
4
4
3
2
0
-5
-14
-25
-15
-19
-17
-7
-19
-18
-25
-25
-30
-26
-21
-27
-24
-23
-22
-27
-18
-24
-21
-32
-26
-26
-24
-23
-25
-21
-22
-20
-23
-19
-19
-20
-13
-19
-15
-15
-24
-22
-23
-26
-26
-19
-21
-19
-22
-17
-13
-15
-7
-10
-4
-11
-6
-7
1
-6
-9
-9
-13
-6
-3
5
-2
-2
0
-2
2
6
9
11
9
8
11
16
12
14
11
17
12
21
23
23
21
20
16
17
25
17
18
10
19
20
17
25
14
17
12
12
14
23
24
22
29
27
33
33
30
35
36
38
34
34
33
33
29
33
23
38
43
42
44
42
44
43
53
47
46
44
47
55
53
61
57
57
58
54
56
59
56
59
64
68
69
69
74
75
74
77
76
77
80
80
79
77
77
77
86
80
84
76
87
96
93
100
93
100
95
97
97
105
102
94
103
101
103
105
104
104
113
109
107
110
112
114
112
116
109
114
125
125
128
128
124
121
129
132
130
133
132
138
133
144
139
132
137
142
145
148
143
147
146
145
152
139
149
155
137
158
154
152
174
159
163
160
144
167
165
158
183
150
168
175
153
186
168
156
183
161
170
183
155
179
176
155
190
166
170
184
162
188
180
163
190
169
176
193
161
185
191
167
197
177
175
188
170
189
181
162
181
169
177
201
176
193
197
181
212
196
201
206
182
203
200
172
204
188
190
201
170
192
191
174
201
183
188
197
184
205
201
181
203
188
191
207
179
200
200
185
211
198
200
207
185
212
210
190
208
208
226
208
221
191
217
206
197
218
194
198
214
193
217
212
190
218
192
214
223
192
219
206
197
218
200
205
212
177
208
206
194
221
198
213
220
193
215
209
196
226
201
212
222
202
228
215
204
231
198
218
225
195
220
212
199
227
205
207
223
191
217
213
203
227
191
202
214
188
218
220
199
234
208
217
227
195
227
210
198
216
193
208
221
194
222
214
198
231
207
213
225
189
215
209
204
227
194
210
226
193
223
214
194
223
199
208
215
193
224
212
202
228
202
214
224
190
216
214
196
224
190
199
206
180
209
205
204
231
202
216
225
197
230
216
200
224
197
213
220
196
222
217
202
223
200
209
216
196
226
205
205
235
205
218
223
196
224
213
207
232
205
217
227
195
232
216
198
227
203
221
231
203
229
217
213
231
205
219
223
189
219
214
202
233
206
217
229
197
223
216
206
232
193
211
221
195
229
209
200
225
194
211
223
201
222
216
205
235
202
215
221
192
223
213
202
232
205
214
226
185
219
215
198
226
198
215
222
198
229
209
194
219
196
202
223
199
219
211
204
229
199
216
223
204
230
217
202
233
202
209
219
190
214
208
193
222
203
214
219
195
221
208
194
226
200
218
229
195
223
210
195
221
198
210
212
189
212
207
199
226
191
201
216
192
220
217
207
224
200
209
215
193
221
205
196
222
198
205
220
195
226
208
201
225
202
216
213
187
213
198
190
217
190
205
216
190
217
204
196
211
188
199
212
190
214
203
200
224
196
215
217
192
214
203
196
223
201
211
215
187
212
197
196
222
195
206
209
184
211
202
191
212
187
201
212
193
222
206
199
219
193
206
213
182
212
200
194
219
202
212
218
189
216
203
195
221
187
200
211
184
214
206
188
212
187
196
208
186
212
195
190
215
188
208
215
184
210
197
187
205
186
193
202
179
205
188
180
208
183
193
207
182
212
207
198
228
202
217
217
191
212
196
187
211
186
201
209
181
205
197
193
219
193
207
213
185
211
204
199
217
192
206
212
187
219
206
194
212
185
193
202
189
211
200
195
216
197
211
211
185
204
189
180
202
181
190
198
180
203
193
193
209
188
200
209
179
207
194
183
204
182
195
204
185
206
193
190
205
183
199
199
174
203
184
183
212
188
196
204
184
206
194
196
213
183
192
201
178
208
190
184
207
184
193
203
178
202
183
174
197
172
194
197
176
209
194
190
212
187
197
203
177
204
187
183
197
173
191
194
178
204
191
179
199
176
193
203
175
200
187
181
202
179
196
196
172
198
182
173
203
177
195
196
174
200
189
182
198
173
185
185
166
198
178
174
190
160
176
180
154
185
171
179
199
178
194
197
172
197
178
172
198
170
182
183
162
189
176
172
189
160
178
181
162
197
178
168
191
163
181
192
173
194
178
171
194
167
183
182
167
194
175
173
191
161
184
185
163
198
184
180
194
167
182
177
157
199
177
176
193
174
189
191
160
191
166
171
191
164
179
180
159
194
176
179
196
165
181
178
154
185
168
167
186
151
172
169
149
188
162
163
185
151
177
177
147
182
156
166
182
153
177
168
144
182
152
156
175
134
162
161
140
174
157
158
182
148
175
171
154
182
156
159
177
141
166
166
136
170
149
154
174
147
169
166
146
182
152
159
186
147
167
164
140
176
158
155
177
145
165
158
146
176
155
156
177
143
172
170
148
181
157
159
178
145
168
158
140
173
157
165
175
142
170
170
153
186
162
162
179
148
174
173
155
182
158
162
175
152
176
173
154
182
157
164
173
153
174
172
156
183
163
173
182
151
178
170
152
189
165
168
183
154
181
170
161
180
158
174
186
148
182
174
156
186
163
167
180
160
179
177
161
192
169
171
186
151
175
165
154
187
162
162
175
149
175
167
157
183
155
163
173
145
177
166
146
179
149
159
178
135
169
156
143
173
143
162
168
139
171
160
140
178
149
159
171
135
169
159
145
164
134
149
167
133
171
158
146
183
152
162
180
138
169
157
140
167
141
154
170
135
166
157
140
178
146
155
178
139
172
168
147
176
147
154
170
137
169
158
147
174
145
151
172
135
161
160
143
176
149
159
174
138
168
160
139
174
143
147
163
134
168
163
143
173
147
160
170
140
176
160
137
174
148
161
178
144
172
167
152
182
153
158
175
141
166
156
144
175
147
162
171
143
177
168
148
182
153
165
178
146
172
161
143
173
146
161
172
136
165
153
138
170
146
148
166
132
167
158
147
179
141
156
171
139
169
165
148
175
138
151
163
133
169
155
146
175
150
166
177
143
170
159
146
174
153
156
170
134
168
153
142
168
137
152
173
135
169
163
143
169
146
161
167
135
173
156
143
171
144
154
168
132
163
156
140
176
158
167
172
143
176
163
149
181
151
158
170
138
175
160
139
180
147
160
166
143
170
164
145
177
150
166
174
143
178
162
144
175
150
157
164
136
167
160
149
171
142
153
165
134
171
158
145
173
142
151
162
134
158
154
138
167
141
154
169
137
166
149
139
162
140
143
160
128
161
147
145
167
138
158
162
130
166
149
140
163
140
156
159
130
153
146
140
166
134
157
158
132
154
150
139
163
138
151
160
124
152
147
144
159
126
143
148
122
158
147
137
157
132
149
158
130
170
150
140
156
131
151
149
122
146
138
127
145
123
138
150
117
145
138
128
143
119
133
144
112
142
129
116
139
111
128
139
108
134
124
112
142
116
130
134
113
141
131
118
148
118
128
122
100
126
118
111
136
113
122
128
105
135
131
116
143
116
130
154
120
142
138
121
147
121
135
150
121
147
131
126
156
123
134
149
128
154
135
130
155
128
140
152
124
153
133
129
156
127
137
154
125
145
132
127
152
130
143
153
124
148
139
130
161
134
148
154
130
160
152
143
169
126
143
153
125
156
138
132
159
133
147
158
129
156
148
135
164
142
153
156
135
163
142
135
166
133
147
151
120
157
153
131
160
129
151
155
126
162
138
134
162
132
148
160
115
152
141
127
148
128
154
150
128
164
149
140
170
141
157
162
126
157
148
139
160
127
150
156
131
158
142
127
157
133
149
158
128
162
142
138
164
128
149
147
123
150
141
141
160
123
143
147
120
151
143
138
157
128
145
152
131
151
138
126
149
120
131
150
122
150
134
131
155
136
138
154
131
156
138
134
157
123
142
151
131
153
141
134
154
128
138
152
131
153
134
126
151
121
143
147
120
151
136
130
153
131
137
142
117
144
129
128
152
119
137
139
116
145
126
115
146
117
128
138
119
150
130
126
146
126
148
152
128
160
136
131
149
123
136
136
117
154
135
136
159
130
150
155
127
155
139
129
156
127
147
144
128
157
136
129
150
118
145
148
123
154
140
136
161
124
147
151
122
152
135
136
150
119
136
141
114
148
128
129
155
121
145
155
131
156
148
145
161
119
144
149
123
153
130
129
164
123
146
141
114
148
135
138
155
124
140
153
125
167
143
134
158
132
152
150
128
156
141
137
161
120
141
155
125
160
137
140
165
123
141
144
122
145
133
133
158
130
148
151
132
167
136
137
153
132
147
148
119
142
131
127
152
128
145
146
127
153
136
132
154
126
138
143
119
145
139
139
162
122
143
145
125
151
134
134
151
130
149
155
131
155
140
135
157
125
142
136
125
148
133
134
155
134
155
157
133
161
140
134
158
127
145
145
130
156
133
138
149
125
142
150
121
146
132
137
156
134
155
142
132
157
140
135
159
126
143
150
124
151
130
140
156
131
158
147
132
160
140
142
160
126
154
153
131
157
134
139
154
123
135
141
121
150
141
141
164
127
157
148
129
160
129
132
151
129
149
149
131
156
138
136
152
120
145
148
126
150
132
137
158
135
149
151
123
154
134
138
160
117
148
145
129
159
141
132
154
131
148
147
127
154
131
142
154
126
144
148
130
155
137
137
168
137
156
154
130
157
136
143
154
122
142
147
130
156
142
141
159
130
152
150
130
156
133
140
151
121
144
149
128
153
136
137
157
130
152
143
128
155
135
144
157
126
143
144
123
149
131
125
141
117
146
146
134
155
141
142
156
129
153
149
132
161
133
137
155
128
149
138
120
143
135
140
154
128
148
146
127
157
138
136
156
125
146
143
130
149
133
134
149
114
136
136
115
148
127
132
154
131
150
145
127
150
128
135
148
106
135
137
121
152
134
136
147
117
143
150
135
155
136
144
157
124
149
146
127
152
131
133
149
126
145
147
125
147
132
136
152
121
140
140
127
154
135
139
149
125
142
149
131
152
134
137
155
125
146
136
122
141
129
130
145
114
130
138
113
140
123
136
149
124
147
143
134
160
132
129
141
111
134
138
121
143
123
125
137
115
141
131
123
143
125
124
142
115
136
135
120
139
121
127
132
114
124
121
111
140
123
124
137
114
140
135
117
137
116
123
130
112
142
126
110
138
118
126
146
113
141
140
132
151
132
142
145
118
138
132
115
160
124
134
148
114
138
131
118
136
122
132
145
121
141
135
120
141
114
118
134
101
127
122
114
141
121
122
135
109
135
133
117
146
120
128
136
111
140
