61
64
57
67
67
58
66
60
55
56
57
56
56
53
60
58
62
59
47
60
58
53
67
61
57
56
52
58
50
50
57
53
47
57
45
67
64
60
69
57
54
56
48
52
55
46
61
53
60
67
55
69
68
63
74
62
57
62
54
64
69
61
68
59
58
57
53
73
67
64
70
66
64
77
63
64
67
53
61
56
63
62
51
62
61
46
55
54
49
66
53
63
72
68
76
66
69
69
58
68
66
59
65
62
55
75
53
56
53
50
61
53
60
65
56
58
65
57
72
60
55
64
56
60
60
52
57
58
52
61
54
57
62
55
64
62
56
67
57
63
61
53
52
56
51
56
46
55
61
55
71
60
57
57
55
59
66
52
59
57
57
68
58
70
65
61
66
61
61
69
63
66
70
57
55
55
57
61
53
63
58
58
70
65
69
68
57
60
71
59
65
63
63
65
61
62
55
52
59
55
53
67
57
61
61
58
64
67
71
71
64
63
61
57
66
60
53
57
44
55
55
53
64
59
60
64
62
69
66
60
60
55
60
67
54
64
62
59
63
62
53
58
41
54
58
56
62
58
61
66
58
68
73
62
65
60
57
68
57
57
55
50
56
50
54
62
49
66
68
62
66
67
61
65
57
61
58
57
63
56
59
63
51
65
64
56
59
50
52
65
62
66
64
59
66
61
66
74
58
65
66
60
61
55
57
66
57
68
65
65
67
68
64
72
55
59
64
58
61
58
55
64
55
62
60
59
63
66
75
72
53
58
54
52
63
57
58
63
54
66
66
71
69
64
65
68
57
65
66
70
73
63
59
66
60
64
69
72
69
63
67
71
58
65
65
58
64
66
61
64
56
58
57
54
49
45
40
58
49
72
69
66
69
73
68
77
67
74
70
63
63
53
62
63
53
66
60
55
65
61
57
65
55
67
65
67
71
64
69
73
58
72
60
57
59
56
56
68
56
63
54
51
60
54
65
71
58
67
70
67
80
60
55
64
48
60
57
61
62
60
59
67
54
70
64
65
71
61
56
70
58
65
64
63
60
55
60
67
58
65
61
60
71
59
56
64
54
67
70
67
69
64
67
76
60
78
66
68
71
65
65
81
60
67
68
59
61
53
55
64
52
62
58
54
68
67
71
78
65
72
76
67
70
60
58
65
58
67
60
53
53
53
60
72
60
66
70
70
74
70
67
69
58
63
62
60
69
63
63
69
54
61
60
56
64
62
59
65
61
69
66
67
68
60
60
68
52
58
52
50
55
61
58
59
48
61
62
67
73
64
65
71
56
63
65
64
62
56
57
60
56
64
60
58
62
54
57
64
56
61
57
61
61
63
65
71
59
68
58
60
65
60
59
67
58
68
69
63
59
51
56
64
61
64
58
53
61
52
55
69
55
67
61
58
63
60
62
68
61
61
49
53
51
51
56
61
49
64
61
56
61
54
61
67
59
65
59
58
59
52
58
62
48
58
50
51
58
56
54
63
48
62
59
67
71
60
62
67
53
65
66
58
63
53
57
60
51
65
62
61
70
65
80
85
68
80
73
64
67
62
56
63
53
63
63
67
64
57
54
60
52
66
67
64
69
60
60
67
61
62
56
54
63
54
65
66
51
59
53
50
56
47
55
62
50
61
58
60
57
52
52
59
46
62
54
54
58
54
59
67
63
64
61
53
61
53
64
64
54
59
57
57
66
59
58
65
57
62
57
62
59
57
62
60
47
64
59
57
60
54
55
65
59
64
60
59
60
52
62
59
44
60
51
52
63
45
49
47
37
53
44
53
57
53
61
64
56
73
61
56
61
52
57
62
47
58
51
51
54
44
50
57
47
62
54
53
62
49
57
61
52
62
60
58
61
54
57
57
49
68
53
50
55
46
58
70
57
66
62
58
68
61
69
65
53
58
47
49
61
46
54
64
54
62
61
56
65
59
62
60
52
67
59
55
65
58
56
68
51
59
55
56
61
56
62
60
46
54
53
52
67
57
57
62
50
64
70
60
59
52
58
60
52
61
54
53
59
44
53
55
42
58
50
50
54
53
60
63
51
62
57
59
68
59
60
60
48
59
59
50
53
45
51
59
55
62
54
56
60
54
61
65
56
60
54
53
56
57
56
57
49
58
51
54
56
47
57
60
49
62
60
56
62
55
59
53
51
57
48
50
51
47
57
63
46
57
47
55
59
60
63
63
55
69
59
63
67
55
58
59
52
66
65
62
66
58
61
55
52
61
56
59
66
60
67
70
59
69
61
59
63
57
62
61
50
62
53
65
66
53
58
55
51
65
57
52
57
43
56
57
59
65
67
57
64
56
67
72
-288
281
-281
8
-304
-453
-442
-454
-458
-450
-455
-457
-456
-456
-456
-455
-459
-456
-454
-461
-459
-456
-459
-456
-460
-459
-456
-463
-461
-457
-459
-458
-462
-459
-458
-463
-461
-461
-460
-461
-458
-462
-463
-464
-465
-461
-461
-458
-457
-455
-455
-432
-395
-351
-319
-276
-255
-226
-201
-180
-160
-144
-122
-109
-95
-88
-69
-61
-39
-31
-36
-18
-18
-5
3
13
11
21
23
33
31
45
43
40
44
46
48
55
51
56
63
63
58
62
61
65
67
68
68
74
74
75
71
71
71
65
73
78
71
79
82
86
86
92
82
88
75
77
77
82
82
80
84
87
84
89
89
87
84
86
86
87
88
84
75
84
83
81
84
84
84
86
86
83
83
86
82
84
81
82
80
87
81
83
80
78
76
75
78
68
68
71
64
70
76
74
74
74
78
76
86
81
75
71
68
64
64
60
61
60
52
56
57
57
52
54
52
53
49
52
54
51
51
48
46
42
49
36
39
42
35
35
44
34
30
31
27
41
33
31
32
25
34
26
31
42
22
16
18
17
16
19
16
18
21
20
12
15
22
19
20
18
16
10
12
16
14
11
13
13
16
15
15
8
10
14
15
19
12
8
12
12
16
28
13
15
14
16
16
15
18
17
12
11
12
5
17
13
15
17
13
13
16
7
13
12
9
15
15
19
12
18
28
22
25
29
27
29
29
26
28
34
25
25
23
25
29
33
38
37
36
36
42
36
49
40
39
50
38
40
45
44
43
41
42
41
41
47
42
43
52
46
55
55
56
52
53
58
55
54
59
56
51
51
39
49
63
55
62
56
64
67
82
74
75
75
75
76
79
83
78
74
77
77
76
79
82
75
86
77
80
82
79
80
83
80
83
83
88
88
89
89
86
82
98
84
92
87
91
87
101
91
96
84
85
92
94
103
97
92
94
96
92
96
96
86
104
91
99
99
101
97
103
99
97
89
101
95
101
97
101
95
109
98
101
102
105
101
101
109
103
99
106
106
100
111
105
100
104
98
108
106
112
104
111
111
114
114
120
116
113
113
108
110
117
107
113
111
110
102
105
107
115
107
122
122
123
138
133
136
139
127
138
136
124
126
122
122
134
124
138
128
126
124
121
129
145
131
142
140
136
140
140
143
147
132
146
134
138
146
131
141
140
126
134
141
130
139
133
133
140
131
145
129
136
139
134
132
145
130
139
138
135
142
141
147
148
136
140
138
141
147
137
137
146
135
156
151
144
146
135
142
144
135
152
139
142
154
142
139
147
131
152
137
144
145
145
148
151
135
149
141
139
147
137
140
145
129
149
143
132
135
124
121
138
130
137
135
132
141
131
140
149
131
142
134
131
132
131
123
127
114
128
123
116
121
113
122
121
110
121
116
112
118
110
109
114
108
114
97
95
104
92
105
101
79
89
86
87
92
94
86
90
77
90
81
86
85
70
75
76
63
70
77
74
83
77
80
86
81
87
85
84
87
83
88
92
74
90
89
84
89
83
83
84
81
83
78
83
72
67
66
69
64
74
68
65
68
56
58
57
56
57
52
49
50
43
51
52
37
48
38
38
41
29
37
39
31
40
34
39
41
32
42
45
30
51
37
38
38
32
38
36
30
35
24
24
29
26
36
31
26
41
27
35
36
31
35
31
24
31
30
35
31
24
33
25
21
27
18
19
26
23
26
31
20
33
20
29
31
14
28
27
12
17
12
11
24
11
14
15
0
21
15
22
22
12
13
17
6
18
7
0
11
0
7
8
-1
10
6
8
6
-5
2
10
0
12
5
1
17
1
10
11
-2
4
3
1
0
-10
-11
-4
-15
3
-5
-18
-10
-24
-13
-11
-23
-21
-22
-26
-23
-35
-19
-22
-38
-18
-30
-31
-15
-27
-25
-22
-30
-30
-28
-39
-26
-37
-24
-24
-33
-12
-24
-27
-21
-27
-24
-15
-24
-20
-22
-22
-13
-18
-9
-14
-26
-16
-16
-12
0
-8
-6
-4
-14
-3
0
2
4
-5
-2
-2
-8
2
-1
-5
-4
-11
-6
3
-7
4
8
16
15
14
20
21
18
22
19
16
23
11
16
24
12
27
27
26
28
20
21
30
30
38
28
31
37
26
37
43
33
37
33
38
39
43
47
45
40
54
42
39
47
34
54
53
45
60
53
56
56
48
55
50
47
59
51
54
63
53
67
77
66
75
68
68
77
78
79
77
67
84
77
84
84
79
89
91
84
91
93
88
98
81
98
93
91
99
90
99
95
89
101
100
92
104
95
97
102
96
98
97
88
103
94
106
104
89
96
88
88
101
93
91
115
116
110
110
114
110
112
116
108
115
117
104
122
117
109
116
109
116
115
113
117
118
123
127
119
124
131
122
131
128
127
128
118
129
131
132
129
128
126
130
126
136
138
132
140
132
133
138
143
142
142
127
134
134
138
143
129
142
146
145
151
146
150
151
144
148
151
146
152
142
142
148
131
150
137
135
142
137
141
145
140
140
142
129
140
136
146
145
139
143
143
143
152
146
142
150
140
149
150
145
153
147
153
147
139
157
138
137
147
142
141
151
136
149
152
149
160
144
159
158
151
159
156
151
163
149
144
153
140
158
156
151
152
149
148
155
145
161
152
145
154
148
149
157
141
156
155
155
155
152
153
166
147
159
159
151
167
157
161
166
150
163
160
153
159
150
149
161
142
159
153
143
153
144
150
166
144
162
154
153
163
157
154
161
141
157
153
148
161
147
152
159
143
149
158
142
154
151
152
159
149
160
149
149
158
156
150
162
142
151
154
146
155
160
149
152
141
150
149
149
155
149
146
149
138
142
154
141
145
136
139
145
137
150
146
142
151
147
142
152
132
143
142
142
143
142
140
148
143
149
151
151
149
140
142
149
140
153
154
146
150
142
143
148
145
153
151
148
150
147
145
157
143
150
145
146
149
152
137
151
143
147
139
136
139
138
144
151
142
158
152
153
158
152
155
161
148
159
148
147
150
139
151
157
138
155
142
144
152
156
149
155
136
152
142
155
151
145
147
151
137
150
146
143
152
143
143
149
137
146
144
146
154
142
150
160
138
155
149
142
147
142
139
146
127
145
143
150
150
144
140
150
139
159
156
145
154
146
154
158
146
155
144
148
152
146
152
157
139
155
143
143
151
141
145
157
142
152
152
154
155
150
147
159
143
161
148
147
151
140
145
155
145
146
147
140
147
148
145
152
134
146
142
141
156
150
149
157
144
156
150
149
148
140
144
148
137
153
139
141
145
143
143
156
141
154
150
148
150
141
152
151
140
149
147
149
156
147
143
146
131
144
143
144
147
142
143
154
140
155
150
145
147
141
142
154
133
145
135
140
141
133
140
146
140
154
150
147
158
145
150
150
134
151
145
146
146
143
145
150
135
155
142
143
144
134
144
156
138
148
143
142
145
141
146
150
133
148
139
138
148
134
139
149
136
144
142
139
143
140
145
147
134
151
143
140
141
138
137
149
132
142
139
143
150
145
148
148
127
136
130
133
145
135
137
146
133
146
144
142
148
134
142
144
131
151
141
139
142
135
133
146
127
139
137
136
142
139
138
147
132
144
143
138
149
136
138
145
129
137
141
130
133
124
120
131
131
145
137
137
144
141
143
157
138
146
140
133
137
136
132
140
131
143
136
134
140
133
139
146
132
145
146
143
145
142
145
147
138
141
135
137
140
131
136
148
131
137
130
130
134
139
134
139
128
138
131
134
134
127
122
127
117
128
133
129
133
132
135
137
134
136
135
137
137
130
136
138
128
138
134
134
135
135
134
138
128
138
131
140
135
125
128
129
123
133
135
135
135
127
130
138
133
140
128
133
132
125
133
137
126
136
134
132
131
127
122
128
122
129
126
132
136
133
138
145
131
142
138
134
137
127
130
136
130
137
124
121
123
117
134
139
124
134
129
131
139
131
134
132
124
131
127
129
132
122
124
124
111
129
121
120
129
125
126
128
122
130
126
120
130
123
133
130
117
122
117
116
128
126
121
129
121
130
132
136
138
126
127
130
122
139
132
128
131
120
121
126
117
128
125
120
125
112
123
119
115
127
123
123
136
126
130
139
125
132
126
128
129
126
123
129
119
137
129
125
125
114
124
132
119
122
119
115
125
116
124
127
115
127
125
123
139
127
129
137
125
126
120
117
121
116
124
126
116
133
123
121
127
120
126
128
121
125
120
118
121
113
124
118
107
117
107
115
124
112
116
118
109
122
123
125
127
113
116
119
108
121
109
112
116
103
111
113
99
114
109
113
120
112
125
125
113
122
112
107
118
102
112
112
105
119
119
114
115
105
112
113
110
123
115
117
120
110
120
126
112
122
113
114
116
112
120
119
107
120
108
108
120
103
116
117
106
121
115
110
118
107
115
118
108
126
114
111
119
106
117
125
110
119
110
107
115
109
111
112
100
114
111
110
123
108
113
113
99
110
108
105
113
102
111
110
102
105
97
100
107
100
106
111
100
111
106
103
107
106
102
108
94
109
98
104
108
87
97
90
83
97
98
93
107
97
101
104
102
110
103
99
103
94
105
105
88
104
97
91
102
97
98
102
95
108
100
101
104
95
105
103
96
101
102
100
103
88
105
98
101
107
97
97
96
89
106
103
92
105
98
105
106
102
103
97
90
99
89
100
99
87
107
105
98
108
101
101
107
95
107
100
101
103
97
98
106
94
113
101
97
106
98
100
106
95
104
98
87
98
94
106
103
89
104
97
91
112
100
101
106
96
104
103
101
106
96
101
105
89
114
96
94
107
93
96
103
92
106
100
94
111
97
109
108
96
105
105
94
114
99
95
108
85
105
105
97
108
98
103
109
97
115
106
102
108
102
99
113
97
109
105
100
107
102
101
103
94
108
108
100
117
101
105
112
99
111
106
94
109
102
95
101
85
105
98
86
103
90
100
113
94
110
104
97
106
101
98
106
95
103
99
95
110
94
99
106
88
99
101
91
104
98
100
106
94
109
100
98
106
97
94
111
92
102
99
96
98
102
99
104
90
103
95
95
108
90
97
99
85
99
101
93
102
90
95
107
92
116
101
100
107
98
99
102
83
102
95
99
101
100
98
105
93
107
98
94
107
99
97
103
92
118
109
98
98
88
96
101
95
115
100
98
104
101
100
115
93
114
106
101
111
104
96
102
90
106
92
97
94
94
101
111
93
113
112
106
115
105
108
113
99
108
101
94
109
96
102
113
93
110
99
94
106
102
97
117
92
112
103
103
112
103
100
111
92
110
106
104
107
102
100
108
96
102
93
102
108
99
106
111
102
109
104
103
105
106
100
110
96
114
108
114
117
112
108
110
92
114
109
102
109
98
101
115
105
116
108
106
109
106
110
115
101
111
111
103
112
104
102
114
95
117
106
113
108
111
111
121
97
114
114
106
112
101
103
110
104
110
102
101
96
96
105
112
92
117
108
115
118
114
116
112
101
108
100
108
102
98
103
114
91
113
97
102
104
102
100
113
104
112
113
106
115
105
108
115
98
110
102
105
110
104
103
110
94
113
107
108
109
101
107
113
97
124
106
105
105
97
94
109
90
111
98
97
105
96
109
106
99
113
101
100
106
96
99
106
92
116
101
105
95
96
100
104
93
117
104
99
104
93
102
116
96
110
105
104
107
99
105
115
93
109
101
96
115
101
104
117
95
110
101
95
98
94
100
105
86
113
96
98
105
99
106
114
99
110
106
104
107
100
99
107
86
106
88
101
110
103
105
107
91
108
106
101
107
98
99
109
94
114
98
99
104
99
98
108
87
105
105
98
105
99
99
109
92
114
101
99
105
93
95
102
74
99
100
94
101
93
100
103
97
108
102
101
99
97
97
111
94
106
94
103
100
100
100
103
94
107
97
94
102
85
95
106
87
105
100
96
98
94
102
102
94
110
99
99
101
94
108
111
93
104
90
95
99
96
96
96
81
96
92
95
106
88
97
102
89
106
101
99
103
97
98
99
90
96
88
97
96
86
100
99
92
102
96
100
100
99
98
101
87
104
94
104
105
88
98
95
85
97
94
92
107
90
97
100
93
111
95
99
98
88
103
97
86
99
90
88
96
86
89
94
93
105
97
109
105
98
100
110
92
103
100
90
104
90
100
99
93
105
93
95
95
91
102
107
88
105
99
94
107
95
105
101
89
102
94
102
98
88
96
105
86
107
93
90
99
91
97
98
91
101
98
93
97
86
96
96
84
98
87
96
96
95
100
99
89
91
93
94
95
87
93
96
90
105
91
93
92
90
90
99
79
94
91
92
96
79
97
84
86
98
91
95
100
92
97
99
85
101
89
103
94
87
94
91
86
96
88
85
87
77
83
92
86
93
84
94
97
88
101
101
96
98
96
88
99
80
90
90
88
94
84
91
88
88
96
89
86
104
88
93
97
83
99
95
89
100
83
89
94
89
101
97
86
98
82
90
104
78
97
94
90
103
90
92
89
80
89
83
75
98
82
90
96
79
93
101
82
92
92
90
98
80
93
92
78
95
89
91
101
82
91
94
83
91
92
90
95
80
92
85
83
97
84
90
90
84
89
101
85
97
79
84
95
83
94
89
80
96
93
88
97
76
91
94
78
91
89
88
97
85
97
92
89
100
91
90
94
88
90
101
79
92
80
77
84
83
91
94
82
92
93
88
99
81
90
90
83
93
93
87
89
89
93
91
88
89
83
84
95
80
89
94
83
90
85
85
89
90
87
88
77
84
76
77
90
75
87
84
82
92
96
83
93
87
92
95
88
93
85
84
88
80
89
87
79
83
85
85
84
81
86
86
77
87
78
88
89
81
94
86
82
86
87
81
85
72
83
84
85
88
71
77
79
71
83
82
75
80
75
74
82
77
85
