99
73
91
83
78
91
69
78
80
65
79
79
66
82
70
81
84
79
92
86
78
92
80
84
91
71
87
83
72
91
82
85
88
68
86
79
83
96
76
85
89
68
89
85
70
86
65
74
79
67
81
78
71
90
73
80
90
70
94
85
77
94
75
81
91
72
93
88
83
95
79
80
88
70
97
84
76
90
73
78
91
79
92
82
78
95
78
91
96
77
91
81
71
89
80
84
93
78
88
81
80
92
75
84
86
71
92
87
73
92
79
79
87
77
94
85
73
94
79
93
86
72
80
80
75
93
81
89
92
79
94
83
91
96
80
92
88
73
96
79
77
91
64
83
79
70
88
78
77
88
72
89
84
72
89
82
77
98
70
82
82
66
78
75
74
82
65
76
85
68
97
83
82
107
81
98
102
78
96
80
75
94
75
91
92
71
93
79
69
105
71
85
89
74
91
83
82
93
75
85
86
65
95
80
77
91
74
82
84
68
83
79
76
92
73
90
78
68
89
82
73
87
68
73
79
62
82
89
77
92
74
84
82
72
95
87
78
90
73
79
96
70
97
83
79
89
76
85
89
73
88
82
76
98
66
83
95
77
98
90
86
96
81
90
95
76
96
82
80
95
75
81
98
71
92
78
72
87
79
82
86
78
92
86
85
109
83
91
98
81
98
92
82
92
77
83
90
70
89
80
73
96
73
85
95
79
96
84
71
90
80
88
94
73
94
80
87
97
72
86
81
76
93
88
79
92
78
86
90
80
95
83
84
91
74
91
87
65
89
75
73
86
73
90
96
81
102
86
98
101
83
96
93
75
101
87
85
95
72
91
90
80
90
77
76
91
75
89
92
69
97
82
87
100
76
86
86
73
91
76
86
90
80
89
89
65
91
84
85
92
74
84
92
78
90
77
71
86
73
92
90
75
95
85
89
89
73
74
84
63
82
72
75
86
73
84
86
69
86
76
76
83
66
68
80
67
84
67
66
77
62
81
81
67
83
74
76
88
71
78
83
66
84
70
75
80
67
78
80
58
76
65
64
79
62
64
76
66
88
73
78
88
69
88
82
66
76
67
64
80
67
72
75
53
76
66
70
80
62
71
83
60
85
76
68
83
103
132
149
147
161
144
137
142
123
129
135
113
126
111
114
123
101
108
104
92
102
88
96
96
75
89
95
81
102
72
84
88
78
91
95
84
95
85
79
88
73
90
85
77
92
78
84
100
76
90
85
69
90
74
80
92
72
91
86
74
100
73
86
92
76
85
93
73
94
78
82
90
72
93
83
71
93
77
76
94
67
80
84
65
92
84
84
85
73
90
88
73
94
79
78
86
62
69
84
62
85
71
77
82
73
86
89
70
85
73
74
94
71
88
83
69
87
79
77
77
67
77
84
70
93
74
77
86
67
84
83
67
85
80
77
86
74
77
75
54
68
60
61
79
65
81
78
70
86
89
79
85
61
71
76
63
80
64
68
76
54
70
77
58
73
72
70
79
68
76
74
69
82
65
67
76
65
72
73
62
68
71
62
68
50
62
63
62
74
65
65
76
64
76
79
58
67
58
55
66
61
70
76
73
82
69
68
84
68
83
79
65
83
76
78
80
68
76
69
71
80
70
68
75
60
77
74
59
69
59
67
74
66
80
72
67
78
69
76
79
62
74
72
62
73
68
73
77
62
66
68
62
75
64
67
69
50
74
72
65
87
65
75
81
72
79
77
63
80
64
74
73
45
66
66
59
70
61
57
67
58
73
73
61
78
62
65
74
53
71
78
64
76
60
51
72
63
75
75
57
76
65
80
79
64
72
79
62
84
70
68
80
60
72
70
57
63
58
66
77
63
80
82
69
89
68
72
80
60
73
70
58
70
68
75
78
58
68
66
64
89
67
69
74
63
72
75
68
76
68
69
77
61
76
71
63
80
64
64
81
58
73
77
64
80
71
79
86
63
79
75
62
80
69
74
81
67
78
84
67
85
70
75
87
69
89
77
72
83
72
74
88
71
82
79
68
81
69
70
81
64
73
67
63
72
70
72
73
60
73
79
65
77
62
67
70
58
67
67
63
72
67
66
77
52
72
62
53
68
58
63
63
51
66
61
56
80
65
73
78
56
77
78
67
73
58
59
58
54
75
76
65
86
69
79
89
63
84
75
69
80
69
69
75
56
71
67
54
73
50
56
68
51
63
66
59
68
59
58
70
56
73
67
51
67
55
57
64
48
59
47
44
59
59
56
69
54
74
73
67
83
68
70
71
52
62
67
60
76
65
69
74
74
46
73
62
69
69
-108
-451
-453
-453
-453
-453
-449
-418
-425
-406
-410
-410
-405
-406
-405
-404
-405
-403
-403
-404
-403
-404
-403
-402
-404
-403
-403
-404
-403
-403
-404
-403
-404
-403
-404
-404
-403
-404
-404
-404
-407
-412
-411
-406
-404
-404
-406
-409
-412
-416
-423
-441
-453
-457
-458
-459
-459
-460
-461
-461
-461
-462
-465
-468
-466
-464
-463
-462
-461
-459
-458
-409
-383
-329
-300
-266
-239
-203
-186
-159
-142
-126
-107
-92
-81
-63
-52
-38
-28
-21
-7
5
16
21
22
29
45
38
45
54
47
52
50
55
51
47
53
59
61
73
67
68
73
72
74
78
69
68
63
65
67
68
69
69
62
60
47
45
58
56
54
52
50
43
48
48
45
47
36
37
33
38
24
26
23
22
10
18
12
6
9
6
9
10
3
1
-3
-4
-16
-17
-25
-23
-33
-32
-46
-43
-40
-42
-49
-51
-59
-62
-54
-55
-59
-60
-67
-63
-67
-58
-58
-65
-78
-76
-83
-76
-83
-84
-80
-84
-92
-87
-92
-92
-91
-87
-91
-89
-88
-86
-90
-92
-99
-96
-93
-94
-93
-90
-88
-86
-85
-70
-79
-77
-85
-77
-77
-63
-74
-70
-67
-62
-62
-56
-53
-55
-53
-53
-52
-49
-51
-47
-48
-41
-50
-49
-42
-41
-37
-30
-36
-31
-30
-23
-21
-20
-20
-19
-22
-12
-16
-14
-16
-10
-10
-2
-6
-5
-7
-1
3
11
12
14
20
23
26
31
38
36
34
42
40
39
43
45
50
50
42
43
44
55
57
63
59
64
65
83
74
80
76
69
77
84
85
84
88
89
93
94
96
90
92
98
94
103
100
109
104
114
109
109
112
118
115
119
116
121
120
125
125
126
120
127
125
137
141
142
143
147
144
144
152
148
147
147
148
148
148
149
150
155
151
152
149
159
147
156
156
160
154
168
160
163
157
163
160
165
163
162
161
168
161
168
176
173
170
170
168
175
179
174
177
179
173
178
176
178
173
172
169
171
170
178
177
183
181
181
181
190
176
179
180
180
178
180
183
187
183
187
181
182
188
181
187
188
183
186
190
188
180
181
177
184
182
195
190
191
186
188
185
197
192
190
188
187
184
185
186
184
180
180
175
171
170
174
173
181
173
178
181
184
183
187
191
189
185
191
186
186
181
180
180
188
179
182
178
188
187
194
195
198
192
196
196
200
202
198
193
196
190
190
195
199
194
193
191
186
185
189
185
187
181
183
185
194
187
184
185
177
171
181
172
173
164
166
164
168
166
166
162
168
163
168
174
169
166
168
161
162
161
157
157
163
152
157
155
164
153
151
150
148
139
159
152
153
149
146
146
150
143
142
136
139
131
132
133
132
125
125
122
114
118
114
111
116
111
110
109
109
104
99
94
102
88
99
88
93
90
89
87
101
87
90
87
79
76
80
75
76
70
68
76
71
72
72
64
69
59
53
57
52
48
54
47
46
40
41
39
40
35
33
31
44
36
33
31
36
20
28
21
19
16
11
9
10
9
3
-6
-11
-15
-19
-8
-12
-14
-13
-11
-11
-11
-10
-18
-15
-25
-26
-31
-25
-37
-34
-33
-38
-44
-39
-38
-38
-41
-43
-44
-47
-45
-45
-50
-50
-55
-56
-51
-54
-62
-61
-62
-62
-62
-64
-67
-72
-75
-72
-76
-71
-79
-80
-83
-80
-86
-77
-88
-88
-94
-98
-97
-93
-100
-94
-98
-93
-107
-105
-95
-98
-96
-105
-104
-100
-96
-103
-102
-103
-112
-112
-112
-107
-116
-109
-110
-111
-115
-108
-116
-119
-118
-117
-119
-110
-114
-114
-112
-110
-118
-113
-111
-112
-118
-116
-118
-113
-110
-111
-115
-116
-120
-123
-115
-111
-116
-114
-114
-118
-124
-117
-118
-114
-122
-114
-112
-105
-106
-105
-107
-102
-108
-108
-103
-109
-106
-103
-102
-100
-96
-100
-95
-96
-96
-94
-90
-86
-90
-86
-87
-86
-85
-76
-79
-74
-79
-78
-73
-66
-71
-69
-67
-65
-63
-59
-52
-54
-58
-52
-54
-52
-47
-50
-45
-42
-50
-50
-42
-47
-46
-45
-38
-37
-33
-21
-30
-24
-21
-23
-21
-12
-22
-18
-20
-15
-16
-9
-11
-12
-14
-10
-5
1
10
10
13
20
17
20
32
23
24
26
25
26
25
33
30
33
26
31
27
41
35
40
46
46
45
60
48
55
55
49
59
55
55
63
50
58
60
57
77
72
70
85
73
87
97
76
97
92
83
103
83
96
96
80
102
89
83
109
86
99
101
85
101
98
90
112
88
102
103
90
115
104
99
113
95
105
116
97
115
111
103
120
103
115
113
101
122
116
106
133
118
121
129
112
127
126
118
136
124
129
140
125
146
139
124
136
119
120
138
122
139
137
128
149
139
146
149
126
145
146
133
158
140
144
151
132
149
148
136
156
144
149
156
140
157
153
144
163
144
151
164
140
160
151
143
156
150
146
149
131
141
142
134
155
141
148
153
134
155
162
144
163
145
150
154
145
158
152
146
161
140
151
159
143
161
153
144
160
149
160
162
145
166
151
155
166
145
155
157
141
160
154
145
156
139
152
157
153
165
152
151
168
145
160
167
152
152
156
158
147
158
151
156
158
145
161
146
153
173
153
167
164
143
168
161
149
167
147
162
159
156
169
152
151
168
151
163
162
143
162
156
156
171
154
164
165
149
168
160
160
164
150
163
162
144
169
158
156
162
146
159
161
151
168
154
152
167
147
166
161
141
168
150
149
166
151
161
175
151
175
156
160
166
140
160
158
141
168
157
158
170
152
160
161
147
166
154
152
167
142
166
163
139
157
142
145
164
149
159
165
143
171
153
160
167
149
161
165
145
172
160
156
170
152
153
157
140
159
154
153
165
155
163
167
148
170
162
153
175
152
157
161
132
161
148
151
157
145
147
157
138
171
151
150
168
148
157
166
143
162
151
147
158
147
157
158
143
165
144
149
160
143
152
158
144
160
151
163
161
148
159
160
137
163
138
139
153
139
148
156
140
159
146
145
164
143
158
162
140
168
146
148
166
140
144
156
138
163
149
150
160
140
152
152
135
168
145
149
161
145
153
163
135
166
147
148
157
142
159
157
140
170
144
145
161
136
145
154
133
157
149
146
143
137
147
150
138
158
148
147
154
144
153
165
134
162
143
147
150
142
154
156
139
157
144
146
168
144
159
165
134
162
145
148
150
139
148
156
132
157
135
139
155
136
147
159
135
160
145
150
156
143
144
150
128
153
129
138
155
130
137
138
118
140
144
142
154
144
151
158
144
171
150
148
157
140
149
156
134
154
146
137
152
145
144
153
138
161
142
148
157
145
151
158
138
153
154
147
155
139
149
152
151
158
146
144
147
142
155
166
134
160
147
149
162
147
157
154
141
157
141
150
155
141
154
160
131
159
150
150
161
141
155
148
148
161
143
150
154
138
154
159
139
156
142
151
159
148
149
145
134
159
146
152
158
140
166
155
143
161
140
149
153
141
152
156
146
165
150
147
156
139
161
160
141
162
146
150
166
146
156
160
132
166
143
161
157
145
163
159
146
165
140
139
153
137
150
154
143
162
144
150
150
139
155
155
137
156
138
140
156
142
152
155
128
149
137
150
151
136
145
150
135
164
142
147
156
141
152
147
139
157
139
141
145
123
137
135
121
147
136
137
152
139
158
154
139
162
142
148
147
131
140
145
125
155
139
138
145
123
140
144
134
149
142
140
152
132
152
151
129
150
132
132
147
126
140
144
124
137
132
131
145
131
139
137
128
157
135
137
141
133
137
141
127
135
127
124
133
123
136
132
125
134
132
133
149
130
135
135
119
134
127
130
136
121
130
128
120
140
125
124
130
117
127
132
120
135
126
128
136
128
146
138
131
146
133
130
145
124
132
141
125
140
130
134
133
117
123
127
115
145
126
122
131
118
134
145
128
144
128
136
141
129
142
137
119
137
118
114
133
116
133
134
125
136
130
128
135
121
122
123
110
136
123
124
130
116
127
129
118
130
123
122
135
128
139
137
121
140
129
135
144
124
133
139
123
134
136
125
131
114
127
127
120
142
129
136
141
127
139
154
134
152
132
128
138
127
136
134
123
138
120
126
133
120
130
141
126
139
130
135
141
125
137
137
129
140
127
121
133
120
129
142
121
130
118
120
127
119
133
134
121
136
128
130
142
118
128
129
116
132
126
124
134
118
125
124
116
129
131
131
141
118
133
134
125
132
122
121
132
129
136
138
123
132
126
136
138
117
127
120
121
136
129
125
129
120
128
134
128
136
122
119
128
115
133
130
124
136
126
121
127
118
133
129
117
126
109
130
135
117
132
129
122
139
131
131
139
123
143
133
126
130
111
121
127
114
138
130
121
133
126
125
135
118
133
124
114
122
114
128
134
117
124
118
104
134
122
129
138
117
134
133
128
140
126
121
138
118
138
131
117
136
121
118
130
107
122
121
114
131
124
131
138
123
135
131
122
141
123
121
123
104
121
117
117
126
111
115
122
108
137
128
119
135
125
124
139
123
134
133
122
137
129
132
138
120
137
126
116
134
114
125
132
115
128
136
125
139
126
124
130
109
130
118
106
123
116
119
143
116
132
137
122
141
131
135
136
121
127
127
117
135
126
119
129
117
126
127
120
133
124
121
122
114
128
128
123
130
122
122
139
117
133
131
124
134
129
130
131
123
131
134
125
137
120
124
128
115
131
131
121
123
114
117
120
117
138
132
123
135
120
127
133
121
133
120
113
123
120
120
127
109
127
121
121
137
117
127
126
113
123
127
117
126
117
124
130
117
131
120
114
130
119
125
137
122
137
133
126
144
128
132
137
116
136
128
126
133
119
118
121
102
120
120
109
131
117
122
136
122
136
130
122
127
115
120
123
103
124
114
105
121
109
108
116
102
120
113
114
121
110
114
127
105
125
125
108
124
106
116
117
108
118
116
105
116
105
118
132
111
130
125
117
131
122
124
123
106
117
110
108
120
105
112
120
99
123
112
106
120
107
110
113
106
114
112
107
122
103
115
116
105
118
112
107
123
114
113
115
102
116
113
115
126
110
118
121
104
127
119
107
112
101
109
114
100
113
106
98
111
95
111
110
96
110
105
93
120
104
112
123
103
116
107
117
121
106
112
113
98
119
103
96
107
100
110
114
99
112
99
102
109
103
117
114
99
116
108
105
123
107
116
120
103
114
107
119
121
110
113
117
97
136
118
117
129
110
119
123
106
124
106
105
121
103
114
115
94
130
117
114
136
118
124
130
118
130
125
116
131
118
121
129
109
139
126
122
128
117
119
133
119
134
127
120
134
120
130
128
113
125
114
114
131
116
117
126
107
124
118
110
123
112
123
128
115
136
122
121
129
113
117
132
110
127
125
120
132
126
137
136
119
132
122
122
139
118
117
128
111
127
124
119
127
115
120
125
111
132
123
121
133
117
119
132
115
132
124
121
126
119
131
139
125
137
126
121
135
119
121
125
106
131
129
119
121
105
112
124
104
126
115
119
134
121
126
137
121
135
128
124
130
127
128
136
116
127
109
116
123
114
124
126
112
129
133
126
127
117
120
128
120
131
118
120
124
111
113
123
99
118
110
113
123
117
123
122
108
126
111
122
126
111
119
118
100
122
110
109
113
97
112
110
107
130
117
117
123
108
121
128
110
128
114
114
116
108
115
117
101
122
107
114
114
98
110
115
96
120
112
111
120
107
119
123
106
121
107
106
118
101
116
121
100
120
101
101
115
104
113
117
100
117
107
115
118
101
108
114
95
124
113
114
124
113
119
123
112
122
116
117
124
109
125
124
108
128
120
115
123
113
117
123
105
123
111
121
120
104
112
112
99
125
112
111
120
107
115
122
113
129
117
115
119
106
121
122
104
123
111
110
119
99
111
117
100
118
107
118
124
112
126
130
114
133
119
114
120
109
114
118
105
116
103
102
114
102
121
122
109
126
114
117
128
115
117
119
102
117
103
113
114
100
107
105
91
120
101
112
114
100
111
118
106
120
110
112
116
104
118
111
96
112
102
105
116
99
114
115
105
124
112
122
121
110
121
116
103
127
105
109
114
100
108
115
100
116
99
100
103
90
117
109
94
119
97
101
116
96
111
109
95
118
101
105
111
93
117
113
96
120
99
103
113
96
109
115
99
123
103
106
117
95
117
110
94
122
105
108
124
102
110
105
83
107
97
100
110
91
109
106
89
118
96
95
109
84
105
111
90
114
98
100
105
92
107
103
95
119
99
104
120
100
114
112
96
111
110
107
114
97
110
107
98
117
95
102
99
87
105
108
93
115
101
107
114
112
122
117
104
120
105
106
114
96
107
110
91
111
100
103
111
97
113
109
101
120
105
111
118
97
111
114
99
115
101
107
115
107
116
110
98
119
106
115
120
105
121
116
107
126
115
109
117
102
114
114
112
127
116
119
122
106
128
132
123
141
124
131
137
129
136
131
121
129
120
123
127
110
128
126
114
129
120
118
123
110
130
126
119
134
119
124
130
116
139
132
121
130
121
124
131
122
128
123
112
128
112
125
130
107
122
114
104
126
115
119
123
107
125
118
116
133
119
123
134
112
131
122
103
124
110
117
128
115
128
127
113
133
119
122
123
102
122
115
105
133
117
112
117
94
115
112
105
120
105
110
119
98
119
111
98
115
98
104
117
99
113
112
96
106
91
105
101
90
117
108
99
125
110
115
122
108
121
118
112
121
107
110
116
101
127
113
101
120
107
111
124
104
120
113
108
120
106
120
121
104
118
112
107
124
106
110
114
97
113
111
105
119
107
111
116
98
125
112
102
120
99
103
110
92
111
105
99
118
106
112
114
94
118
106
101
116
94
99
107
92
110
106
93
114
96
103
107
92
121
108
101
115
95
103
115
95
119
110
104
116
104
115
115
101
117
105
103
123
101
113
117
103
120
114
103
114
101
114
114
96
117
105
101
115
103
112
124
103
120
115
114
125
117
122
125
100
118
107
104
132
114
119
123
101
119
119
111
125
102
112
116
99
117
109
99
117
98
105
117
92
121
110
105
117
108
112
121
103
123
116
106
125
104
108
112
92
