59
64
66
55
72
65
64
72
60
70
73
72
75
67
58
64
60
74
75
61
70
64
67
76
63
66
67
62
64
64
63
66
59
70
68
58
75
63
67
73
65
75
72
64
69
67
66
73
59
72
67
61
60
54
61
72
59
63
62
56
69
70
75
77
63
75
77
70
80
66
68
72
56
60
61
54
69
65
69
78
59
76
72
66
71
64
63
72
55
66
66
57
72
70
70
68
54
66
67
66
76
65
64
80
61
71
77
63
75
67
70
66
57
65
67
62
66
66
62
80
67
82
84
74
82
88
81
83
73
75
77
66
82
73
72
80
65
80
78
63
69
64
67
75
66
75
77
67
81
69
70
80
65
73
72
66
71
78
69
81
64
73
71
64
80
72
74
77
63
70
76
64
71
68
64
71
67
77
72
66
76
71
72
78
64
67
70
58
68
73
70
78
66
76
75
77
79
72
70
70
62
69
80
67
78
66
73
69
71
74
68
70
72
70
74
82
71
81
74
68
75
75
75
77
65
70
67
71
65
57
57
66
59
68
79
74
81
73
79
81
73
80
69
65
73
66
73
82
62
72
68
60
66
69
71
75
64
69
70
68
76
64
62
68
53
67
64
60
63
59
60
61
56
61
63
59
73
65
74
70
64
77
71
74
74
73
65
76
60
68
71
73
78
66
69
70
59
76
74
65
70
59
57
71
60
70
73
65
75
63
73
71
55
69
71
63
71
63
54
74
59
72
71
71
72
66
68
76
60
76
71
61
72
62
62
72
64
68
61
53
52
53
60
65
55
58
59
57
72
70
72
74
65
79
75
73
73
68
67
74
57
70
64
63
71
65
67
82
67
76
75
65
78
71
76
81
62
68
66
72
84
67
71
74
59
70
76
77
74
71
77
82
69
89
80
78
83
72
75
83
63
70
73
67
73
66
72
81
72
86
77
80
91
81
81
88
70
73
78
71
75
69
75
78
67
74
68
66
70
67
67
87
64
79
70
75
80
70
80
77
65
79
72
70
81
73
76
80
62
73
70
74
72
64
65
73
60
75
67
64
70
61
66
82
63
76
72
73
79
77
69
85
57
68
69
68
80
68
73
83
64
81
88
77
82
74
72
83
69
82
76
72
77
67
71
80
61
74
67
68
78
76
75
86
70
86
74
75
81
70
77
83
65
79
81
67
71
60
61
72
70
83
77
77
87
81
80
92
71
79
78
72
76
78
74
79
61
72
66
68
79
72
76
83
61
72
78
75
82
69
70
78
75
79
72
69
70
68
68
76
60
66
67
66
71
70
68
74
60
70
68
80
70
63
60
68
53
66
71
73
78
71
72
72
74
79
71
70
71
64
74
78
66
82
71
72
74
73
66
74
63
72
68
73
70
59
65
74
59
76
71
69
79
70
73
77
67
76
65
68
70
59
71
74
59
65
59
52
63
57
61
65
54
68
66
72
71
68
73
82
68
86
76
73
75
64
70
69
60
65
64
68
73
64
77
74
64
76
67
69
77
67
71
74
61
71
66
74
78
62
65
73
56
77
68
67
77
64
73
80
71
79
74
68
72
59
67
68
55
63
60
59
71
59
64
77
68
79
78
81
81
74
78
82
65
81
70
67
77
67
72
80
68
76
68
64
70
64
78
80
66
79
74
71
84
68
73
74
65
73
69
72
71
65
72
73
59
73
65
69
76
69
72
82
63
71
67
67
71
59
70
72
63
75
70
71
81
70
73
73
58
70
70
70
74
68
73
80
68
86
75
72
77
66
69
79
59
73
70
73
71
62
62
65
61
71
66
70
81
70
78
77
68
76
73
70
72
66
71
73
65
77
58
50
56
47
60
71
62
70
63
71
75
72
79
75
63
72
63
61
71
60
67
72
55
62
62
59
71
64
71
70
63
76
68
68
77
63
67
79
61
73
67
67
72
69
72
71
57
66
64
69
76
63
68
74
66
78
78
69
74
59
62
64
64
76
68
74
81
69
77
83
69
81
70
68
77
76
78
82
71
85
72
76
84
69
80
80
68
83
83
73
76
63
71
79
78
85
76
74
85
75
85
88
69
83
75
75
80
77
79
81
67
79
72
71
81
70
77
78
68
80
80
79
83
77
81
83
79
86
77
74
80
66
78
78
65
74
73
76
82
77
81
83
76
90
80
91
87
80
87
84
76
90
83
82
88
74
78
75
76
87
78
83
86
76
96
86
78
89
78
77
83
74
75
77
68
81
72
79
77
68
82
83
76
95
81
83
90
76
84
82
75
83
75
77
83
67
88
73
64
71
74
84
72
97
-279
-274
-303
-451
-454
-453
-452
-453
-440
-431
-442
-409
-422
-408
-408
-414
-405
-407
-408
-403
-408
-405
-404
-408
-405
-406
-408
-404
-408
-406
-405
-410
-406
-408
-411
-406
-412
-410
-410
-419
-419
-411
-416
-420
-433
-445
-453
-456
-457
-458
-459
-459
-460
-460
-460
-461
-464
-466
-466
-465
-463
-461
-460
-459
-458
-446
-396
-356
-312
-282
-249
-215
-191
-167
-142
-126
-105
-89
-79
-70
-45
-37
-30
-29
-23
-17
-4
11
22
27
30
39
36
48
48
46
49
50
50
56
55
53
53
55
57
49
56
54
56
60
61
59
68
62
57
58
59
58
58
58
55
50
47
47
46
52
47
40
36
34
32
41
39
29
34
26
36
27
29
24
22
16
14
11
19
16
9
19
17
11
16
10
10
10
4
3
2
5
2
-1
-5
-4
-11
0
-6
-9
-13
-14
-13
-8
-12
-17
-19
-23
-27
-21
-15
-20
-21
-24
-22
-23
-19
-18
-23
-23
-24
-25
-27
-22
-26
-23
-24
-28
-31
-25
-33
-25
-29
-28
-32
-24
-26
-25
-26
-16
-22
-18
-13
-18
-19
-18
-22
-29
-18
-21
-25
-23
-26
-20
-15
-7
-16
-11
-10
-6
-7
4
0
-3
-7
-1
-6
3
1
5
7
9
5
11
15
12
14
18
20
22
29
27
29
29
28
26
31
29
26
33
30
31
34
39
31
40
31
43
51
59
56
58
59
62
60
70
70
66
62
65
67
74
85
77
80
83
75
79
83
86
85
90
93
94
89
105
94
101
100
92
98
105
95
104
95
102
98
103
99
92
96
106
102
107
110
110
106
113
102
108
113
106
106
110
112
115
114
120
121
122
114
116
107
118
109
116
116
117
115
129
126
126
122
123
120
126
124
123
121
125
118
125
125
123
118
125
121
124
124
125
127
127
126
117
128
138
126
134
133
134
130
143
133
133
122
114
110
117
119
119
118
123
117
124
132
136
133
137
132
131
140
129
126
124
121
127
126
128
128
129
134
134
129
141
133
135
129
134
133
146
132
133
128
125
121
125
128
131
125
122
119
121
127
127
122
127
124
126
136
131
133
133
127
125
117
125
116
122
123
123
123
133
122
126
126
123
128
126
127
126
115
129
126
123
136
120
129
139
126
138
140
134
140
137
130
134
125
138
139
133
142
134
136
145
126
142
130
131
138
135
135
140
117
136
135
128
142
124
131
139
117
130
136
128
138
135
136
150
133
146
136
139
143
132
131
144
128
135
126
115
124
127
129
140
122
138
133
136
143
134
137
139
127
137
140
135
143
134
135
141
131
139
126
133
141
136
136
150
136
152
144
139
146
140
139
149
136
143
135
141
148
133
136
142
124
155
150
144
153
139
150
149
146
154
140
135
142
132
140
148
128
149
141
139
139
138
139
145
138
148
140
146
149
140
145
152
131
151
144
138
142
133
137
145
140
145
136
132
141
130
143
150
128
141
133
131
136
133
134
143
126
136
132
139
148
134
146
148
130
144
130
133
139
125
129
139
130
143
125
130
139
123
139
138
126
133
131
124
133
130
123
129
113
125
121
129
131
122
123
131
115
130
126
111
124
115
114
119
109
116
110
104
102
90
105
105
88
110
106
100
114
106
109
112
100
113
103
102
99
88
96
99
81
112
94
93
99
85
99
96
92
101
89
100
93
89
104
95
82
93
83
81
93
81
89
86
74
82
78
75
81
71
76
86
71
92
77
80
81
68
67
74
63
70
69
66
75
68
80
74
65
77
65
72
84
64
71
68
55
66
65
66
67
57
66
66
58
73
62
60
61
48
55
62
51
63
55
56
59
48
65
63
52
63
55
53
73
58
58
59
45
64
56
54
61
40
56
54
47
59
48
43
57
47
58
67
51
63
54
56
58
47
57
52
42
52
44
40
61
40
57
48
46
58
61
54
60
50
51
58
45
59
56
47
60
46
57
56
41
49
53
50
59
56
60
65
58
68
62
56
65
51
59
58
46
52
61
46
57
36
46
49
49
67
61
58
66
63
70
79
62
64
61
53
61
56
58
57
52
66
63
58
64
56
61
70
60
70
77
68
80
68
78
79
75
81
74
68
75
71
77
87
71
80
73
74
78
76
80
81
72
80
78
84
86
77
85
87
77
87
89
88
94
87
97
87
94
91
82
84
91
80
90
99
85
101
90
99
98
92
92
100
92
108
96
101
102
86
103
95
91
112
99
101
107
96
103
105
106
116
106
104
112
97
118
113
102
113
104
102
108
102
102
106
99
120
109
121
119
109
127
126
119
124
121
117
127
109
118
121
120
129
118
117
124
112
129
133
125
128
127
122
137
128
137
134
121
131
123
128
136
122
129
136
136
126
136
126
128
133
124
137
136
134
143
135
133
138
121
135
130
122
130
128
123
138
131
136
135
123
132
138
141
142
128
132
139
128
147
136
135
142
128
139
138
135
140
139
136
144
124
138
138
134
144
134
134
142
134
138
140
135
140
138
139
142
126
133
135
134
148
132
127
127
117
124
134
127
125
120
123
133
123
142
140
135
142
137
135
149
135
140
142
127
131
126
126
138
129
142
138
137
150
142
141
145
133
143
147
132
142
132
138
142
133
148
135
129
133
133
135
149
129
142
138
132
138
132
136
137
127
132
130
125
135
126
122
128
113
131
135
137
140
136
139
145
136
146
138
133
142
128
129
148
123
137
133
133
138
139
133
138
120
133
132
126
138
125
126
133
124
137
144
131
136
129
126
132
125
136
128
126
133
126
123
134
121
129
135
125
129
137
129
141
122
129
131
127
137
133
137
143
130
142
143
128
133
129
126
137
131
144
134
135
140
132
138
145
129
136
139
131
143
140
134
145
128
136
132
133
139
136
135
141
125
134
143
131
147
132
134
140
140
139
132
132
133
130
129
135
116
122
121
119
130
133
134
141
135
147
148
143
147
140
136
144
125
136
141
137
140
134
130
132
135
140
139
133
141
135
145
147
130
141
132
135
138
136
139
138
123
133
130
129
130
116
122
132
125
140
136
137
143
135
135
145
128
136
137
133
136
128
147
143
130
137
134
133
146
146
138
149
131
146
139
144
142
137
139
149
134
152
139
137
146
135
138
148
133
146
142
143
147
135
147
152
135
147
143
140
147
141
140
143
127
140
133
145
145
133
132
135
120
141
130
124
135
128
137
144
134
147
139
137
142
136
144
149
129
144
139
125
133
119
123
131
123
133
139
135
143
136
131
144
122
140
133
129
135
127
130
146
131
133
129
122
129
118
131
138
123
134
130
130
141
132
133
138
125
126
126
121
122
113
116
118
110
130
120
121
128
129
128
146
132
132
134
129
135
123
129
132
119
129
129
122
135
125
121
130
116
126
127
121
127
120
124
133
126
139
134
122
126
116
119
135
115
125
122
122
123
117
121
125
114
128
125
121
125
113
116
124
111
121
125
126
126
121
126
131
126
132
126
121
119
116
120
132
115
121
120
121
124
124
121
125
114
133
120
118
128
116
123
126
112
125
121
119
124
119
120
124
113
129
124
125
130
120
126
134
118
123
118
115
122
123
116
120
98
118
111
117
127
112
120
138
120
130
135
126
128
117
120
117
111
122
116
116
119
109
112
124
107
124
121
115
124
121
123
126
116
123
112
119
126
117
118
127
115
132
123
115
120
109
120
124
122
129
128
126
128
124
126
128
115
120
114
111
121
126
121
127
113
121
119
122
127
123
123
127
107
124
123
115
127
121
122
127
121
125
120
116
122
115
124
123
109
120
117
117
121
119
119
125
114
125
122
130
125
115
119
122
112
125
122
123
122
113
116
117
116
119
112
114
118
110
124
126
116
125
119
121
126
121
122
125
113
123
112
116
113
105
112
121
111
127
119
117
123
114
117
123
112
123
116
116
119
110
125
122
110
121
112
110
124
115
122
124
111
122
117
123
123
115
117
121
110
128
113
109
113
102
110
114
106
110
109
112
117
107
123
123
112
123
113
113
121
105
111
115
103
116
110
119
123
107
116
115
103
128
119
115
120
110
121
127
114
123
113
112
120
109
125
123
110
125
116
115
127
111
116
122
113
124
119
118
123
108
114
119
108
125
115
114
127
115
122
134
124
129
123
113
120
114
124
124
113
125
118
116
134
121
127
128
120
128
128
125
125
115
123
123
114
127
116
120
125
113
120
131
117
125
120
120
123
116
123
121
111
122
115
115
130
113
116
116
102
116
120
115
120
111
120
125
116
131
126
117
125
114
119
127
112
121
116
117
120
111
115
119
110
124
116
117
127
114
120
119
112
118
116
114
118
106
116
115
112
121
111
110
111
108
118
121
107
120
112
113
117
114
116
113
101
111
100
107
116
101
118
118
105
118
117
117
123
109
119
114
113
124
110
112
118
101
112
115
99
113
104
105
110
108
108
107
97
108
104
110
116
100
111
115
102
115
113
104
115
100
112
111
111
116
109
109
112
94
111
107
97
108
101
101
106
103
107
110
103
115
106
111
118
100
110
108
95
114
98
92
105
86
107
103
99
107
104
103
108
94
114
105
92
108
98
95
109
96
103
105
92
107
93
102
104
90
106
99
89
109
98
97
109
95
106
104
100
101
94
96
99
87
108
98
88
102
96
99
111
99
109
106
98
108
101
107
103
90
102
99
94
113
97
100
106
90
105
96
98
108
96
101
108
97
117
110
101
112
99
103
109
97
106
102
99
108
101
106
106
87
107
106
99
116
100
104
112
97
105
106
98
109
99
102
111
100
119
116
107
114
101
102
116
102
112
111
103
113
110
114
119
108
119
117
107
123
108
112
116
104
115
116
103
110
104
110
116
100
118
111
107
116
106
111
123
103
110
109
102
112
105
111
115
97
108
103
96
117
105
106
117
104
121
126
116
129
118
114
119
99
117
109
104
115
104
104
117
92
109
107
104
114
109
109
116
101
114
112
104
116
108
106
117
100
111
115
104
109
99
101
110
100
116
110
103
113
104
104
120
96
110
99
94
106
105
100
105
92
114
105
103
115
102
104
115
97
106
109
97
105
101
103
113
101
112
103
98
108
100
104
118
97
109
104
94
109
109
102
111
98
110
107
107
114
103
99
107
93
109
106
96
104
97
101
102
91
100
92
95
102
93
100
110
93
112
104
102
109
108
107
114
100
112
101
107
106
97
96
104
93
110
111
104
111
103
109
112
103
108
99
102
108
99
107
114
92
114
103
97
102
100
98
110
95
111
103
110
114
106
108
118
95
117
107
100
108
93
98
106
96
103
101
97
109
103
114
118
98
116
105
106
110
105
103
104
92
110
101
107
111
101
109
114
95
116
103
103
108
102
104
116
103
117
114
104
110
100
110
116
94
115
104
103
111
99
95
109
85
112
105
105
107
96
95
108
86
110
99
95
110
86
104
110
95
113
105
97
100
93
101
105
90
105
98
96
108
96
102
111
99
102
100
105
106
99
98
110
105
112
101
98
99
97
99
111
95
110
102
98
104
99
105
108
90
106
97
94
114
91
99
101
83
94
94
91
104
92
103
110
95
123
106
103
109
95
107
105
91
105
96
92
106
92
100
99
82
101
95
102
109
98
105
111
94
110
106
99
106
93
103
105
90
108
96
99
98
88
93
109
87
118
97
96
101
94
106
106
95
107
94
96
106
93
99
103
87
114
105
100
109
92
106
104
90
108
92
96
103
91
104
113
86
108
94
101
99
95
104
108
88
104
92
89
111
91
103
99
88
105
103
98
105
93
98
105
86
110
95
93
106
89
97
102
78
92
82
88
93
88
92
98
80
109
102
96
104
96
98
104
84
100
95
92
97
80
85
96
87
106
91
93
99
93
95
106
83
103
92
95
104
97
94
104
83
104
93
96
92
89
94
103
83
101
100
89
107
88
101
103
87
109
92
94
95
89
94
106
83
99
90
96
100
99
100
102
95
111
101
103
104
94
96
101
86
101
99
105
101
95
102
96
92
96
91
95
104
92
100
105
90
106
93
101
97
94
90
101
86
104
95
105
101
83
96
90
84
106
93
95
98
84
95
99
86
106
89
96
100
87
109
102
91
117
95
98
99
90
94
105
87
106
96
107
103
96
105
107
98
109
104
98
105
96
99
107
99
109
98
98
93
95
113
108
94
111
99
96
110
100
106
108
88
107
92
105
99
87
100
96
75
99
81
84
99
83
100
101
91
107
94
100
100
82
99
95
81
96
81
87
102
83
95
92
78
98
93
101
100
87
93
104
84
112
97
88
100
87
97
98
86
99
93
91
100
85
96
97
83
103
89
92
104
85
99
97
83
94
94
93
97
82
97
92
95
113
93
93
96
88
95
103
83
94
91
96
99
86
107
94
90
100
90
95
104
90
104
101
85
98
90
94
103
85
99
94
90
108
95
88
99
81
98
102
82
98
87
94
102
86
98
83
78
87
86
84
99
81
99
92
88
101
97
98
101
94
102
92
85
97
88
89
92
77
92
95
88
98
86
93
94
92
96
93
90
104
88
91
101
77
95
95
84
101
93
90
99
84
95
96
83
106
90
98
104
86
101
102
84
97
86
87
94
88
94
93
81
101
86
92
104
86
101
95
91
99
96
88
103
83
97
87
89
102
92
99
98
88
94
100
79
94
96
87
102
91
102
95
89
100
87
98
98
86
96
97
84
104
90
94
100
81
94
88
94
96
90
92
97
78
94
99
86
102
90
97
98
103
100
102
93
102
96
95
101
82
94
97
83
104
93
94
104
94
101
100
92
99
90
94
104
81
101
98
88
98
87
84
92
93
96
95
92
98
91
102
97
87
96
89
86
92
91
92
90
83
90
84
80
87
80
88
98
85
100
91
95
102
96
94
98
87
95
95
87
98
85
102
95
89
87
90
85
105
93
96
100
83
101
94
