59
68
59
70
67
62
66
63
64
74
66
72
69
61
70
58
56
66
52
62
62
54
65
66
71
75
65
72
73
66
80
65
67
70
55
66
71
62
66
62
64
70
63
70
65
61
72
67
68
78
60
73
75
67
78
69
65
74
57
69
68
61
74
65
63
65
51
64
77
64
69
61
58
75
62
66
63
53
66
63
64
77
61
69
76
67
72
71
59
69
57
68
71
66
74
61
62
71
66
72
78
66
75
66
63
68
64
71
64
59
60
58
63
74
54
66
66
61
69
69
68
76
70
72
68
67
70
64
63
71
54
60
57
41
60
53
59
63
64
72
75
67
81
74
72
83
60
69
67
58
66
70
66
73
59
64
69
69
76
69
77
79
64
77
73
72
74
66
74
76
65
73
70
68
72
63
68
70
62
72
70
73
80
76
73
83
66
69
73
73
74
63
65
73
59
68
65
63
69
68
71
81
68
78
71
67
72
62
71
78
59
73
68
63
81
69
65
78
60
70
66
65
74
65
67
74
57
76
72
65
78
68
66
73
59
72
67
71
73
70
76
74
61
70
71
64
79
69
70
77
64
77
81
81
78
75
73
86
69
89
80
72
79
66
67
74
58
70
82
72
77
66
74
83
66
82
74
72
81
67
73
84
66
78
81
71
77
56
63
77
63
80
70
69
77
69
70
87
68
75
74
69
73
62
64
72
60
63
57
57
71
68
64
84
73
78
83
77
85
76
76
77
63
72
66
60
65
65
66
79
57
64
62
63
70
65
69
72
60
70
72
67
78
66
67
79
61
71
72
68
75
62
65
67
53
72
70
69
73
63
69
79
56
67
62
57
62
61
63
68
60
71
71
67
74
63
64
76
62
62
64
62
62
60
59
70
63
69
70
68
74
61
66
80
61
75
67
58
62
64
66
73
56
73
63
64
81
65
69
72
58
65
67
62
67
63
65
74
61
74
62
61
69
61
61
75
62
75
74
75
85
75
79
79
66
86
75
75
78
66
63
69
53
67
73
63
74
65
69
79
64
73
74
63
69
63
61
76
59
73
71
69
72
64
66
73
61
70
72
74
75
62
63
73
62
72
69
62
66
64
60
61
52
58
59
55
65
63
62
75
60
74
70
68
73
70
67
74
58
61
56
61
66
54
61
68
53
68
64
56
60
59
62
71
66
74
69
73
76
64
70
72
60
66
67
70
67
64
63
67
56
65
63
67
72
65
67
69
64
72
70
65
67
67
65
74
66
77
71
77
78
70
67
71
64
76
70
67
76
66
73
74
64
83
66
79
77
68
73
76
60
81
70
69
74
57
68
73
65
69
65
67
72
65
73
75
55
69
61
61
62
52
61
66
60
62
51
51
63
50
60
66
55
78
73
74
81
71
72
77
66
69
62
57
65
59
67
64
52
62
57
60
68
61
61
66
62
70
65
63
67
57
66
72
59
71
67
68
69
57
59
64
57
67
72
62
66
57
69
70
58
66
68
62
73
54
53
62
45
63
64
60
65
55
66
75
67
79
72
65
73
55
65
78
63
71
64
64
69
65
70
71
65
65
62
54
67
56
63
67
54
68
69
66
70
67
69
69
58
70
64
65
73
61
66
72
57
62
58
55
61
60
61
65
54
65
61
65
73
58
64
70
67
76
79
74
76
63
62
65
53
70
62
65
73
63
65
75
66
75
71
66
72
66
67
72
61
69
65
69
70
60
60
65
62
71
69
64
70
58
70
74
68
78
64
66
68
60
62
62
50
71
55
53
59
52
67
68
62
68
66
73
76
66
73
69
56
65
62
56
57
52
69
67
64
64
55
51
65
54
67
70
55
72
64
65
70
58
64
67
59
65
63
62
77
62
66
65
52
63
64
66
71
62
64
70
63
66
59
50
62
48
67
65
56
65
67
70
70
64
69
73
65
77
64
69
72
63
66
72
65
70
72
64
71
62
59
64
62
70
60
57
61
47
68
71
61
67
66
65
76
64
72
73
64
74
63
68
66
64
66
71
63
63
54
50
62
46
57
59
62
63
62
69
74
69
77
78
67
77
69
65
77
62
64
64
60
61
59
63
68
63
67
72
63
73
66
69
71
64
71
67
67
69
65
63
65
54
69
60
53
65
60
65
71
61
72
67
66
74
65
67
65
52
59
52
48
63
50
55
62
52
65
71
69
74
71
70
78
65
82
72
62
63
56
61
73
62
66
71
61
69
62
59
64
56
66
67
66
78
71
70
77
62
65
71
59
70
62
65
68
59
70
64
51
55
56
59
72
-325
309
-390
-441
-448
-452
-461
-456
-456
-462
-455
-455
-455
-453
-456
-455
-455
-457
-456
-456
-457
-455
-456
-457
-456
-458
-457
-457
-458
-457
-458
-458
-457
-458
-458
-458
-459
-458
-459
-458
-459
-462
-459
-459
-460
-461
-464
-466
-465
-463
-462
-460
-460
-458
-457
-439
-406
-369
-328
-298
-272
-247
-222
-199
-177
-149
-133
-109
-96
-73
-65
-54
-38
-28
-26
-17
-13
-10
-4
1
12
16
25
26
21
30
34
39
44
46
47
51
51
57
59
61
57
59
61
58
57
70
69
69
67
68
64
71
70
75
75
76
78
77
81
77
75
74
69
68
72
73
63
67
66
76
74
74
67
67
76
76
73
74
73
68
69
70
69
75
64
71
67
68
62
65
68
71
61
58
60
52
62
58
57
55
64
62
63
62
52
59
50
56
52
52
47
46
44
46
48
46
40
37
39
38
38
43
35
37
36
38
35
39
40
38
37
37
39
36
42
39
30
29
29
27
31
34
31
41
30
35
40
37
33
33
33
34
30
39
34
30
31
35
27
30
30
25
23
29
25
20
33
24
28
24
29
29
27
21
22
24
19
18
19
23
17
18
14
16
12
23
26
25
26
29
27
33
32
28
32
22
24
27
27
32
30
30
33
26
35
28
28
36
33
34
38
41
33
41
40
43
39
40
35
42
35
38
38
42
46
37
39
40
31
46
50
46
45
42
41
43
42
39
45
42
42
41
48
50
43
49
53
52
51
55
47
58
53
56
55
58
53
52
57
65
66
65
70
68
63
58
61
66
72
73
69
71
64
72
76
78
74
73
79
85
82
86
82
80
76
81
80
85
80
85
85
88
81
84
76
79
78
79
82
84
86
87
92
91
86
88
97
88
91
92
91
95
91
93
87
87
87
85
95
104
92
98
97
96
93
104
99
98
98
98
99
97
98
97
100
100
94
97
101
100
101
106
104
107
104
107
108
105
107
108
106
110
105
102
105
103
104
112
106
112
107
110
114
117
116
119
115
120
117
114
121
117
109
111
113
113
113
115
114
117
113
112
115
115
111
118
113
115
117
114
119
119
110
118
110
112
113
108
113
121
110
120
117
113
113
104
114
121
119
121
115
111
121
112
118
125
108
125
121
123
127
126
125
132
125
129
125
121
128
122
127
130
123
132
136
131
135
128
132
137
131
134
128
127
129
122
131
137
124
131
131
132
138
130
134
133
129
139
135
142
138
129
135
136
126
133
132
129
136
124
125
124
117
132
130
131
139
132
154
152
139
152
141
140
144
130
136
138
128
142
136
133
136
122
133
139
132
149
140
139
152
135
146
147
137
145
144
143
146
137
150
146
134
145
137
130
144
138
143
148
137
148
144
146
149
137
142
147
131
147
135
129
141
133
139
141
134
144
140
143
151
139
150
145
135
146
144
143
152
138
143
145
134
146
142
145
148
132
137
143
129
150
142
141
148
138
146
150
141
150
144
138
146
135
144
144
134
148
144
143
153
136
141
149
137
147
144
139
145
138
144
151
141
151
146
146
153
141
148
154
143
145
138
135
139
136
145
144
136
146
139
141
149
135
143
141
133
145
140
140
145
135
146
143
131
144
130
136
146
134
141
142
131
143
139
141
149
137
147
143
132
144
137
131
146
128
137
134
121
137
139
138
144
134
146
151
140
152
140
135
141
121
131
136
126
135
134
135
140
127
127
127
121
133
130
129
139
130
139
136
127
131
133
126
133
122
131
133
126
135
123
116
123
112
127
131
121
131
126
120
128
116
118
116
107
119
114
118
124
108
120
129
118
126
124
115
129
120
127
123
119
129
123
122
133
122
127
129
118
126
119
117
123
120
120
118
110
119
118
118
129
116
120
126
115
126
129
124
125
109
120
119
112
119
115
117
121
104
114
113
102
112
106
109
118
111
121
121
112
124
115
120
122
109
120
116
110
120
115
112
116
103
118
120
116
121
115
117
121
109
124
121
111
120
116
113
120
111
117
119
108
116
111
113
117
109
118
115
109
120
116
115
125
111
122
119
116
120
108
110
114
101
121
113
107
117
115
114
124
117
125
123
123
127
118
126
121
109
123
120
113
123
119
119
127
112
119
115
116
125
119
119
131
120
137
132
126
132
123
125
130
120
129
131
125
135
131
128
133
115
124
125
120
136
121
123
131
116
124
125
115
126
121
122
130
119
131
131
125
132
124
122
130
120
127
122
115
129
124
125
134
127
133
135
126
140
131
127
132
123
130
137
126
132
124
125
138
124
141
136
130
143
138
138
150
129
137
135
131
143
137
140
146
129
136
130
122
137
126
126
139
125
136
136
139
148
139
138
147
134
146
140
132
137
132
131
141
124
130
137
133
144
140
142
147
136
145
146
146
148
140
140
147
132
142
145
136
147
138
134
142
138
147
144
138
145
136
143
151
132
146
137
135
138
136
126
133
125
134
138
135
141
127
135
148
136
149
148
135
143
138
137
146
131
148
137
136
141
133
135
146
130
141
133
129
140
140
137
145
128
148
144
143
146
139
139
146
133
144
144
136
144
137
140
144
127
138
138
136
147
136
138
146
130
141
137
133
144
140
141
154
134
151
143
148
147
135
137
136
128
144
144
134
147
136
141
149
138
148
147
142
148
139
142
157
135
151
138
137
147
139
138
149
136
147
148
144
148
142
143
154
135
147
143
138
144
135
138
147
139
143
138
129
137
143
138
149
133
149
147
148
153
152
152
158
137
149
146
143
150
139
143
150
130
147
136
138
142
141
140
152
140
148
145
140
148
138
144
147
133
145
139
143
145
139
135
144
120
139
141
135
146
137
142
145
133
152
142
138
142
134
136
142
128
137
134
139
142
137
136
148
138
150
147
139
149
139
146
151
136
145
137
144
141
135
136
141
130
150
138
132
136
127
135
144
131
147
135
139
142
136
143
141
125
135
131
133
143
129
139
146
130
142
130
134
144
130
134
138
121
147
133
138
140
129
138
144
137
146
143
138
150
139
140
141
117
133
132
136
146
132
135
143
130
143
142
134
145
134
143
139
128
146
138
137
138
127
126
138
126
140
135
132
140
131
137
141
130
142
143
134
146
128
130
138
120
136
134
127
127
118
129
137
128
139
134
135
142
134
140
153
124
134
129
127
128
120
129
141
125
130
131
124
139
129
130
141
128
141
141
137
144
134
134
144
133
144
142
140
147
136
138
147
135
139
139
142
145
146
147
150
139
148
138
134
143
132
137
137
130
141
140
128
141
133
137
141
134
147
141
137
138
129
134
144
130
142
136
138
139
137
139
141
126
139
133
137
142
129
145
145
131
144
139
135
146
135
143
147
136
147
134
137
140
132
135
144
126
133
129
122
126
120
128
129
119
120
122
128
137
128
125
131
119
130
127
121
134
120
125
122
112
116
112
112
126
116
124
132
119
133
126
125
126
120
128
132
120
128
125
123
132
119
119
119
108
128
125
122
125
115
121
136
124
130
130
122
129
121
128
132
111
122
118
115
120
110
115
130
119
131
129
134
136
127
130
137
123
127
124
120
127
114
119
131
123
126
121
117
123
121
130
132
116
127
127
123
132
132
129
130
117
129
121
123
127
121
125
127
113
124
116
117
130
123
123
125
113
125
116
115
120
117
125
131
114
127
125
128
140
129
131
129
120
130
127
129
128
122
124
131
122
135
129
129
134
129
135
135
129
133
130
126
126
116
123
128
120
130
121
126
130
124
124
131
128
136
137
132
131
122
132
131
124
137
119
119
116
110
120
123
114
125
123
130
136
125
138
133
126
137
126
125
132
123
126
130
119
129
122
125
128
121
133
133
125
140
131
131
142
123
124
131
122
134
127
127
137
120
126
125
112
124
119
121
134
123
129
133
119
134
131
132
133
120
122
119
111
124
115
119
125
116
126
125
118
133
130
132
132
124
126
129
121
129
122
116
128
118
127
124
114
132
137
126
128
119
122
131
123
134
125
124
132
124
134
140
121
126
123
119
128
120
123
130
119
130
117
113
127
114
122
125
114
119
125
117
128
123
122
125
121
135
127
127
130
129
129
131
118
116
118
119
125
120
123
122
116
125
120
118
121
118
123
129
119
128
128
127
129
115
120
116
121
130
128
122
126
119
130
133
123
133
123
123
127
123
128
124
117
123
119
115
117
103
115
120
112
127
118
123
132
127
125
130
124
127
120
119
120
108
125
127
118
123
112
117
122
122
123
125
118
133
127
129
131
117
126
121
114
125
118
118
123
117
124
119
112
121
112
122
122
112
129
128
121
123
116
116
114
108
114
113
104
121
114
122
124
110
121
126
113
128
127
119
128
117
126
127
119
131
125
123
124
116
129
134
120
126
122
115
128
114
122
124
116
125
116
125
123
119
126
130
120
130
116
114
124
112
121
120
116
120
114
111
113
109
117
115
106
119
111
113
121
119
127
120
117
121
121
121
124
111
118
112
99
118
102
107
118
106
118
120
110
118
117
117
125
106
124
118
112
120
112
116
123
113
116
115
106
119
118
124
126
113
123
119
119
129
125
124
123
114
120
118
108
111
108
106
114
104
112
109
116
119
118
115
128
117
117
119
107
113
107
112
115
103
109
109
108
118
107
105
109
99
122
117
109
114
105
119
118
112
128
114
106
116
107
108
123
105
122
117
109
110
105
111
114
109
116
111
107
121
109
106
111
95
114
114
108
115
108
112
122
114
120
112
99
115
108
110
117
102
115
110
111
116
116
113
119
106
117
113
103
117
107
109
110
97
108
108
106
114
107
107
117
104
118
107
108
118
109
113
117
102
116
111
106
116
109
100
110
90
110
102
102
106
109
110
114
105
114
120
106
117
110
103
115
106
114
108
103
108
104
102
114
101
111
111
104
113
113
108
115
100
114
107
111
113
106
107
117
101
112
109
104
104
105
109
111
109
115
108
108
111
109
109
113
96
106
100
106
103
103
107
107
101
113
106
113
117
117
110
118
103
120
105
107
110
103
105
110
103
112
106
103
113
105
107
110
96
111
105
106
111
106
105
117
101
120
109
111
112
101
109
112
102
123
110
107
107
102
97
107
99
108
104
104
109
103
114
113
101
110
103
105
113
109
111
118
106
122
105
105
96
92
104
108
95
117
106
102
111
103
108
113
98
116
106
105
113
103
112
116
98
112
104
98
117
105
109
114
96
111
104
109
114
105
103
113
95
116
95
99
102
97
96
102
87
98
99
100
106
103
107
116
99
115
115
106
112
100
98
103
90
109
106
106
107
102
96
103
94
119
103
102
109
99
105
116
102
108
102
99
104
101
104
108
95
111
96
96
107
93
101
110
93
114
106
104
108
101
104
104
87
109
95
98
98
95
103
114
96
107
103
98
108
105
110
110
97
104
101
104
112
105
104
114
98
110
109
107
108
103
107
109
99
109
106
105
110
103
107
111
104
116
107
110
110
106
110
108
97
107
103
106
115
96
102
102
90
107
101
93
105
95
106
108
97
113
103
108
111
100
108
116
99
111
102
97
101
95
102
106
95
115
102
103
111
101
107
112
98
112
109
104
109
101
108
111
101
111
98
100
106
101
109
116
100
113
107
103
111
109
111
111
99
111
105
105
105
94
104
107
91
110
101
103
107
102
108
114
105
114
107
105
109
97
103
106
93
109
96
99
107
100
99
100
84
104
98
99
105
96
100
107
98
109
106
98
106
94
102
107
99
106
102
98
102
92
101
106
96
109
105
102
105
100
97
104
94
104
100
103
107
99
105
109
102
112
105
95
100
95
102
104
99
105
97
99
105
96
113
108
99
110
102
101
103
97
100
102
92
104
94
106
103
95
104
103
93
112
102
100
107
93
108
101
94
105
99
100
108
97
106
96
83
102
92
97
99
92
107
108
99
112
108
108
109
98
106
103
95
112
100
101
102
90
100
99
94
109
100
101
105
100
110
107
99
109
99
101
108
93
105
104
95
111
95
101
101
93
109
107
98
114
103
101
110
97
109
112
98
104
94
99
100
87
108
107
87
111
97
98
116
101
106
106
96
108
101
105
112
99
106
107
94
115
102
99
106
99
102
109
96
105
101
101
108
96
106
105
98
110
107
105
111
97
104
110
96
111
107
105
110
96
104
105
99
115
106
102
108
93
105
109
99
112
103
101
113
104
115
114
103
114
106
101
111
90
110
108
98
110
107
104
111
101
109
109
98
115
107
104
111
96
106
110
98
102
101
95
109
99
110
103
97
107
103
102
114
100
105
109
99
107
106
102
102
93
103
94
88
98
88
97
100
92
105
104
101
110
103
104
102
91
101
93
87
100
88
99
105
86
97
91
90
105
99
99
102
90
111
102
98
108
93
102
102
90
103
102
89
105
96
93
98
85
95
99
89
107
94
101
106
88
102
98
87
102
91
92
97
80
99
95
98
99
88
95
104
90
105
99
86
101
85
90
100
90
104
97
87
101
88
94
104
82
101
96
85
100
85
93
101
84
100
96
91
104
91
97
102
85
100
96
83
98
89
96
101
88
97
91
78
97
82
88
95
79
91
90
87
100
91
87
101
82
99
98
93
103
90
90
92
80
88
90
84
95
89
88
97
87
96
94
89
97
89
97
98
84
97
93
91
101
91
87
95
85
98
93
96
96
90
96
97
85
104
93
91
99
88
90
97
82
93
91
86
95
85
93
100
85
100
97
92
113
98
96
101
86
99
90
92
96
85
93
100
83
102
89
87
96
85
95
101
87
98
95
98
99
94
97
98
84
96
93
93
107
90
98
92
84
92
91
90
102
90
95
101
82
107
91
89
98
80
90
99
83
99
93
92
105
91
98
99
80
103
94
94
106
83
87
102
80
98
98
89
101
89
94
96
79
