76
65
59
66
56
61
66
53
62
55
59
65
65
67
72
62
68
69
63
74
61
64
73
62
66
76
70
75
68
66
70
59
70
76
67
76
66
68
77
62
66
67
63
64
70
62
65
54
60
62
59
64
58
57
63
57
65
77
68
73
65
62
67
65
72
62
54
61
55
56
66
57
63
62
55
59
61
57
64
58
66
62
60
64
63
61
68
56
58
65
64
67
61
62
69
64
66
65
56
59
56
56
68
55
57
57
52
61
61
59
61
58
64
68
74
71
69
70
72
55
59
58
66
67
63
66
68
71
72
72
68
68
63
64
75
57
66
59
60
61
62
52
61
50
64
65
68
67
59
63
65
59
73
71
68
73
66
63
66
65
66
67
62
58
46
61
65
61
69
63
61
69
74
69
77
66
69
66
68
63
50
62
64
62
69
64
63
61
49
60
65
65
76
68
71
74
63
71
78
65
69
71
62
72
66
68
74
57
66
61
61
67
65
66
69
61
69
66
57
65
56
57
61
53
60
64
61
64
63
67
72
55
60
55
55
67
58
61
64
57
63
70
72
70
63
57
68
58
71
67
63
67
59
62
67
56
59
64
61
65
55
69
74
62
69
67
62
69
64
63
67
60
61
66
64
65
56
48
55
51
67
60
55
59
64
66
78
75
70
72
69
71
64
72
69
60
65
64
62
65
60
59
66
60
66
70
64
73
63
66
71
64
73
68
61
60
56
60
72
60
63
59
59
65
66
75
71
65
68
75
68
77
64
67
68
53
57
59
58
64
64
71
68
61
62
64
67
70
57
67
71
60
61
59
63
66
69
69
68
61
66
62
59
68
52
63
59
52
66
72
65
73
65
66
69
61
73
67
66
75
60
65
75
65
66
65
61
63
61
58
58
50
62
56
59
61
54
59
66
62
64
75
67
76
64
71
63
60
68
62
53
54
48
59
68
59
64
67
63
67
70
76
75
61
65
64
69
71
65
69
73
58
67
61
55
65
62
66
67
67
69
68
64
67
58
58
67
57
65
58
50
59
66
64
65
59
55
64
71
76
68
70
76
65
71
68
61
59
57
61
62
64
64
66
56
56
39
53
53
35
55
54
53
55
59
60
62
55
64
62
64
68
59
62
59
59
67
71
65
68
61
58
67
68
71
62
64
69
63
69
63
58
62
58
63
65
65
71
75
70
78
69
73
67
58
59
65
63
73
75
69
73
64
76
74
69
70
66
70
69
62
71
70
59
68
62
55
68
62
66
67
63
74
65
76
73
68
69
70
58
72
62
56
62
50
58
54
47
48
48
51
55
48
65
64
57
70
67
68
67
61
61
61
53
58
56
61
67
55
62
56
44
68
62
57
63
56
62
66
66
72
66
58
67
56
69
69
59
65
63
59
66
54
53
61
56
64
58
62
67
62
63
60
53
61
60
55
60
51
58
68
62
70
65
62
64
61
70
68
61
61
58
56
73
70
74
76
63
70
71
68
71
61
66
72
65
71
63
56
68
60
63
69
62
64
68
65
70
67
70
70
59
64
62
56
69
58
61
56
50
50
58
56
55
51
62
63
61
72
69
66
74
64
68
75
64
67
64
61
63
58
64
63
52
64
64
65
73
61
63
63
60
66
72
65
72
61
69
67
62
67
64
67
67
59
61
69
65
69
65
64
68
67
71
70
65
67
63
56
61
51
55
57
55
61
64
61
62
55
69
67
69
73
66
66
73
61
67
74
59
66
61
58
62
62
67
69
61
63
54
54
72
58
70
68
62
66
71
66
72
61
62
58
62
65
62
59
65
58
68
63
50
55
57
61
65
60
61
58
56
60
57
67
72
64
72
70
65
71
72
66
69
54
56
52
53
61
60
58
67
55
66
72
65
73
69
63
69
68
70
71
65
72
70
73
71
60
62
66
65
73
72
70
74
67
71
70
71
68
66
64
66
60
67
65
64
64
61
55
58
55
62
66
67
73
70
76
77
64
71
67
62
69
66
63
66
58
59
60
61
59
54
54
63
54
70
66
59
61
60
57
70
67
69
67
65
67
59
63
63
56
66
62
56
61
58
61
66
57
62
56
63
59
59
60
60
52
70
66
63
65
65
70
82
67
72
63
57
61
58
62
65
61
68
67
66
79
70
68
71
56
67
68
66
69
62
60
63
50
65
64
65
69
61
61
74
64
71
71
69
66
64
67
72
58
63
61
59
70
58
49
54
45
62
62
55
65
64
65
73
63
77
69
65
69
67
65
77
56
63
64
62
64
66
65
75
64
71
71
74
68
81
71
-40
77
-276
-121
-454
-459
-458
-453
-458
-454
-453
-455
-453
-453
-454
-452
-454
-454
-453
-454
-454
-454
-455
-453
-455
-456
-455
-456
-454
-455
-456
-455
-455
-456
-455
-456
-455
-456
-457
-456
-457
-457
-456
-457
-458
-459
-459
-463
-464
-463
-462
-460
-459
-458
-457
-455
-454
-409
-377
-338
-304
-259
-235
-209
-192
-164
-145
-126
-103
-88
-89
-71
-64
-48
-37
-30
-30
-13
-17
-10
-4
2
4
7
12
18
14
34
24
36
33
37
36
50
44
46
46
51
46
46
49
45
38
37
34
43
49
46
45
48
45
47
50
54
48
47
46
50
47
54
50
52
48
46
43
50
39
45
43
46
43
46
47
50
44
40
40
42
44
36
33
31
32
26
33
29
25
30
27
33
29
39
30
40
25
29
28
35
23
24
22
25
17
20
19
18
19
22
14
19
18
10
16
16
12
10
18
16
13
15
16
12
8
15
5
11
9
10
9
17
10
8
6
8
5
14
13
11
7
7
6
9
9
11
11
17
15
21
24
26
22
21
27
19
16
18
11
19
15
22
22
29
21
28
24
33
25
29
28
29
26
28
24
30
31
31
29
29
21
31
39
31
33
29
31
42
38
39
37
39
36
36
35
42
34
40
40
43
33
44
33
39
38
45
50
57
53
59
56
56
61
53
62
59
50
64
59
62
72
65
67
70
59
63
63
66
69
64
73
74
63
76
69
71
74
70
72
82
68
80
70
73
77
64
75
75
69
85
76
78
87
75
83
83
70
86
79
80
82
75
82
87
76
93
88
90
95
82
86
102
80
94
89
88
93
89
96
97
86
97
88
89
103
85
96
96
85
101
94
92
93
90
96
101
92
112
98
100
105
96
103
108
92
108
97
97
102
100
103
107
93
103
87
98
106
97
99
106
98
110
115
106
111
109
110
117
104
114
103
103
106
104
103
117
98
106
110
110
114
114
111
115
104
120
115
117
119
113
112
119
106
117
119
113
119
109
112
112
111
121
115
117
119
116
122
132
120
128
120
117
121
117
120
119
113
124
120
126
127
118
125
134
124
136
137
136
133
126
125
131
134
135
135
132
136
129
135
139
128
136
126
124
126
131
125
132
129
137
129
137
138
129
143
138
129
140
135
131
135
126
132
136
131
136
128
127
131
122
132
135
124
142
132
134
139
138
140
141
130
141
134
143
139
129
134
132
122
130
132
132
135
131
138
141
137
147
141
142
140
134
146
147
138
144
141
140
148
136
138
143
128
146
138
147
147
139
153
145
140
158
145
144
150
138
145
147
139
147
143
138
141
136
149
155
145
158
146
150
161
146
156
156
143
150
150
150
148
138
142
150
136
156
145
139
143
136
144
146
144
148
141
143
149
151
150
143
134
142
133
130
140
127
134
139
127
129
127
128
136
124
128
132
125
133
122
115
120
113
119
123
116
123
120
119
125
113
122
115
108
111
113
114
121
110
118
119
110
118
116
116
118
110
117
115
106
121
108
99
108
98
106
108
100
107
100
101
104
97
109
101
97
109
99
100
107
90
104
93
86
93
91
91
86
79
87
86
77
93
85
86
93
80
92
98
79
88
74
79
77
74
81
81
73
74
70
70
77
61
70
73
64
72
71
68
71
62
64
61
51
69
56
54
60
49
63
68
55
57
45
49
64
58
62
58
46
59
50
52
59
40
49
45
40
49
48
41
51
41
53
41
41
52
45
47
48
37
43
53
38
51
46
42
48
42
44
42
38
43
44
39
47
31
42
40
32
45
53
36
43
34
46
41
37
41
32
33
41
27
40
43
30
47
33
30
34
27
35
27
30
37
31
41
41
22
45
42
34
43
42
37
40
28
40
35
40
37
30
36
36
34
43
44
39
43
37
41
45
45
47
48
42
49
42
49
54
41
54
50
46
51
49
43
52
46
54
53
49
56
51
54
55
47
56
45
45
46
42
48
51
54
58
57
49
57
53
69
68
61
68
65
61
68
69
64
66
56
62
62
65
69
61
66
68
59
67
63
58
70
72
71
76
68
81
77
72
78
67
83
80
68
80
79
71
92
80
76
84
67
82
81
78
80
72
73
78
72
91
89
80
93
85
87
91
81
91
84
83
87
79
81
84
78
92
87
84
99
85
91
97
84
97
99
91
99
92
91
105
88
116
101
90
102
87
93
102
88
100
99
93
106
94
107
107
94
110
98
98
107
102
94
106
91
97
102
92
103
103
103
112
106
120
109
105
111
109
102
116
104
108
110
103
111
107
111
110
104
108
103
106
115
111
110
120
106
122
120
115
120
113
113
117
108
122
118
115
121
114
119
103
120
117
120
121
121
124
121
114
127
121
119
127
118
119
128
123
131
137
137
133
131
123
123
120
129
128
124
125
120
124
135
125
128
121
123
128
135
127
127
118
134
130
125
127
114
123
127
122
134
134
129
134
132
132
141
129
139
131
130
126
119
125
134
125
122
119
110
113
125
123
124
113
130
126
132
143
135
137
142
127
130
134
121
126
122
127
135
124
131
123
123
127
124
125
138
123
138
133
129
138
132
135
137
123
133
131
135
140
135
127
134
118
132
131
130
137
133
135
139
133
136
135
126
127
126
125
136
122
136
128
133
135
132
132
136
132
139
139
136
136
131
129
136
127
137
133
130
132
132
128
137
130
132
136
128
134
126
133
142
135
137
132
129
139
141
133
141
128
134
130
133
134
125
129
133
127
131
130
122
121
120
121
127
121
126
122
120
130
133
140
137
132
136
137
134
139
133
139
135
122
125
115
133
135
132
140
138
128
145
136
132
138
130
137
139
132
139
129
134
135
132
136
132
118
128
129
128
136
125
130
133
126
128
132
138
138
134
131
135
120
136
124
124
128
120
124
127
123
131
131
131
138
130
137
136
123
135
120
121
130
121
119
124
119
126
124
124
123
117
124
124
116
140
130
134
136
129
129
143
126
132
131
129
135
128
140
139
126
132
130
128
135
128
129
136
125
129
131
123
125
116
125
124
116
133
125
127
131
129
132
145
127
134
126
125
131
132
139
134
126
129
138
134
148
127
132
140
129
140
134
128
136
137
128
132
121
132
133
128
136
126
124
137
127
134
134
128
130
133
131
134
118
127
127
125
134
113
113
114
112
121
126
124
125
129
133
139
131
141
128
135
130
122
124
127
121
124
122
127
118
119
122
127
117
127
123
124
134
128
131
136
127
131
134
126
122
118
121
128
124
127
117
119
120
122
121
133
123
129
127
123
129
128
131
126
115
121
110
118
121
117
122
124
114
128
125
120
128
120
125
125
126
132
124
123
127
120
124
129
119
132
126
120
124
125
122
117
113
120
117
119
125
114
120
123
111
125
125
120
126
116
121
127
124
127
121
119
127
110
121
124
107
120
112
114
117
115
116
125
120
131
126
126
130
118
121
121
108
116
116
114
114
105
115
121
118
120
110
115
126
117
127
124
111
120
118
117
120
114
116
124
116
120
115
116
116
108
118
116
109
119
122
118
125
116
120
118
114
119
110
109
112
107
122
118
104
113
115
118
128
124
126
126
119
126
122
127
122
119
125
126
115
127
121
119
123
115
118
117
116
123
123
127
123
118
131
132
119
128
127
117
126
119
123
120
117
121
120
128
126
116
122
119
115
130
120
119
120
113
117
121
119
122
116
117
121
114
136
127
121
131
124
121
123
111
121
119
113
125
123
128
135
123
132
131
124
136
126
125
128
123
126
133
124
124
114
113
118
113
130
124
115
125
119
121
138
120
125
124
114
126
121
120
125
109
117
109
108
117
107
111
120
111
122
129
119
127
123
125
124
110
122
111
110
114
112
110
128
116
119
112
105
119
121
118
119
108
116
121
111
128
122
111
121
110
116
121
109
117
113
117
117
109
117
113
109
120
117
114
122
107
121
116
111
113
114
115
117
105
116
119
114
129
123
118
119
110
120
126
112
118
115
114
125
119
123
123
115
123
116
116
125
113
118
123
120
122
124
115
123
116
124
123
121
123
118
121
124
120
125
129
121
124
118
120
121
122
123
115
114
112
104
108
117
105
111
114
112
118
121
122
122
113
123
121
123
123
116
113
120
111
115
119
106
115
117
121
124
123
127
125
117
123
122
120
126
112
122
117
114
120
118
117
119
107
117
114
123
125
114
117
124
111
123
118
114
120
108
110
113
105
108
107
109
118
111
118
119
104
120
120
114
121
120
115
123
112
121
119
118
119
112
114
120
106
123
120
113
115
107
104
116
111
117
114
109
119
113
121
119
110
116
114
109
122
115
111
122
109
120
112
113
114
105
110
116
108
120
113
107
116
115
116
123
115
123
121
118
123
118
122
123
107
110
112
103
117
112
110
118
108
114
119
117
118
116
113
122
110
120
115
111
115
114
115
122
109
114
113
114
118
117
121
123
111
121
117
117
128
118
113
115
107
117
113
110
112
110
107
113
99
122
113
117
118
116
116
123
111
117
112
108
112
111
117
118
107
119
116
115
119
110
108
116
107
117
117
114
114
114
117
122
112
127
114
116
116
110
110
122
105
116
108
106
109
105
112
117
104
114
108
104
118
108
112
120
105
116
114
113
115
112
118
125
112
123
110
104
113
105
110
123
105
119
118
114
120
117
114
118
104
113
114
113
123
113
116
114
99
107
111
106
114
107
109
118
105
116
111
112
115
105
109
124
104
115
107
102
109
107
101
109
91
118
114
110
123
115
116
124
110
121
125
113
118
109
111
118
108
118
114
112
114
106
105
119
105
116
111
112
113
113
111
120
107
116
112
114
118
110
108
119
105
115
111
107
112
103
108
119
109
119
111
109
113
104
109
115
94
110
100
103
109
111
107
115
104
109
102
103
109
106
106
114
100
112
115
109
114
111
108
119
113
117
110
111
111
105
113
113
97
107
102
107
109
109
103
109
100
108
105
114
111
105
112
116
102
116
109
107
113
102
107
107
96
106
100
104
108
104
118
121
110
123
116
111
114
108
106
111
97
106
100
111
109
100
103
110
98
114
109
110
111
106
113
113
105
111
106
107
108
101
112
112
98
110
101
100
107
101
106
112
98
112
106
112
111
106
111
115
94
117
100
101
107
97
105
114
100
109
103
100
107
100
109
110
93
111
102
101
113
106
104
113
96
105
104
108
107
105
108
109
91
114
99
101
106
98
99
109
96
105
103
103
108
100
106
108
93
110
101
99
111
98
98
101
88
102
97
103
104
100
103
110
99
115
111
110
114
111
111
121
100
110
103
101
101
95
102
106
98
107
104
107
112
105
107
108
102
108
107
107
105
100
102
104
97
111
100
99
98
94
107
111
94
108
101
97
105
100
110
110
98
104
93
99
106
90
102
103
93
108
101
99
105
102
105
107
99
111
102
100
104
96
97
109
94
109
99
101
101
101
105
98
92
99
89
97
106
93
106
107
95
111
106
103
108
95
105
104
94
115
101
100
102
91
103
106
92
108
100
98
108
97
102
104
91
113
105
102
114
100
108
109
104
113
113
108
107
95
100
106
99
106
100
101
105
103
109
117
104
110
106
100
109
107
103
109
98
107
102
99
103
89
101
103
92
108
103
96
105
96
105
104
99
106
99
98
103
93
101
106
85
99
89
89
99
93
105
103
96
106
102
107
111
94
100
100
90
102
96
92
98
92
101
96
94
97
94
100
101
91
101
101
95
104
100
98
99
99
98
99
94
100
94
98
103
86
98
93
91
101
99
93
101
89
100
99
95
106
91
88
99
85
103
97
94
110
101
98
102
96
99
98
92
103
92
106
98
93
104
96
93
107
99
93
102
90
108
97
98
100
90
99
94
92
111
100
93
104
98
94
108
94
106
103
93
94
97
101
97
90
100
98
85
104
88
90
99
81
94
95
94
103
94
100
111
96
107
106
93
108
92
96
106
89
102
94
89
92
89
96
94
88
96
93
89
110
92
97
95
91
96
90
92
99
92
92
103
83
103
81
85
100
90
97
101
90
100
98
89
105
99
94
100
84
96
87
83
98
96
91
98
82
96
103
96
103
102
95
102
91
106
96
90
100
95
96
105
85
99
97
91
104
92
96
92
89
96
92
91
100
90
90
104
91
101
103
93
101
88
95
98
92
102
98
93
96
88
88
106
84
94
89
89
92
95
91
96
83
94
98
86
105
94
100
104
94
101
94
89
91
89
85
96
90
100
96
90
102
89
99
100
90
98
88
92
97
96
90
97
80
87
88
84
98
85
94
95
86
96
95
90
102
92
92
96
85
93
92
84
88
80
86
90
74
80
85
80
96
89
89
96
86
104
93
98
90
85
89
92
82
90
94
85
100
83
89
94
85
96
88
95
99
90
95
98
85
99
94
87
97
94
95
97
83
95
94
90
91
82
80
96
78
93
97
79
90
84
86
86
81
79
89
78
84
80
82
95
81
95
89
83
88
89
88
91
79
83
86
90
94
87
88
96
78
93
87
82
89
85
87
100
83
89
89
83
95
89
93
95
87
95
93
90
98
95
88
99
87
92
97
94
101
89
94
92
80
89
88
82
88
88
85
93
94
98
91
91
95
92
100
93
89
94
93
84
94
87
81
88
76
93
85
95
93
87
89
93
88
103
91
90
96
84
92
94
83
92
87
87
88
84
92
94
87
96
90
89
100
85
94
99
84
87
86
88
86
84
78
90
82
102
85
89
92
87
97
104
90
105
91
94
101
90
97
96
82
99
85
94
109
89
96
100
82
93
91
90
93
91
95
98
80
108
89
96
95
91
90
110
86
99
89
88
96
88
96
89
80
94
93
91
101
86
86
96
79
95
95
94
99
90
97
98
84
105
94
97
99
88
88
106
82
99
85
90
