68
67
76
83
67
78
76
73
78
70
73
76
70
79
67
72
74
67
73
73
63
67
74
77
80
70
78
75
77
84
76
82
74
71
73
77
57
68
59
54
66
66
72
68
69
80
71
78
77
67
80
80
65
77
64
69
69
60
59
62
64
78
71
70
69
56
75
75
64
78
66
76
75
75
80
75
62
75
66
74
78
63
76
76
68
80
67
67
73
66
72
69
66
77
66
69
68
54
67
68
62
74
66
71
76
72
74
71
59
68
61
70
70
55
65
63
53
66
63
60
63
54
64
71
63
73
66
74
70
60
69
65
64
78
64
68
74
66
74
70
63
73
59
68
69
58
63
65
58
75
58
57
61
44
61
59
59
68
69
70
74
65
82
80
65
83
74
69
73
64
74
73
58
66
61
62
67
61
64
69
60
78
69
67
71
56
64
69
62
68
68
70
76
63
70
68
60
67
65
71
76
72
79
77
69
76
71
74
73
61
68
64
61
70
64
70
67
57
67
75
75
85
79
82
86
77
88
77
75
81
70
68
78
67
75
75
70
77
68
73
72
66
79
72
70
83
71
78
81
67
81
78
69
77
65
71
73
61
83
71
63
70
65
69
81
66
77
73
66
76
63
69
70
61
70
71
67
83
72
80
86
72
84
81
65
72
65
72
79
68
82
77
68
83
70
70
80
61
74
70
66
78
74
75
71
62
66
70
69
83
70
75
78
66
77
78
72
79
70
72
78
69
81
69
67
79
59
66
66
58
68
71
62
71
71
73
78
73
88
77
72
83
69
68
72
60
65
72
60
68
58
59
66
63
68
69
62
72
65
72
77
60
66
67
59
66
64
65
71
60
63
59
54
69
66
71
76
60
75
80
75
85
73
70
72
71
74
68
66
71
63
67
74
60
67
70
69
81
75
74
76
65
74
71
69
71
67
68
74
61
71
75
70
76
67
67
70
73
83
76
74
80
69
84
80
68
82
69
70
76
70
72
71
64
78
65
69
72
59
69
72
59
72
66
60
62
55
65
69
61
66
65
63
67
61
73
77
62
68
61
50
66
64
67
68
55
70
64
68
75
60
63
65
54
70
66
66
80
66
68
72
58
68
69
63
69
65
75
80
67
82
74
68
80
64
71
74
61
73
69
70
69
55
58
60
55
74
68
68
81
73
79
84
73
80
76
69
76
64
73
74
63
76
70
61
74
66
75
78
67
78
75
78
83
73
77
81
64
86
73
69
79
68
74
81
68
78
72
71
85
75
85
86
71
87
80
78
90
71
74
77
61
69
70
71
76
70
70
76
60
77
76
71
77
67
69
81
66
79
72
64
74
68
76
75
67
78
73
72
79
66
64
74
60
77
77
75
78
73
78
81
68
83
71
72
77
69
71
80
65
77
68
69
69
71
72
75
63
72
66
68
78
66
74
76
63
74
75
73
75
70
79
74
59
75
63
65
75
65
71
79
64
79
71
74
80
71
76
78
61
75
70
69
80
66
76
73
59
76
72
71
79
68
74
80
72
91
80
79
83
70
75
86
68
86
75
69
73
67
66
75
64
80
76
79
95
83
91
95
76
88
82
72
80
69
76
79
74
84
73
71
76
70
81
90
71
86
79
79
85
80
82
80
69
83
72
74
80
70
76
74
60
70
72
70
79
71
79
80
78
84
73
71
79
66
71
75
59
75
67
70
75
65
75
85
72
93
86
86
86
73
81
84
72
89
83
77
85
76
76
83
76
86
81
76
83
68
80
83
72
85
75
76
83
78
79
86
70
83
74
77
77
68
75
79
68
81
72
66
73
63
65
75
67
76
69
72
79
67
77
77
64
83
74
76
82
73
78
74
58
67
61
74
78
72
79
79
70
89
75
76
76
68
77
74
69
82
68
76
77
64
76
69
64
80
67
66
72
62
68
72
62
78
67
78
80
68
76
74
60
81
70
66
72
59
67
77
67
83
72
74
84
71
90
83
67
85
67
71
86
68
81
84
69
83
71
71
80
69
77
76
65
90
76
77
84
68
74
84
66
80
72
71
81
68
78
76
57
69
67
66
85
67
74
77
63
72
69
67
68
59
66
70
58
77
70
71
78
67
71
79
68
83
78
77
80
69
82
84
73
86
78
75
89
74
81
81
69
87
75
75
80
65
79
81
68
85
72
73
78
70
80
87
70
83
74
72
77
74
81
83
64
77
63
62
72
62
64
69
57
68
72
75
78
72
80
77
69
83
69
73
76
63
64
72
58
67
63
67
72
71
78
77
65
78
67
71
76
62
68
74
64
77
73
72
69
57
64
67
65
82
70
75
76
72
72
74
81
71
110
-411
-26
-440
-459
-457
-456
-454
-455
-453
-454
-454
-435
-450
-427
-427
-437
-417
-430
-422
-418
-430
-416
-423
-426
-415
-429
-421
-418
-431
-419
-424
-433
-420
-434
-430
-425
-447
-429
-435
-453
-435
-455
-459
-450
-459
-459
-460
-460
-461
-461
-461
-462
-462
-462
-465
-467
-469
-467
-465
-464
-462
-461
-461
-459
-416
-383
-339
-304
-270
-238
-207
-184
-155
-133
-118
-103
-90
-75
-61
-45
-32
-26
-17
-7
1
13
26
24
22
32
33
37
48
52
53
54
59
60
60
73
75
80
80
81
83
87
83
90
84
83
82
81
88
81
80
87
82
79
77
79
72
77
74
80
83
83
74
77
79
82
87
82
84
83
75
74
71
72
59
57
52
52
44
51
54
53
49
48
47
48
55
45
48
47
36
36
41
36
30
34
28
26
22
21
9
12
14
7
8
15
1
-1
-4
-4
-7
-10
-15
-19
-26
-26
-39
-27
-26
-38
-29
-36
-36
-35
-27
-28
-31
-31
-33
-28
-32
-35
-35
-43
-43
-40
-43
-42
-45
-46
-42
-51
-49
-36
-52
-45
-45
-44
-44
-39
-42
-41
-36
-36
-40
-44
-36
-41
-37
-40
-39
-38
-27
-38
-34
-35
-34
-26
-24
-21
-35
-21
-20
-21
-17
-13
-11
-21
-14
-13
-8
2
-4
0
8
7
3
6
9
8
13
13
18
12
30
24
30
36
25
29
35
32
30
32
30
46
43
46
37
38
44
48
53
61
59
58
74
68
72
73
69
73
71
70
76
71
76
77
81
75
81
69
82
81
81
83
80
87
94
94
94
98
88
106
98
105
101
93
104
95
103
98
94
95
100
99
102
104
103
109
109
111
103
109
117
113
117
116
115
114
120
120
118
118
111
113
115
125
120
118
119
122
125
131
138
131
133
133
129
139
131
124
129
130
127
128
125
125
134
130
144
136
145
152
141
145
147
132
145
140
134
139
129
139
139
134
141
134
132
137
134
142
151
134
153
145
140
152
143
150
149
138
152
144
149
156
148
153
154
134
155
143
147
154
143
153
158
147
155
149
147
158
146
158
154
143
163
151
157
162
150
152
171
139
160
150
150
157
144
152
160
139
167
154
151
159
149
150
159
149
162
154
149
160
141
156
158
142
158
149
149
161
149
154
168
147
164
150
161
158
155
160
160
149
166
155
150
156
155
150
157
148
159
150
152
161
152
164
161
146
164
156
153
168
151
160
157
139
158
149
156
161
152
157
164
140
170
154
160
164
147
158
162
149
159
154
157
156
146
156
154
138
161
148
154
167
149
158
158
151
161
151
152
156
145
146
152
133
157
139
142
147
138
139
156
149
160
151
154
161
148
165
153
138
155
141
144
155
143
147
151
138
150
143
141
145
136
145
146
132
154
144
145
149
144
140
148
127
142
129
135
135
129
139
134
121
124
118
123
138
130
136
135
120
138
128
129
134
115
118
122
111
130
120
118
125
109
115
122
99
121
109
112
110
103
109
104
95
116
96
101
114
96
103
101
87
106
100
97
95
91
96
99
85
108
88
89
99
86
98
101
77
94
88
86
88
80
83
88
67
81
65
59
68
57
58
63
51
59
66
68
72
57
59
61
50
66
49
43
47
39
38
46
29
38
36
36
43
39
38
39
31
47
31
40
33
29
35
35
24
39
34
29
36
14
23
19
18
26
20
19
17
16
22
32
8
23
7
10
16
7
6
7
0
9
2
11
7
-3
9
16
1
18
9
10
13
1
10
1
-4
-1
-11
-12
-11
-20
-13
-2
-25
-8
-21
-15
-11
-11
-14
-9
-19
-6
-11
-5
-5
-19
-14
-9
-23
-12
-22
-18
-17
-21
-24
-18
-26
-12
-21
-22
-15
-26
-11
-12
-22
-8
-22
-21
-19
-24
-17
-14
-29
-4
-13
0
-9
-19
-11
-13
-22
-7
-19
-16
-16
-17
-8
-5
-14
2
-10
-5
-5
-14
0
4
-6
4
-8
-12
-2
-15
-2
8
-9
9
0
16
6
-1
1
7
-8
8
-2
-7
4
-5
6
8
-2
1
-5
0
10
2
14
19
3
25
7
16
31
18
28
24
16
27
21
26
29
19
19
26
13
41
21
31
34
24
38
40
32
40
39
35
42
34
41
47
32
45
39
43
46
36
38
42
33
44
42
44
50
38
48
48
48
54
43
48
45
37
43
52
42
52
40
50
51
43
66
63
57
73
70
74
84
72
74
75
62
70
72
74
78
70
78
75
70
83
68
76
79
71
80
90
73
84
77
90
89
80
97
81
78
91
86
82
95
79
93
91
80
99
88
99
93
90
96
89
84
102
88
91
99
78
100
99
89
99
90
104
97
93
99
99
88
105
92
102
104
92
116
108
100
109
104
101
108
94
106
105
97
115
99
104
104
109
99
113
115
105
115
105
111
117
115
121
117
107
123
113
120
123
110
121
118
108
118
110
111
122
108
122
115
116
135
127
131
135
121
132
141
126
135
130
126
129
122
125
119
111
128
130
131
134
122
128
135
123
136
135
130
138
126
136
134
134
143
139
136
141
121
128
146
132
146
137
140
145
136
146
145
138
142
140
143
144
132
136
135
132
138
130
132
137
139
146
146
148
150
148
146
153
140
152
144
137
150
140
145
146
148
153
149
139
146
138
150
153
141
153
147
149
157
153
143
148
138
145
148
144
152
142
150
152
139
151
142
137
156
147
148
151
142
154
145
135
143
131
149
145
138
156
149
144
159
154
148
148
138
150
151
149
153
139
147
151
143
158
153
138
147
144
146
148
139
150
145
140
144
135
140
146
136
144
141
134
153
144
150
154
138
145
142
138
144
133
135
140
129
149
140
130
141
132
140
146
130
146
138
145
154
147
154
154
143
154
141
137
155
133
140
140
128
135
140
132
141
138
140
147
132
155
147
136
148
139
141
153
137
142
145
134
146
134
138
139
123
142
137
134
148
132
136
141
128
138
143
131
145
134
134
137
125
138
134
127
135
134
137
153
134
151
147
141
152
142
145
147
135
142
141
137
145
137
140
144
136
146
145
132
139
135
138
142
137
147
144
133
146
141
142
150
131
141
139
133
143
142
141
141
131
137
130
132
148
133
147
144
127
134
140
132
135
125
132
132
129
145
138
140
150
137
143
147
127
142
134
135
139
137
140
143
131
142
140
134
145
131
141
142
130
141
141
129
136
127
127
134
129
145
133
133
140
130
134
142
126
136
135
131
143
135
136
143
128
139
125
122
132
123
127
129
122
131
136
133
141
133
136
141
133
142
132
129
133
125
129
137
119
125
126
123
132
131
133
137
130
137
135
133
137
129
130
134
118
132
136
130
136
128
132
135
132
143
137
136
144
131
142
146
129
143
135
131
137
130
129
134
119
131
129
129
135
119
127
135
127
139
135
130
136
129
130
134
124
134
131
128
139
129
136
140
124
129
129
123
131
131
134
138
123
134
134
135
141
132
132
137
126
138
132
131
136
129
137
137
125
129
132
132
133
126
134
133
126
134
129
132
133
129
131
133
125
135
134
142
138
127
127
124
116
136
132
130
139
130
137
142
135
146
131
137
140
133
146
143
131
146
133
131
138
126
133
143
127
139
133
138
139
130
137
139
119
141
128
132
137
128
133
139
118
131
118
113
125
117
128
133
121
132
128
134
142
131
134
135
118
130
124
123
123
116
119
125
110
130
125
125
129
124
126
137
122
137
132
135
138
130
136
138
121
133
128
131
139
122
123
128
120
133
134
132
135
129
134
137
121
136
123
119
121
111
115
129
117
131
129
128
133
128
139
141
129
142
133
132
142
125
126
129
117
129
129
126
127
118
126
132
114
127
114
116
127
121
126
137
123
137
131
130
135
126
131
137
120
129
124
119
128
117
116
120
107
122
122
120
120
114
112
119
105
119
114
118
124
115
120
127
114
130
124
120
121
113
111
117
105
117
108
114
119
114
122
128
119
126
121
121
120
104
105
106
101
112
98
104
102
97
109
115
98
117
108
115
117
114
118
115
104
121
106
115
119
105
115
116
98
109
102
107
112
106
117
121
117
126
116
122
125
109
118
122
105
123
109
114
121
113
118
120
104
125
117
125
125
110
116
121
106
123
118
118
123
109
118
120
111
121
112
111
115
106
112
119
106
123
109
111
115
110
111
120
100
112
102
107
107
96
108
113
102
118
112
111
117
109
117
120
109
118
113
113
117
111
124
121
108
124
117
113
124
115
118
123
110
122
106
120
121
110
122
123
107
129
122
118
123
110
118
121
112
122
114
118
125
113
128
129
110
125
118
118
124
116
120
122
110
125
114
120
126
113
121
125
110
126
112
106
110
98
108
115
109
120
111
114
118
110
124
121
108
120
111
112
121
111
117
121
110
119
111
116
114
109
116
116
108
128
118
121
124
115
122
122
113
120
106
110
108
100
116
105
93
108
96
106
116
105
113
120
111
122
110
118
113
101
111
107
95
121
103
109
111
98
104
106
95
119
102
109
115
104
125
118
110
128
111
116
123
108
120
117
107
125
113
112
111
99
112
112
102
122
107
108
114
97
106
110
92
113
98
101
112
102
114
116
108
119
110
105
117
136
199
217
211
226
215
215
213
193
194
188
169
185
165
162
164
147
160
155
140
146
137
138
140
129
134
131
124
133
121
121
129
117
122
121
109
121
120
120
119
109
110
107
100
116
103
105
112
106
119
118
108
122
109
111
114
109
116
113
101
114
99
98
104
87
108
104
93
111
106
104
109
98
108
107
102
114
103
105
110
102
110
110
98
107
95
103
106
102
110
104
101
108
102
110
111
98
109
105
90
105
95
97
95
92
99
93
97
100
94
107
108
95
111
107
96
109
98
105
101
99
98
98
95
106
94
108
103
92
111
100
97
112
103
104
109
101
113
105
104
117
99
104
103
89
112
102
100
124
97
102
105
97
110
105
100
114
104
113
112
99
114
106
98
113
104
105
110
99
116
110
105
118
102
104
104
95
118
106
100
112
102
103
116
100
113
112
98
114
102
114
115
101
112
108
98
113
108
107
118
101
114
112
106
114
108
110
114
97
116
110
101
112
95
107
107
90
105
96
91
104
96
102
104
97
109
109
108
122
110
106
111
98
105
99
103
106
96
99
100
90
112
101
95
110
94
107
106
93
111
98
93
107
94
104
102
88
106
96
90
110
87
96
98
97
107
106
91
113
98
99
107
87
108
94
89
99
82
93
98
85
103
98
87
107
97
109
110
96
107
99
95
111
93
109
99
90
108
102
97
103
91
102
98
89
99
95
100
107
95
101
105
89
110
102
93
102
90
107
98
88
101
92
93
108
92
97
94
85
102
98
91
109
85
98
94
89
107
88
88
100
88
97
107
89
112
96
94
106
87
101
104
88
107
97
90
114
94
109
98
84
106
97
97
102
91
99
108
87
105
87
82
104
88
104
108
87
106
100
96
109
108
104
113
97
112
100
102
115
99
106
100
89
104
106
101
108
99
103
110
99
112
106
107
108
102
104
107
87
104
99
92
106
99
95
103
92
111
96
97
105
93
106
109
96
108
108
99
108
95
106
104
98
110
100
98
102
95
107
114
87
112
106
108
116
106
111
110
94
108
99
101
101
96
105
109
87
107
100
100
111
98
110
111
107
114
109
104
105
94
108
106
91
110
95
100
105
101
100
95
91
103
101
102
106
91
102
105
90
108
99
97
105
95
103
102
95
112
104
96
102
86
106
102
94
115
95
97
101
96
96
98
89
112
98
104
109
94
112
109
99
113
101
93
101
92
102
101
93
115
96
103
103
96
114
108
96
107
98
92
109
96
104
112
87
110
93
106
105
95
104
101
89
115
100
97
109
89
106
100
86
107
96
98
103
87
97
92
78
98
86
94
110
93
110
107
95
117
113
107
108
98
102
107
91
117
101
99
105
95
106
113
101
112
109
105
113
106
114
115
103
116
105
102
113
97
103
107
92
105
99
99
103
95
105
105
93
113
98
94
106
99
101
105
92
100
89
92
102
82
104
101
97
104
95
105
108
97
101
103
93
107
99
98
106
89
101
96
89
108
97
88
105
86
98
105
81
102
94
103
104
97
106
103
96
108
99
96
108
91
105
105
92
109
102
102
101
93
102
98
95
111
100
98
103
94
106
109
95
108
98
103
107
105
108
108
96
108
93
96
101
90
109
107
99
107
104
103
106
103
105
104
94
115
97
97
102
91
104
102
86
99
88
95
99
91
104
98
85
108
96
100
100
88
99
98
84
95
93
94
104
84
95
98
87
111
100
104
105
97
111
125
103
117
100
96
104
93
102
101
87
106
95
104
99
84
97
103
90
110
95
101
109
97
106
103
99
109
106
104
106
98
103
113
93
109
95
93
104
103
106
103
93
102
96
98
102
91
94
100
79
99
93
97
95
93
103
98
95
99
98
99
105
87
101
95
87
100
94
98
95
100
96
100
87
100
89
105
101
83
97
87
90
104
94
102
93
93
105
103
99
109
95
103
102
91
108
99
93
108
100
94
101
86
99
96
81
95
87
99
98
92
101
98
89
110
101
96
101
89
107
94
89
92
79
84
90
86
103
93
88
101
92
95
102
87
99
96
85
103
87
102
95
92
95
95
81
100
90
95
99
79
99
94
95
100
87
94
98
81
99
91
79
94
81
85
90
73
82
75
79
93
86
91
94
85
98
90
84
104
80
89
90
77
89
88
88
101
87
90
96
74
99
86
85
98
86
96
102
86
97
98
81
101
91
91
98
82
100
92
84
97
85
88
97
84
97
102
88
105
92
94
99
83
98
87
83
92
93
95
110
90
99
96
86
102
95
104
100
87
99
94
90
100
91
91
101
85
94
101
90
101
89
97
90
88
97
92
94
102
94
97
105
91
107
98
99
104
103
97
95
92
99
96
90
103
85
84
89
81
95
89
82
90
82
82
91
