58
61
64
54
71
68
64
75
67
62
71
61
73
65
60
69
59
60
68
51
58
50
40
55
63
63
71
63
74
78
78
89
70
71
77
63
65
75
61
70
66
71
69
63
67
69
69
79
71
75
82
71
80
77
70
79
80
74
70
61
70
72
71
79
65
64
74
59
73
80
63
76
65
76
77
72
81
67
60
64
59
62
72
62
73
77
62
69
70
68
77
67
74
74
74
81
66
71
81
62
74
77
67
76
77
73
80
73
73
69
58
69
70
75
81
63
73
76
67
75
77
72
79
68
76
76
75
82
69
74
74
55
69
73
66
71
62
57
63
58
65
68
70
79
66
82
80
72
76
74
68
75
68
66
71
58
71
72
82
75
71
74
79
71
88
81
76
82
70
69
80
70
81
75
72
71
65
66
76
67
79
72
70
82
75
78
83
70
77
70
75
77
72
74
76
59
79
69
59
63
59
67
82
73
87
80
78
81
78
85
79
61
72
69
68
82
69
75
76
61
72
69
74
79
74
77
81
62
86
76
77
85
72
76
89
68
78
73
71
79
69
76
81
59
77
74
72
85
71
74
77
64
82
78
67
77
68
69
79
62
81
78
73
80
71
70
90
67
82
70
66
75
72
80
83
67
79
77
68
85
72
71
83
68
79
81
70
72
69
73
81
68
84
78
75
83
75
76
90
69
81
78
74
82
79
80
84
65
75
70
68
83
71
73
77
66
80
78
74
80
74
77
87
73
86
81
77
81
70
70
80
59
74
76
76
81
79
78
87
70
83
81
77
87
75
77
82
67
77
82
71
77
70
69
78
70
82
74
74
78
74
78
89
72
81
77
73
77
75
73
75
64
71
67
66
72
70
75
82
68
84
87
82
88
79
82
77
69
76
65
68
74
68
75
83
62
69
64
68
72
75
75
82
72
89
80
85
88
72
74
81
64
82
75
72
82
68
70
76
66
80
74
74
80
66
76
84
61
73
63
57
64
64
64
74
60
71
69
78
78
70
74
81
64
83
76
72
77
70
71
82
72
80
73
69
75
65
75
78
59
74
65
63
64
66
67
75
59
71
70
79
77
67
74
76
61
72
71
66
72
67
71
80
66
73
60
58
65
57
71
73
60
75
73
74
85
73
77
85
71
87
80
86
85
73
70
74
59
75
76
74
82
73
78
87
76
83
77
74
78
70
81
80
67
80
71
70
75
64
68
71
63
73
74
77
78
74
79
81
70
89
77
75
82
71
72
80
68
77
72
71
74
66
89
88
75
87
80
79
92
79
85
87
69
80
74
78
82
71
83
85
70
89
72
71
81
72
78
86
72
84
74
73
82
71
84
80
67
79
75
76
89
73
76
79
63
73
75
76
81
70
79
80
69
87
73
72
78
71
77
91
73
90
83
82
87
73
83
81
71
83
73
74
88
68
79
83
66
88
81
77
82
72
80
80
70
90
71
73
80
64
78
93
69
83
74
75
81
77
83
84
66
82
72
69
86
68
75
86
65
78
76
64
74
62
65
75
63
84
74
79
89
76
76
91
67
79
68
69
75
72
70
74
55
69
69
70
82
73
76
81
68
81
84
77
79
68
73
79
68
80
72
74
76
66
71
77
60
73
72
68
76
70
73
73
65
73
68
69
72
59
66
69
57
65
68
63
60
53
66
75
75
81
73
75
75
64
76
81
63
74
69
71
73
69
74
73
64
74
66
68
77
65
72
76
65
74
75
70
74
66
69
75
70
75
67
66
75
63
75
75
60
66
65
69
74
68
72
71
57
70
65
70
66
57
65
67
59
72
70
68
76
58
63
56
59
71
67
68
74
61
76
75
66
78
65
70
75
66
74
71
62
72
68
75
73
53
65
73
60
78
73
67
80
66
76
78
70
82
70
73
78
64
80
77
61
70
64
55
69
67
75
78
66
82
80
89
90
77
83
86
73
88
73
69
75
65
74
75
65
72
70
68
79
64
80
80
70
83
74
74
84
69
76
78
62
75
73
79
80
65
74
70
62
84
74
74
81
68
81
81
69
81
71
64
71
61
72
72
67
81
71
70
79
65
74
79
65
78
71
72
78
62
68
71
62
80
71
72
74
64
72
81
72
77
62
58
70
66
82
75
67
78
75
72
86
71
79
79
69
79
73
79
82
71
81
74
68
83
72
73
78
66
80
74
66
76
69
78
80
70
86
77
71
77
74
75
90
65
76
69
60
70
72
70
78
64
78
78
69
90
71
74
80
65
80
83
70
82
74
70
79
64
77
73
65
81
69
70
82
65
77
77
67
77
75
71
79
61
69
74
67
75
59
58
64
57
70
77
68
81
77
79
87
76
88
77
70
77
68
67
79
63
69
71
61
70
69
71
81
64
77
74
68
81
82
75
81
62
70
83
66
80
70
72
80
70
75
74
65
76
75
75
85
69
75
66
88
80
20
53
235
1105
558
628
780
105
585
481
133
719
211
290
600
18
463
371
31
563
128
195
495
-31
366
310
-14
474
107
147
441
-42
297
268
-22
425
96
122
402
-38
268
277
418
104
-25
-33
-41
-1
-8
-17
-15
-18
2
-6
-8
-15
15
16
15
12
17
25
30
38
38
43
46
55
53
62
58
58
60
61
60
66
61
57
60
65
71
74
76
74
77
78
75
77
85
73
74
72
73
72
72
80
76
77
73
71
74
86
65
79
81
80
83
91
88
83
78
81
80
89
82
80
81
79
71
70
76
73
72
80
83
79
90
87
88
90
85
82
77
87
76
78
74
80
74
86
73
73
72
71
79
84
82
78
85
80
79
80
85
89
78
84
82
80
81
79
78
81
77
77
82
76
78
88
80
83
82
89
81
82
79
81
73
84
74
72
78
79
79
84
86
81
81
79
83
79
80
79
73
81
67
76
85
85
75
81
81
76
79
84
79
83
76
78
72
80
72
74
78
82
75
79
85
81
81
81
78
72
79
77
76
79
76
77
80
76
67
68
70
70
72
74
75
75
78
72
81
87
79
80
80
86
76
86
76
80
76
74
74
70
78
73
80
79
77
82
87
81
75
82
74
76
76
75
74
78
72
74
82
81
74
69
72
74
74
84
74
77
76
83
80
89
78
78
78
75
69
67
77
73
76
68
72
69
70
80
76
81
80
78
80
86
78
74
71
67
68
74
72
67
65
72
68
71
67
64
62
71
68
70
77
69
73
69
72
72
72
69
75
73
67
67
68
79
68
70
70
66
64
76
73
73
70
64
69
70
65
66
63
67
64
72
77
73
68
74
76
75
77
66
70
69
71
66
73
76
73
80
76
78
70
82
74
77
74
71
73
83
79
71
72
70
62
67
73
69
67
76
71
77
79
73
73
73
72
70
74
72
72
65
70
64
58
60
51
57
54
55
56
76
61
68
69
68
71
71
74
69
61
57
55
58
62
54
48
52
47
56
62
58
57
55
56
53
54
56
60
56
55
50
51
64
52
55
54
51
49
63
52
57
54
50
59
55
59
65
59
62
61
52
65
61
44
52
43
49
57
43
53
55
47
59
56
60
64
55
60
63
48
72
60
53
54
45
55
65
62
64
66
61
67
53
63
69
53
68
63
62
71
61
65
67
58
63
56
54
64
52
63
61
52
69
60
56
57
52
59
74
58
66
58
52
59
50
66
62
52
65
69
63
79
62
63
72
56
67
63
60
65
60
66
67
58
73
69
68
75
55
62
76
59
65
60
57
63
58
64
68
50
65
66
59
73
56
60
64
64
74
72
65
64
58
58
61
54
67
62
56
62
45
49
58
46
56
54
53
59
62
68
74
60
66
62
53
68
55
58
54
49
58
60
42
51
48
59
62
53
62
52
57
60
50
62
60
52
62
59
53
62
55
65
65
55
58
50
58
68
60
64
67
56
65
74
63
71
54
64
64
60
59
53
54
66
58
59
66
52
70
66
70
75
66
76
70
65
75
67
65
77
60
62
64
56
70
73
70
75
56
59
61
63
67
64
59
70
62
69
73
58
66
61
58
63
58
63
64
60
67
63
58
64
51
61
60
48
64
66
64
68
53
59
62
57
66
62
54
70
60
75
73
58
60
50
52
59
51
55
60
49
67
58
63
65
51
62
58
48
61
60
53
64
50
55
57
48
60
50
52
56
52
63
60
47
62
57
54
61
55
57
57
48
59
48
59
50
38
43
46
39
56
53
49
63
50
63
62
60
66
61
53
57
50
62
57
47
59
49
53
56
46
55
50
48
58
54
60
61
51
59
62
48
67
55
58
60
49
64
60
53
57
51
49
60
48
65
63
48
62
51
56
64
52
46
53
41
51
44
50
52
42
53
49
42
62
51
56
60
49
55
54
50
62
54
51
56
43
67
60
53
67
61
59
71
59
62
60
56
70
67
73
72
54
70
70
65
80
63
60
64
59
67
71
62
72
60
58
54
39
60
57
47
53
52
47
67
51
68
68
52
69
67
72
75
63
72
79
65
80
61
52
67
54
68
77
61
70
67
67
75
62
64
66
60
69
60
58
75
56
67
60
48
55
66
61
62
50
60
62
54
74
63
63
69
58
71
73
63
63
58
58
64
57
56
49
48
63
58
60
74
59
68
72
63
69
71
63
67
52
58
55
52
69
56
55
58
49
64
75
55
65
59
62
70
64
71
68
57
64
59
62
63
52
61
62
54
60
57
49
64
51
59
55
61
62
56
52
58
46
49
52
39
47
40
44
54
48
51
47
44
49
47
52
59
38
56
43
38
48
45
46
47
41
48
42
46
51
40
44
52
31
51
41
38
51
39
40
46
40
47
43
38
43
36
45
45
29
47
36
37
44
43
37
45
27
48
37
37
41
29
35
43
25
49
43
37
44
38
41
55
38
46
44
35
42
31
40
42
24
43
31
37
39
39
36
47
30
45
37
41
41
34
37
40
29
49
35
23
35
21
32
41
27
42
29
35
37
31
40
33
19
37
32
23
42
31
29
37
13
30
23
32
34
30
35
45
31
59
45
37
48
33
34
40
22
40
32
29
43
32
36
40
14
39
34
34
44
31
34
44
31
48
42
45
41
37
34
41
26
48
38
37
39
34
32
45
32
43
39
36
42
40
42
49
32
40
32
32
44
31
38
42
31
55
42
40
43
32
42
45
35
51
36
40
43
39
41
53
36
47
40
39
48
37
50
53
33
48
38
36
55
43
45
53
38
54
52
51
55
42
50
57
40
59
43
44
54
40
41
53
31
48
40
40
47
39
42
50
35
51
48
48
60
45
51
58
42
57
56
47
47
37
37
44
34
52
42
43
51
41
47
63
42
55
46
42
49
48
47
55
40
55
45
47
57
40
49
58
40
58
60
49
59
50
56
62
46
61
50
50
59
45
45
62
34
46
41
38
50
56
53
62
47
63
60
57
68
58
50
59
43
53
57
51
59
53
48
56
46
52
53
54
58
52
53
64
52
61
57
57
58
57
54
61
49
59
52
57
58
49
50
55
45
60
57
53
56
47
54
58
53
59
50
50
53
44
53
61
43
61
56
56
58
54
57
62
49
58
50
58
57
48
57
63
47
63
59
55
59
53
57
62
55
60
51
50
60
50
64
69
53
67
59
61
65
65
61
62
50
63
55
65
67
57
59
60
45
56
52
53
57
42
46
54
47
58
50
53
58
55
67
72
56
66
62
58
62
50
56
58
45
61
53
63
64
55
60
62
53
73
66
63
67
58
58
66
60
69
66
62
62
47
67
68
52
65
57
54
68
60
65
76
56
68
63
64
68
55
58
63
45
64
51
43
60
50
57
67
62
70
72
66
75
60
65
66
48
60
52
53
65
55
55
55
41
50
46
54
56
48
54
59
47
68
58
54
55
49
53
62
48
57
51
54
58
44
53
51
42
57
55
51
63
45
54
54
41
55
46
47
51
40
44
54
44
66
52
52
56
43
53
66
48
55
48
46
53
45
56
58
44
58
48
45
62
42
49
57
44
54
49
48
51
47
55
54
44
64
58
54
60
48
50
60
43
53
48
48
54
49
58
53
36
53
44
45
62
38
46
49
40
53
51
51
54
42
51
55
47
66
53
52
54
36
43
50
36
54
47
50
56
52
61
59
48
63
52
57
70
53
60
58
47
63
59
51
56
42
52
57
49
64
56
53
62
50
61
73
58
67
60
55
63
53
59
54
44
54
45
44
53
42
55
61
48
65
71
64
71
60
64
63
49
61
47
51
60
50
60
67
50
58
51
56
64
63
65
69
59
67
65
66
74
54
57
64
52
64
67
63
67
53
56
59
52
68
65
65
75
63
67
74
58
67
56
51
56
54
56
58
46
62
57
62
64
57
60
64
54
63
62
55
59
50
58
63
61
68
63
60
64
55
64
68
56
65
58
55
60
58
62
64
59
66
59
68
68
58
64
63
49
64
60
54
60
49
58
54
53
59
46
52
57
42
56
54
44
57
50
55
64
57
64
65
58
64
57
62
60
45
50
48
36
58
51
52
56
45
56
55
51
60
52
49
57
45
65
58
46
58
51
49
59
45
55
57
48
64
59
60
64
52
57
56
48
65
55
51
56
43
51
53
48
51
44
45
52
44
67
64
54
67
59
58
71
60
63
54
46
59
48
55
57
42
59
57
44
64
53
53
59
48
57
66
60
70
60
61
69
54
69
66
54
64
65
62
71
56
58
57
42
63
55
58
60
47
59
59
45
64
54
44
49
41
51
59
48
63
53
54
60
44
59
60
50
62
54
51
67
53
58
58
51
61
57
58
62
51
61
60
46
69
56
56
59
48
62
68
56
64
62
61
60
57
70
64
57
65
55
46
65
50
60
59
51
57
52
59
61
44
55
50
47
69
55
57
65
55
64
69
61
64
58
56
64
55
69
59
43
56
49
57
70
58
66
70
65
73
70
62
68
54
67
67
61
72
60
58
58
44
53
58
50
52
51
54
61
55
64
59
55
56
53
54
66
46
58
50
42
57
47
46
51
41
62
60
64
73
62
65
83
55
70
67
54
63
48
50
59
54
62
53
51
60
49
54
68
49
64
58
47
62
59
57
65
51
60
53
53
58
48
48
62
45
58
56
45
54
55
55
60
53
63
60
51
64
63
54
59
43
57
57
52
59
63
62
67
51
59
58
57
65
58
57
61
43
68
68
63
66
62
62
69
52
66
64
59
65
55
64
61
46
63
58
57
65
65
63
67
54
61
59
63
65
59
60
62
52
71
71
64
67
56
52
61
49
61
50
53
60
56
68
72
60
72
71
63
73
63
56
63
53
61
51
58
60
58
60
66
55
76
69
63
70
64
70
70
61
71
64
63
70
66
74
72
53
70
60
57
70
57
62
67
58
72
66
65
70
59
58
60
44
75
61
57
56
51
57
67
53
69
71
67
81
70
78
77
56
72
65
60
73
61
58
68
53
69
67
64
72
60
63
74
56
78
65
64
70
61
59
80
63
71
63
56
68
61
66
71
57
68
68
59
71
64
66
81
60
73
67
66
73
61
66
67
58
72
67
64
76
72
73
90
65
81
63
62
67
63
69
78
64
79
76
70
87
67
69
75
57
73
77
69
73
69
66
75
49
70
69
68
78
65
69
83
70
79
69
67
71
73
75
79
66
78
67
65
74
54
56
65
60
68
74
66
72
67
71
78
70
82
72
73
78
68
67
77
63
70
69
64
69
71
75
81
61
73
64
72
80
69
75
74
60
68
72
63
66
57
66
73
64
74
56
58
66
63
61
73
58
66
65
63
64
60
61
57
46
52
53
56
71
61
60
64
49
71
72
71
75
61
67
74
68
70
62
52
68
55
61
70
56
72
68
65
68
64
59
63
54
69
67
68
78
65
69
70
56
72
73
66
69
60
62
73
67
77
61
52
61
50
68
73
53
61
52
56
57
56
60
63
54
73
64
71
74
64
75
80
62
71
68
63
69
58
60
68
63
77
71
69
76
66
78
78
62
70
71
67
81
74
72
75
59
72
68
76
72
68
72
83
68
84
77
68
76
62
65
72
60
68
69
67
62
48
58
60
44
67
62
66
81
74
75
76
72
78
72
76
72
66
71
76
59
77
62
62
62
54
65
74
71
76
72
71
71
62
76
78
63
71
65
68
75
64
65
71
60
64
65
66
72
62
68
73
61
77
68
70
72
64
69
68
56
66
61
56
65
59
75
72
64
77
65
69
81
64
69
71
58
71
69
70
72
59
69
69
63
75
65
66
73
59
61
67
58
73
69
70
75
64
78
74
66
76
68
65
83
63
70
75
58
75
70
69
69
58
65
66
59
75
67
61
71
59
71
79
62
74
73
71
76
69
78
79
58
71
62
53
76
60
69
69
60
68
80
71
77
67
69
75
64
81
70
66
72
63
68
76
60
65
72
66
75
62
68
74
65
81
70
70
77
67
73
72
62
65
76
69
73
59
58
57
60
72
65
71
74
69
75
88
72
78
68
66
72
68
72
72
68
75
69
66
71
60
67
78
65
76
76
69
73
63
70
69
70
76
69
64
72
62
69
78
60
68
60
59
68
72
78
73
67
75
72
71
78
63
63
64
56
65
67
67
68
61
69
68
71
73
73
71
75
59
70
73
65
71
67
72
71
72
70
71
61
73
66
74
75
59
71
66
65
80
72
69
76
64
73
76
73
81
68
73
74
60
77
75
68
75
67
65
68
61
69
69
60
75
62
72
76
60
74
79
66
80
76
74
88
70
82
77
76
79
67
66
73
64
81
88
72
81
80
74
88
76
80
80
68
78
72
80
79
68
74
76
61
72
59
62
73
62
71
70
75
78
73
74
78
66
79
78
65
78
64
67
72
65
66
61
56
68
72
77
81
76
86
85
73
92
73
74
74
63
66
76
71
76
73
67
74
57
75
72
63
76
72
72
87
72
76
78
59
68
62
67
74
57
65
66
62
70
61
59
63
61
68
74
66
73
68
70
73
63
67
65
61
65
66
68
82
67
77
75
65
76
67
79
76
66
65
64
63
71
66
68
72
59
66
75
67
74
63
66
75
65
80
68
64
79
68
65
80
59
77
74
68
80
68
71
72
56
62
62
58
74
63
57
62
43
54
63
56
58
51
53
62
55
