64
74
74
57
69
69
58
71
61
67
79
62
75
67
68
78
71
72
74
61
66
71
65
80
68
70
75
64
74
76
69
77
71
74
84
75
82
76
69
82
70
77
78
61
72
72
66
72
68
69
77
65
80
72
73
84
72
80
80
69
76
78
62
70
69
75
80
68
82
70
66
72
67
78
80
66
78
76
70
83
76
76
74
64
76
69
72
79
69
74
71
59
67
68
64
75
62
73
78
70
79
71
69
78
64
68
69
56
72
65
65
76
61
67
71
57
73
67
71
73
61
64
70
57
75
72
66
73
62
65
73
67
77
71
62
70
60
67
76
58
75
68
70
80
71
73
83
66
78
71
73
80
65
74
84
66
81
72
66
72
62
59
66
61
70
65
63
77
68
77
79
63
74
67
70
78
72
74
75
59
67
59
64
74
66
74
74
64
80
74
71
75
72
70
78
64
79
65
68
74
64
70
72
59
72
73
71
82
72
75
83
68
86
75
78
74
71
70
75
59
68
64
63
63
52
65
77
76
82
74
77
78
77
86
86
65
80
69
69
76
62
63
70
64
74
68
62
66
65
71
76
62
79
70
74
81
71
73
75
67
78
72
70
76
66
78
75
57
65
63
67
80
68
77
72
62
69
65
61
58
48
57
62
51
72
66
72
72
63
61
67
62
68
63
60
61
56
65
66
60
62
58
65
78
64
69
73
59
74
65
66
76
61
69
78
67
79
68
75
76
66
77
77
57
71
61
62
62
56
66
70
58
64
54
57
74
59
65
65
58
75
68
76
73
63
68
82
63
77
66
64
74
59
62
68
51
66
61
66
71
66
71
77
60
76
61
60
71
62
66
71
62
72
74
69
68
56
54
66
58
72
63
61
67
68
71
77
62
67
67
66
74
72
66
70
57
66
57
61
61
59
68
72
61
69
76
74
78
68
73
70
57
68
59
59
60
57
62
66
47
66
57
63
69
64
70
72
66
78
72
80
78
70
75
79
63
75
71
76
81
66
70
71
66
80
72
73
77
67
80
82
63
72
62
66
69
66
65
66
62
75
74
75
80
62
71
75
66
80
66
72
78
68
77
75
67
83
68
66
71
58
69
73
60
66
57
57
61
60
67
72
59
70
66
75
74
60
71
73
64
80
69
68
77
65
71
69
59
66
62
67
67
58
69
69
59
70
65
70
77
70
77
79
63
76
67
79
71
58
62
62
60
79
72
72
81
69
79
73
71
85
70
78
78
69
81
80
67
84
70
68
75
64
77
74
67
77
75
76
76
67
71
77
63
77
69
65
68
58
64
67
59
62
55
55
64
65
73
76
64
83
70
70
77
62
66
69
55
62
62
65
76
65
71
69
61
73
67
71
74
69
78
83
75
80
76
72
78
66
77
73
69
78
68
74
73
64
68
76
69
78
69
71
75
64
73
68
66
77
64
58
64
63
67
76
67
79
67
75
73
67
79
70
62
68
60
62
72
64
79
73
62
73
61
65
67
60
73
65
56
69
57
61
65
58
65
71
61
68
61
65
72
61
65
64
56
66
63
62
72
57
68
64
54
60
60
61
67
60
64
70
64
83
68
72
80
67
82
81
71
79
70
68
75
62
68
73
66
85
71
74
76
56
66
65
58
64
64
62
67
58
65
64
63
71
62
63
65
64
77
82
68
79
71
71
76
71
78
76
66
78
67
64
70
59
63
64
56
67
72
69
78
65
81
76
73
84
70
76
75
59
66
73
62
72
65
71
75
67
70
64
60
67
64
70
74
59
70
75
68
80
70
68
66
55
63
63
62
71
66
68
67
52
65
69
56
72
66
67
73
68
70
66
49
60
54
67
73
62
71
73
65
75
63
56
61
56
65
67
63
68
63
68
71
60
69
70
63
70
65
71
70
66
70
66
60
66
64
76
73
62
67
65
66
77
73
71
72
60
71
68
67
74
66
72
75
64
78
67
68
78
65
68
73
65
80
75
70
81
67
79
76
64
71
66
64
76
60
59
64
54
69
71
72
80
68
74
74
68
83
74
67
79
66
72
73
66
78
75
65
74
61
67
75
62
73
73
64
83
68
73
77
62
73
71
66
74
65
69
75
59
70
66
55
69
67
75
79
69
79
75
67
77
64
68
67
55
64
65
61
73
65
66
65
56
61
65
63
71
66
68
73
63
73
75
72
78
69
72
79
66
73
70
66
76
66
71
69
62
72
70
65
80
62
64
72
60
67
62
56
60
53
57
60
56
73
70
62
65
57
64
76
60
66
68
65
85
71
83
65
79
79
-254
74
-455
-460
-456
-454
-455
-454
-454
-455
-435
-450
-433
-424
-438
-418
-424
-423
-416
-428
-417
-417
-424
-415
-424
-421
-416
-428
-419
-420
-428
-419
-427
-429
-422
-436
-427
-428
-445
-428
-454
-456
-439
-451
-458
-460
-461
-462
-462
-462
-462
-463
-463
-465
-467
-470
-469
-467
-465
-463
-462
-461
-459
-420
-371
-332
-301
-261
-235
-204
-179
-150
-139
-121
-96
-80
-65
-48
-31
-27
-13
-3
4
14
25
27
31
37
37
39
51
49
52
52
57
57
67
76
77
82
86
88
90
97
86
89
87
87
85
90
88
87
88
90
88
84
88
78
85
85
86
84
90
81
85
79
81
82
77
79
77
75
77
73
75
77
68
63
60
56
60
62
53
53
50
47
48
45
44
39
35
36
34
31
40
31
38
30
31
30
28
20
22
19
16
12
10
11
6
4
6
2
1
2
-6
-9
-9
-18
-16
-14
-21
-25
-31
-31
-26
-29
-29
-35
-27
-32
-35
-33
-26
-43
-37
-41
-42
-45
-40
-43
-40
-44
-47
-53
-53
-51
-51
-54
-48
-56
-49
-43
-47
-48
-45
-51
-48
-49
-48
-49
-49
-49
-47
-48
-42
-49
-46
-41
-39
-40
-35
-38
-35
-37
-29
-29
-24
-28
-25
-24
-20
-19
-18
-13
-13
-17
-14
-16
-16
-9
-3
0
6
4
8
12
18
18
19
19
24
20
26
22
24
24
26
29
35
32
31
45
49
49
52
57
58
62
62
64
69
69
67
66
72
70
72
79
83
76
77
81
80
82
84
85
86
84
90
90
97
89
93
91
93
92
93
102
94
98
98
97
96
96
96
99
106
106
106
111
115
109
108
110
110
110
118
114
117
122
119
127
131
124
127
116
118
124
118
126
126
120
135
131
137
144
127
133
136
126
137
137
135
140
130
133
140
129
146
137
142
148
135
142
150
137
154
148
143
155
145
157
156
147
159
152
157
161
141
152
155
149
166
159
164
165
157
173
173
168
183
173
174
179
168
176
181
164
176
169
170
175
171
180
182
173
187
179
184
189
177
186
180
170
182
176
178
180
173
184
179
175
183
172
175
182
173
188
193
184
196
186
186
190
179
186
183
170
186
175
179
186
168
180
178
169
192
188
185
195
183
191
187
179
188
179
180
187
171
184
183
169
186
177
175
182
176
185
189
182
195
192
194
204
187
198
204
190
201
197
192
197
183
188
192
192
199
184
181
192
183
194
198
183
194
188
188
192
187
186
186
175
188
180
186
192
187
193
193
182
188
181
181
183
173
182
182
176
189
181
181
185
180
189
188
175
185
178
180
187
174
180
173
164
185
175
181
180
169
177
178
166
184
168
170
174
160
169
169
166
176
163
167
167
157
175
170
156
176
162
169
175
164
179
176
167
179
167
179
168
156
168
159
147
163
142
145
154
142
148
146
141
150
140
142
145
129
138
132
122
128
120
119
126
114
112
113
102
112
102
107
105
92
110
105
94
115
93
98
92
83
93
83
77
91
76
78
77
61
73
72
68
85
71
76
85
73
84
79
69
80
70
70
68
60
69
68
62
73
58
51
55
41
58
56
46
57
45
51
55
40
57
44
36
47
31
36
41
20
37
31
17
28
16
22
25
10
24
13
7
21
7
4
8
-11
-2
-3
-16
-9
-22
-13
-9
-22
-12
-14
-29
-11
-33
-18
-13
-32
-20
-26
-32
-21
-27
-31
-25
-38
-25
-29
-40
-21
-34
-34
-28
-47
-31
-31
-39
-26
-39
-32
-28
-32
-31
-35
-39
-31
-47
-39
-33
-45
-33
-39
-48
-41
-48
-52
-53
-68
-62
-63
-66
-63
-71
-71
-73
-80
-69
-69
-84
-69
-79
-79
-73
-84
-76
-87
-94
-85
-93
-79
-77
-87
-74
-74
-79
-66
-69
-72
-62
-67
-57
-61
-63
-52
-63
-55
-53
-72
-56
-57
-64
-48
-59
-49
-45
-51
-41
-45
-48
-35
-43
-39
-34
-50
-27
-44
-44
-35
-40
-37
-37
-50
-31
-38
-34
-25
-35
-27
-20
-40
-12
-21
-30
-19
-31
-28
-25
-31
-21
-21
-28
-18
-29
-23
-11
-27
-6
-12
-13
0
-3
2
17
1
12
6
7
14
5
11
19
3
19
12
4
14
9
17
29
19
32
24
23
39
24
38
30
20
36
22
30
42
31
37
41
28
47
28
43
48
38
44
45
36
53
50
43
62
50
50
62
53
63
58
54
67
62
67
75
57
72
77
70
87
78
81
82
73
93
85
80
89
81
87
92
72
95
92
83
95
79
86
95
80
98
90
85
99
89
102
103
89
105
99
100
113
99
106
110
99
108
100
101
104
102
109
112
101
121
114
113
123
113
113
118
110
121
117
114
122
113
123
124
108
120
118
123
138
128
126
132
127
139
144
136
142
135
141
143
131
152
137
135
141
129
129
138
130
152
148
147
160
143
161
158
149
170
150
151
163
144
151
155
138
158
152
148
152
152
160
163
148
164
158
158
170
157
166
172
150
175
161
160
170
156
167
169
152
168
157
156
177
157
167
169
152
179
170
164
172
157
160
158
154
171
154
162
173
161
168
175
158
172
168
167
171
162
161
173
155
174
161
158
175
157
173
170
159
176
179
172
175
160
160
168
162
179
166
164
173
163
172
177
163
168
166
158
175
159
166
168
156
175
158
158
166
154
165
166
154
165
165
158
173
159
172
169
167
180
168
170
176
168
171
179
163
170
162
164
180
171
175
173
164
179
174
173
181
172
175
180
163
180
174
177
184
171
174
171
166
179
174
176
178
172
178
185
168
186
176
179
184
178
176
179
171
182
176
175
178
161
164
177
169
185
174
176
180
175
178
180
170
177
166
165
171
160
174
174
163
170
159
164
163
171
171
175
162
184
170
175
177
162
174
176
162
178
167
168
169
164
171
173
158
179
166
173
173
170
181
184
173
181
174
171
180
165
167
173
154
178
165
174
180
168
175
181
169
188
177
175
185
168
183
186
172
189
176
184
187
176
182
183
171
187
173
171
180
166
175
180
170
183
179
181
186
176
178
186
168
191
178
174
183
172
178
180
167
173
166
163
174
166
176
177
160
177
167
171
181
169
178
180
168
181
179
183
186
173
173
177
163
176
168
174
177
172
178
186
174
187
183
179
184
170
178
178
171
178
169
174
172
161
165
167
158
177
165
164
174
163
173
178
170
184
170
166
175
164
170
179
161
174
157
165
165
152
170
166
161
175
165
171
181
169
181
179
166
178
166
172
171
164
180
174
163
175
162
161
170
161
167
177
163
180
165
171
175
165
167
166
154
176
164
165
175
163
171
164
154
172
165
168
175
162
170
175
160
178
166
163
167
148
165
164
153
170
154
164
163
156
165
168
158
180
161
168
170
158
170
168
164
172
169
163
172
160
166
166
159
176
158
165
160
155
167
176
155
175
164
162
177
170
176
172
158
174
158
169
168
153
166
165
149
166
145
157
163
146
159
156
153
163
153
160
163
148
159
171
151
172
161
162
166
165
162
157
147
163
154
163
167
159
166
167
155
175
160
160
164
156
166
165
161
168
161
157
164
146
158
162
145
168
154
162
162
161
159
167
143
162
149
161
158
149
159
156
151
157
148
151
147
147
156
162
150
162
150
162
157
158
163
154
151
159
151
149
151
147
148
154
138
150
143
159
155
147
151
151
147
164
153
155
156
148
159
155
149
157
144
154
149
141
153
143
138
156
144
144
145
135
152
149
144
159
137
152
145
141
144
146
138
162
140
147
147
135
155
152
152
162
146
155
156
149
158
156
141
159
145
154
151
146
158
159
144
153
146
147
156
143
155
155
139
163
142
151
155
144
152
153
149
157
147
147
154
139
153
150
137
148
141
149
150
139
147
146
136
150
141
146
150
137
154
149
141
156
145
143
144
132
135
139
132
147
136
138
143
140
151
145
138
145
138
139
145
135
139
143
137
150
135
140
140
126
139
140
139
159
152
162
160
146
161
155
150
159
144
148
149
142
151
144
129
139
127
133
144
133
145
143
143
152
146
150
142
135
142
140
132
143
136
141
149
136
146
143
132
149
142
142
143
136
149
145
134
150
139
144
152
138
147
144
139
152
147
144
140
134
144
143
138
151
135
141
141
135
147
145
134
139
134
132
134
127
133
135
130
146
128
139
143
132
142
137
130
136
136
138
141
132
143
135
132
137
129
135
139
130
142
136
123
133
124
132
143
130
147
137
136
146
135
144
144
132
143
138
129
144
134
138
142
125
132
129
127
136
130
131
139
127
141
133
128
148
133
141
144
138
145
146
137
150
137
137
139
121
137
139
132
146
140
142
146
134
145
145
138
149
142
141
146
132
146
145
136
143
131
132
139
135
140
138
129
139
132
138
143
130
138
138
130
142
134
133
135
120
128
127
119
124
123
125
128
126
136
134
129
137
129
132
133
122
125
119
112
128
123
129
130
121
123
117
110
129
124
126
129
123
131
133
136
137
124
123
123
113
128
125
116
128
119
120
121
111
123
118
115
126
116
131
130
118
127
121
112
126
112
119
122
115
131
127
121
127
116
121
127
116
131
124
115
127
114
126
130
128
134
128
123
131
121
126
129
121
128
126
116
130
120
125
127
117
130
136
132
141
127
126
131
120
135
127
122
131
126
131
135
121
127
124
113
123
111
118
118
108
125
124
123
131
119
122
128
114
128
125
117
124
110
113
116
108
128
123
118
127
116
126
134
121
132
126
117
125
117
125
127
114
129
126
117
127
110
117
127
115
127
124
120
129
122
124
128
116
131
125
117
123
115
115
127
105
119
112
106
122
119
124
125
114
124
121
116
128
117
114
117
106
122
117
112
118
111
113
117
107
118
117
113
120
111
116
122
112
125
119
115
123
117
119
121
110
122
121
122
126
115
120
121
115
128
129
121
124
117
121
122
114
124
111
112
119
111
122
125
116
130
124
118
121
117
123
125
116
129
122
126
133
127
129
129
118
130
128
122
125
116
125
128
119
125
112
117
129
122
127
130
119
135
125
123
129
120
121
123
109
123
114
115
123
109
114
114
97
117
113
108
112
101
112
116
105
123
114
113
121
110
115
119
103
121
109
107
114
106
107
117
107
123
113
114
119
110
120
125
110
123
116
112
119
108
114
122
114
122
111
107
113
108
120
123
108
123
116
119
129
126
124
125
114
128
120
121
122
112
115
116
101
117
106
108
119
109
116
122
113
127
114
114
120
110
121
119
103
117
109
113
117
106
110
110
100
118
111
116
120
110
120
121
107
128
120
117
123
113
119
122
113
128
120
114
122
110
124
121
111
125
115
117
127
110
118
122
105
116
108
110
113
105
115
119
110
126
108
110
117
107
116
116
103
117
109
114
117
111
118
118
107
122
109
110
121
109
112
114
101
114
111
117
120
108
120
121
111
134
121
116
121
114
116
120
109
123
113
115
118
102
115
110
101
120
105
108
119
106
114
117
107
126
112
118
122
112
121
119
108
127
106
105
109
95
116
119
103
120
106
113
120
106
117
118
105
122
113
114
124
105
113
115
95
118
104
102
113
103
112
114
99
124
106
108
119
105
114
119
98
113
100
97
109
96
102
106
89
112
102
106
122
105
116
124
109
121
117
108
112
98
108
107
100
115
106
107
112
103
108
116
103
116
109
110
117
110
117
120
109
122
112
111
123
109
115
116
107
117
110
107
107
100
113
115
108
120
110
112
114
102
111
109
99
109
99
102
110
103
108
109
99
114
100
107
113
102
111
108
99
114
110
110
115
101
109
107
102
113
100
102
109
96
105
104
91
112
101
102
108
104
111
110
102
115
107
109
115
100
114
108
97
112
105
103
108
93
106
101
100
110
94
108
109
96
110
111
100
109
97
102
104
99
103
104
94
108
89
98
99
89
104
100
92
113
103
103
108
96
103
98
93
107
90
98
104
92
111
100
89
105
90
102
105
93
106
99
91
108
91
106
99
86
104
102
91
111
94
100
103
85
102
94
98
107
96
104
106
95
117
109
99
114
98
98
103
91
103
99
93
111
96
104
102
88
104
103
92
114
97
96
102
94
111
106
95
112
100
102
108
92
115
109
95
114
96
94
109
103
108
102
95
106
96
103
107
90
102
93
90
107
92
101
101
94
109
101
99
102
97
98
105
90
107
97
85
107
94
103
106
90
107
101
93
109
99
110
102
88
101
89
94
109
91
93
101
88
107
105
95
110
95
105
105
93
113
97
98
110
97
98
103
85
98
97
89
105
93
108
104
95
120
103
99
116
100
101
104
90
105
103
89
99
80
94
104
89
106
97
88
120
98
103
113
93
114
102
98
113
97
101
102
90
103
94
85
108
89
97
95
91
107
104
97
106
95
99
95
93
103
91
87
105
89
99
98
81
98
101
93
113
101
102
108
95
109
107
91
102
86
94
97
81
101
110
90
105
88
93
101
89
107
99
89
104
86
100
102
87
104
96
90
106
84
98
99
88
108
96
95
109
88
101
102
90
100
101
91
107
91
96
98
93
104
91
93
102
91
101
106
97
98
93
88
105
92
96
92
86
104
96
91
105
91
96
100
84
101
95
95
112
95
97
98
90
101
97
80
102
89
100
106
91
107
99
93
106
93
101
94
88
100
95
95
100
84
91
96
82
103
91
92
103
99
103
102
98
102
101
94
110
91
108
104
89
99
90
88
99
90
98
99
86
102
92
95
102
86
102
94
89
104
90
88
101
86
96
93
85
98
84
89
101
83
101
96
84
99
93
93
105
87
97
90
78
93
87
86
98
77
85
93
78
99
87
87
102
83
97
92
88
101
92
88
95
85
96
94
85
100
94
83
101
79
88
93
81
96
84
92
101
88
96
98
83
102
79
86
97
80
92
99
81
94
87
86
95
88
96
96
84
102
92
93
103
91
93
100
83
99
94
98
106
97
97
100
86
109
92
96
98
89
97
101
90
103
90
93
100
82
96
93
80
100
85
89
96
87
91
91
82
99
89
93
99
78
92
96
86
106
90
95
99
86
96
103
83
