58
53
57
51
49
58
44
57
63
49
62
55
51
55
55
53
61
50
57
48
48
61
46
56
56
48
59
58
50
64
57
58
61
54
60
51
55
58
46
58
53
39
44
46
47
51
49
57
61
52
65
62
65
66
55
63
59
50
60
57
53
60
46
55
53
49
63
54
59
59
51
67
67
55
59
53
55
63
52
61
58
49
53
52
59
59
45
57
60
48
68
61
55
69
52
60
56
52
60
50
49
53
45
61
58
52
65
59
57
67
58
64
66
56
58
54
57
63
49
61
54
46
60
52
51
58
46
56
61
46
51
45
46
59
43
66
65
52
63
54
57
65
54
58
59
51
63
54
57
65
49
58
52
39
61
51
48
59
44
53
56
52
66
61
53
64
56
70
66
57
59
55
49
59
38
49
57
48
61
57
58
61
51
60
60
58
66
62
57
62
46
56
58
43
60
52
50
50
47
59
55
42
56
49
54
65
53
59
52
46
55
50
46
48
44
53
51
42
60
47
54
63
51
58
66
61
65
59
59
62
43
56
51
43
54
45
51
65
51
52
48
40
51
53
57
64
56
64
71
61
69
60
56
63
52
61
66
58
66
58
56
57
42
56
54
52
65
55
55
61
45
54
54
46
56
55
57
63
45
60
59
58
71
59
56
59
45
55
62
48
60
51
53
59
52
64
64
55
61
51
53
66
46
60
59
47
58
54
49
61
46
58
53
53
65
56
53
66
52
58
61
48
58
52
55
62
56
57
51
42
49
45
42
64
51
61
60
55
63
65
60
61
47
58
57
51
59
50
52
60
46
55
55
53
60
55
54
61
53
58
59
54
61
52
56
60
40
52
50
46
55
54
46
54
38
52
53
54
57
50
51
60
47
58
55
43
53
45
46
53
45
52
57
57
61
55
60
68
58
65
65
58
62
62
57
63
49
57
53
54
55
48
53
58
48
64
59
49
53
49
53
59
54
59
53
57
62
51
62
60
46
60
55
53
63
55
56
64
48
54
44
51
57
48
52
56
45
67
57
54
62
52
58
68
61
67
67
61
64
58
57
58
41
55
57
59
71
61
60
67
57
70
68
69
70
62
59
67
55
74
63
60
63
57
55
67
58
67
66
61
67
63
69
78
62
73
64
62
67
59
54
62
43
58
53
51
56
44
57
69
54
75
68
66
75
67
65
76
53
62
55
54
64
61
64
76
55
64
66
57
71
63
64
75
59
68
70
66
72
63
54
67
54
66
62
54
58
53
54
65
48
54
55
54
58
55
58
61
47
57
51
53
60
50
56
63
47
59
62
58
64
58
53
59
46
61
51
50
55
46
58
68
53
62
54
55
58
52
53
58
46
61
53
48
57
40
48
55
45
55
59
52
61
52
56
65
53
64
59
52
57
49
51
65
50
54
46
39
45
46
51
58
45
62
56
59
68
63
62
66
55
65
66
59
60
46
55
60
48
62
53
55
62
54
57
67
51
66
59
59
63
59
59
64
51
62
51
54
62
50
57
58
39
63
58
53
61
49
53
65
56
66
60
51
56
44
45
54
37
52
52
48
53
48
48
60
46
62
52
54
60
47
55
63
46
58
58
51
56
48
53
61
54
62
50
48
52
46
57
64
49
63
57
55
61
57
55
59
43
57
53
55
58
47
52
58
42
52
47
50
55
47
50
57
45
54
51
50
58
47
60
64
51
62
56
53
61
52
52
57
39
53
50
53
55
46
51
61
49
65
62
52
63
51
56
62
53
58
57
57
58
45
55
58
48
59
53
51
62
56
58
62
52
61
55
59
60
49
56
60
48
66
51
46
49
43
55
60
54
65
65
65
69
59
70
71
52
62
51
52
59
52
59
64
52
61
51
55
63
51
59
62
51
69
58
56
62
51
57
64
56
63
53
53
57
45
57
57
44
58
53
54
65
54
58
60
44
61
56
55
53
42
50
54
44
64
54
57
60
49
54
64
54
65
59
52
56
45
57
59
47
63
51
52
65
48
51
57
45
60
53
50
50
35
48
54
40
63
51
48
61
49
57
68
49
59
51
50
57
46
56
61
46
59
52
41
60
42
47
53
40
53
56
52
63
48
58
66
57
71
63
57
61
52
56
60
42
50
51
52
60
50
57
57
52
62
61
58
66
57
61
66
56
63
61
55
65
51
54
52
46
64
58
51
57
46
58
66
54
62
53
55
59
51
49
48
41
51
45
39
55
38
47
57
47
61
64
62
68
58
58
57
58
52
80
-405
34
-430
-450
-453
-450
-449
-451
-421
-431
-414
-408
-414
-404
-404
-405
-400
-403
-402
-400
-404
-401
-400
-402
-399
-402
-401
-400
-403
-401
-401
-404
-401
-404
-404
-402
-407
-404
-406
-409
-408
-413
-411
-409
-413
-418
-428
-444
-452
-455
-455
-457
-457
-459
-459
-459
-460
-461
-463
-465
-466
-464
-463
-461
-460
-458
-458
-455
-413
-369
-335
-303
-267
-243
-217
-192
-177
-150
-134
-117
-99
-78
-79
-66
-55
-29
-38
-28
-21
-26
-15
-9
-5
1
12
10
4
10
6
13
20
25
19
24
28
33
30
36
33
32
34
29
29
38
26
28
27
31
21
22
25
23
22
29
26
24
25
23
26
22
28
20
26
20
14
18
13
11
11
13
6
5
1
-2
1
7
1
1
-1
0
-4
2
4
-3
-8
-8
-12
-9
-16
-13
-3
-6
-7
-9
0
-6
-1
-2
-3
-3
-7
-4
-7
-4
-5
-12
-7
8
-6
-6
-7
-7
-2
-1
-6
-3
-11
-12
-12
-6
-3
-8
-9
-4
-6
-6
-3
-5
-5
-6
-1
-2
2
4
-2
-1
-4
-5
-9
0
1
1
2
2
5
12
8
10
14
18
19
24
25
22
22
23
20
22
20
18
14
20
22
23
31
24
28
27
28
32
31
38
27
36
32
32
28
47
36
42
33
35
41
41
44
40
46
44
47
49
56
56
52
55
50
53
57
53
52
54
54
55
64
64
65
57
65
81
73
81
78
82
85
82
79
89
79
78
74
74
79
79
84
82
81
73
71
70
85
82
81
89
88
88
93
89
91
90
91
87
88
82
88
85
86
91
87
89
85
80
84
87
91
86
91
90
92
82
91
89
94
88
90
91
92
89
101
90
99
93
95
93
93
91
94
89
96
86
93
100
100
96
99
93
95
103
93
98
96
90
98
98
95
89
91
90
95
93
102
93
96
94
99
96
101
89
95
96
91
95
96
92
104
88
93
90
84
92
91
92
95
92
99
101
102
98
95
98
100
95
106
91
94
87
95
90
97
90
88
98
98
94
99
96
94
93
98
95
100
91
100
91
98
80
92
96
90
95
91
87
87
90
98
86
91
87
95
94
104
90
96
89
98
81
99
83
81
92
85
93
97
80
96
88
98
100
93
104
106
89
104
90
91
100
89
96
98
83
102
92
103
104
91
89
100
80
112
99
92
106
95
103
106
90
105
95
96
101
96
99
100
82
103
93
91
100
91
93
106
84
99
91
94
98
85
89
102
87
111
94
97
99
98
95
116
92
109
97
91
102
90
102
101
91
104
98
100
104
100
96
106
85
105
97
95
104
92
101
103
90
108
92
92
103
94
101
110
88
106
95
103
100
93
101
99
89
103
96
90
106
86
95
93
76
96
93
104
103
98
100
109
95
118
106
96
105
94
105
110
93
104
96
98
96
92
97
103
88
109
98
98
107
92
105
106
94
109
102
95
106
91
96
99
85
111
94
97
97
87
99
105
88
103
90
95
104
93
101
93
81
95
86
91
94
84
95
102
84
97
91
87
99
83
90
88
80
99
84
87
94
80
83
98
69
91
85
76
91
84
83
83
67
81
72
78
81
70
72
85
65
79
76
70
72
65
71
76
66
78
73
73
73
62
58
73
58
65
60
57
59
65
64
69
58
68
69
73
77
66
67
68
51
63
54
48
49
43
51
59
44
56
53
47
55
45
53
59
37
51
44
42
45
48
45
56
40
46
39
45
47
37
41
43
36
47
46
49
49
45
44
50
40
44
37
41
39
32
34
39
31
42
42
43
52
49
50
57
43
55
43
52
41
32
32
44
31
52
42
37
41
27
39
32
33
44
35
41
44
35
47
45
32
48
39
38
44
35
41
41
34
47
35
38
38
30
41
46
32
50
40
37
44
30
45
45
34
43
37
36
46
38
50
53
40
53
40
37
45
35
43
47
33
52
50
50
55
47
50
55
35
60
43
48
51
45
52
49
42
49
42
42
54
45
60
57
46
59
51
53
60
48
49
61
45
55
54
52
56
40
46
46
33
56
57
48
55
50
53
65
55
65
66
56
60
47
61
57
49
59
61
54
66
56
55
67
60
71
64
66
68
64
67
76
63
68
68
63
71
62
66
77
71
75
68
67
70
71
79
78
73
76
75
74
87
71
77
72
63
71
71
69
74
71
77
79
69
87
73
73
87
75
84
87
73
80
78
71
81
73
82
81
71
85
76
80
90
78
81
79
70
83
89
81
89
78
89
89
80
96
80
86
90
82
92
96
80
94
94
88
89
78
90
89
79
91
79
81
85
83
82
86
85
91
96
87
98
80
98
91
88
102
82
84
91
91
98
95
104
81
103
87
102
109
92
100
100
92
100
88
92
103
88
102
99
79
99
88
89
102
87
98
95
99
102
94
97
106
88
104
95
89
101
91
92
97
91
92
95
81
93
91
95
105
90
107
102
91
108
104
95
101
90
99
99
92
104
97
93
102
83
100
95
91
102
92
96
99
96
95
101
90
106
91
100
98
88
98
94
89
100
96
89
99
81
98
97
94
104
93
94
103
90
105
98
86
96
89
95
103
90
100
98
88
104
96
96
97
89
99
96
89
103
97
95
109
94
103
102
101
101
98
93
106
94
108
100
89
101
91
106
104
97
103
101
96
101
95
109
98
90
103
100
91
109
95
101
100
85
96
87
91
96
87
90
98
83
108
100
92
107
91
103
106
96
98
93
89
103
85
96
92
82
96
94
92
106
89
97
102
92
104
103
92
105
90
97
102
85
106
101
94
104
90
94
99
91
103
98
90
110
96
105
98
92
104
97
88
107
87
91
102
85
100
94
91
104
90
101
106
95
113
112
93
107
91
98
108
85
103
97
87
102
91
101
98
86
99
95
90
112
96
94
108
88
103
102
95
105
100
95
106
88
105
100
89
106
94
94
108
89
95
104
92
104
92
95
100
88
99
96
90
108
93
97
100
96
100
104
98
103
96
92
98
87
103
95
92
101
91
99
107
94
106
97
86
102
97
94
105
87
102
95
94
101
86
97
97
88
100
103
91
108
96
99
102
90
104
97
92
104
87
98
100
81
91
88
78
92
95
98
99
91
105
102
100
108
95
101
102
86
99
98
88
103
94
104
96
91
98
93
97
104
95
99
102
90
104
96
92
104
96
98
100
87
103
96
97
107
94
101
98
84
104
100
92
106
92
102
103
96
101
96
87
99
85
100
104
90
109
104
97
104
95
96
104
87
105
95
99
100
90
99
102
85
103
96
90
105
92
98
99
91
97
90
86
93
91
99
100
85
102
97
89
104
96
91
104
86
101
94
100
96
88
95
96
75
97
88
86
101
84
93
97
87
100
95
99
106
92
107
102
82
93
90
83
94
89
87
96
77
95
94
96
95
90
89
101
83
103
96
84
97
84
90
97
85
98
94
94
96
85
91
96
81
97
92
95
106
95
100
100
88
99
95
94
97
83
89
97
81
103
89
91
96
87
101
105
96
104
100
98
98
89
103
93
89
100
90
93
102
85
97
97
81
94
89
90
97
84
94
99
80
105
91
93
102
84
91
101
81
95
90
89
95
85
95
96
77
95
93
91
106
81
90
92
84
93
91
91
94
82
90
98
79
103
90
94
99
83
89
93
77
91
86
85
97
85
97
98
85
101
87
88
101
83
95
100
81
100
92
90
92
80
89
99
81
103
91
89
99
86
94
105
80
99
87
88
96
83
93
95
78
89
79
79
99
83
92
101
85
102
104
97
107
96
97
101
86
103
88
90
99
87
97
102
84
96
95
98
100
96
98
102
92
106
98
95
105
91
98
101
85
100
100
91
106
90
96
94
93
107
99
93
107
94
105
109
90
106
90
91
94
89
96
93
88
104
94
96
100
86
99
102
90
104
98
91
103
86
94
97
88
97
91
93
99
84
96
101
84
97
87
85
95
98
94
100
85
98
91
95
99
84
97
93
86
97
91
90
94
85
92
94
88
95
85
90
95
80
90
93
80
99
90
98
102
93
101
102
89
105
90
100
100
83
93
92
76
95
93
91
99
84
95
98
86
103
89
90
97
79
94
98
79
97
87
86
94
83
86
94
81
101
89
98
96
84
98
98
84
102
91
90
98
81
91
90
84
92
82
82
82
84
97
96
85
104
95
95
103
87
99
90
82
95
89
93
93
81
92
94
80
98
84
88
99
83
92
99
88
100
92
93
100
78
101
94
83
97
87
85
99
86
92
95
78
95
90
94
95
83
89
98
80
98
81
82
89
79
87
91
89
95
94
87
98
81
94
91
80
90
85
83
94
86
89
93
83
90
86
86
93
79
90
90
86
99
84
82
89
76
87
92
83
91
84
83
90
81
96
85
78
91
84
81
94
77
87
93
77
83
76
76
84
77
89
85
81
99
83
90
102
82
97
99
84
93
83
83
89
83
91
87
78
88
86
86
97
76
90
92
84
96
87
93
92
81
91
90
76
98
81
86
94
76
87
88
80
89
84
86
92
82
96
90
81
94
82
79
91
73
83
88
78
89
89
83
90
76
91
89
83
98
83
85
90
75
86
96
70
93
85
81
94
83
92
89
82
88
83
79
99
77
92
94
84
94
101
83
96
79
91
92
83
93
88
84
96
76
92
98
75
90
87
85
91
87
89
85
79
88
83
85
95
80
88
91
79
96
91
88
96
76
86
82
83
92
86
85
96
76
92
95
76
92
86
86
92
85
89
89
78
91
87
84
89
72
83
84
81
92
93
82
97
81
94
97
84
94
88
96
89
75
89
87
79
85
76
75
80
80
85
86
79
91
83
92
93
82
98
80
78
85
82
77
89
76
85
88
82
89
77
85
92
78
92
89
76
95
85
85
94
81
94
89
81
96
78
92
95
81
89
89
76
96
83
86
94
79
93
92
87
93
86
82
82
72
87
92
77
96
85
91
100
75
87
91
84
94
82
86
91
78
88
84
75
92
82
85
91
78
92
99
84
93
82
79
91
76
100
90
79
90
80
84
95
82
91
91
83
92
82
85
90
74
92
82
75
91
64
73
86
69
77
80
75
87
83
84
97
77
100
87
81
90
85
80
97
79
85
83
74
87
82
85
93
87
92
93
81
96
87
81
93
78
85
86
77
90
81
84
85
71
85
78
69
85
82
82
97
73
90
87
83
89
80
85
87
75
82
82
73
92
74
79
85
68
87
94
88
94
89
92
94
76
91
88
76
87
78
79
93
73
84
84
76
86
82
81
91
78
88
87
80
94
79
89
95
82
83
90
81
90
83
79
89
78
93
86
78
88
77
80
91
72
84
78
71
83
81
80
83
66
87
77
75
98
79
86
92
75
85
85
78
94
80
85
88
78
95
86
85
91
78
80
96
71
91
86
77
93
87
83
91
69
86
88
84
94
85
81
99
74
93
99
76
94
85
84
92
82
92
91
84
85
74
72
93
71
89
87
79
87
94
84
99
78
89
92
87
92
79
80
89
71
92
85
77
83
81
81
93
87
90
88
85
94
81
90
96
72
92
86
81
86
91
86
97
73
84
79
75
90
78
79
91
75
92
92
79
91
84
78
88
75
85
78
79
85
77
81
86
76
85
90
89
93
90
84
94
72
88
83
87
87
83
88
92
78
90
87
81
89
77
76
87
81
91
84
86
86
78
88
90
78
94
84
80
91
82
86
91
76
93
82
89
89
80
86
92
71
98
78
80
87
78
90
95
84
96
85
88
90
84
91
96
70
88
79
72
78
74
81
89
77
89
90
93
98
81
85
96
68
99
83
85
90
83
86
90
76
81
78
78
91
79
92
97
78
92
84
86
90
83
82
89
73
87
78
76
84
67
71
79
67
90
86
85
93
81
87
103
78
100
84
83
87
78
89
86
74
86
84
75
91
77
77
92
71
89
82
80
86
78
84
93
77
91
86
78
89
80
82
98
80
91
82
78
81
84
89
91
77
88
83
81
93
75
79
81
73
82
78
81
83
84
88
95
80
93
82
80
88
77
79
90
75
86
82
77
88
80
91
91
74
88
80
81
91
77
81
81
72
87
89
84
87
79
86
91
76
91
84
84
87
81
85
93
74
84
84
76
81
75
71
80
66
76
68
75
86
75
84
92
80
88
93
86
91
80
85
85
79
89
74
76
76
73
80
93
70
90
81
86
91
83
92
88
79
87
77
83
84
77
81
85
66
80
74
76
82
75
80
86
79
92
82
77
90
72
81
84
70
84
72
75
79
77
77
89
66
88
84
83
97
78
90
97
69
85
81
77
82
73
80
86
77
85
75
77
81
69
79
82
70
84
79
78
85
82
81
90
76
88
78
84
84
80
83
84
72
86
86
74
85
77
77
85
76
85
75
79
81
71
81
85
66
80
78
76
85
77
81
85
70
81
71
75
76
69
74
83
64
84
81
79
83
72
76
76
76
80
76
77
78
74
78
82
61
69
74
73
82
73
79
81
76
86
85
86
87
78
82
89
72
88
74
79
79
63
64
68
71
79
78
74
79
73
95
86
78
91
77
84
86
76
82
81
73
89
79
80
82
64
81
80
72
91
78
81
86
78
80
88
73
86
77
78
77
69
86
84
75
83
71
68
84
70
72
80
68
88
81
83
88
75
76
79
64
83
67
68
76
69
78
84
65
82
71
80
82
73
83
78
70
79
70
73
84
69
80
75
70
86
78
82
82
68
75
78
68
91
77
76
85
73
84
89
74
88
85
81
87
75
82
89
74
88
82
76
89
71
80
83
72
81
79
71
81
69
77
86
74
89
78
80
87
74
87
97
75
86
79
72
78
72
81
83
76
85
78
80
89
81
85
83
78
80
84
78
88
74
85
81
75
85
71
76
82
76
83
92
76
84
78
76
86
73
86
80
76
82
77
67
79
67
69
68
59
75
79
79
85
74
84
84
80
92
86
78
83
70
83
84
