64
75
60
78
69
72
87
63
72
77
58
83
74
59
79
61
69
77
68
86
71
63
80
59
74
75
60
79
70
58
81
63
72
76
58
78
75
76
90
69
80
82
62
84
75
61
79
62
71
79
56
69
67
54
69
53
67
75
55
77
74
67
93
63
73
79
58
78
75
63
81
57
63
67
49
79
68
60
77
66
77
86
61
74
71
55
72
60
67
73
52
71
64
51
73
55
58
67
52
69
71
62
79
55
70
76
54
78
62
47
65
49
53
69
48
64
65
53
77
69
83
80
68
86
78
65
94
67
70
78
53
75
77
63
82
60
66
73
64
81
75
64
80
63
71
86
62
81
74
65
83
65
71
70
56
69
69
59
79
56
61
68
55
73
72
60
73
55
59
62
47
64
55
40
66
53
59
74
55
66
62
48
63
56
61
63
47
65
61
55
76
52
70
67
50
70
70
58
72
57
59
64
55
67
59
56
73
54
73
76
56
70
61
54
70
62
62
68
53
76
65
65
78
54
61
57
44
62
60
52
68
50
64
69
59
85
63
56
73
56
65
71
52
60
55
48
68
58
67
72
53
73
65
67
84
57
72
74
56
74
67
58
79
56
68
72
58
71
62
56
69
58
76
77
60
80
73
67
96
61
71
73
54
74
68
70
78
56
69
76
50
76
74
60
86
64
79
78
62
75
66
59
71
56
74
84
55
78
71
62
81
61
68
74
62
84
72
74
89
67
77
84
58
85
76
68
84
64
81
80
67
83
75
67
88
67
86
86
62
81
72
63
79
64
75
76
61
81
83
77
92
69
77
82
59
83
73
68
80
62
71
81
62
77
75
67
83
62
73
71
56
76
68
64
85
69
73
74
56
71
69
64
80
52
70
73
60
83
69
65
81
58
68
76
61
69
60
52
66
50
66
62
52
71
62
59
79
66
82
78
64
80
70
67
81
56
68
67
58
73
58
57
70
58
66
79
62
75
66
68
76
58
74
70
57
73
71
72
84
59
66
68
58
75
70
73
78
54
68
72
59
84
68
62
75
55
63
69
52
69
54
59
73
59
78
74
63
83
70
69
88
62
73
74
59
75
73
73
82
62
77
77
63
83
66
65
82
58
77
78
56
77
66
71
84
66
79
73
57
75
65
67
89
54
76
74
54
83
72
72
85
63
74
77
61
92
68
66
78
53
75
80
62
82
73
71
84
71
78
79
60
87
72
77
100
63
79
83
69
89
83
79
87
71
88
83
69
95
75
72
95
69
87
89
70
88
77
80
101
72
88
84
67
94
74
78
91
67
80
80
67
81
78
71
89
61
80
94
76
95
82
86
94
76
95
96
70
92
78
78
92
71
87
85
74
95
79
89
91
72
88
91
72
98
84
76
92
63
81
85
76
89
76
78
87
71
90
91
70
97
80
79
92
76
92
81
67
86
80
76
85
65
81
82
61
87
75
81
91
68
91
90
85
93
82
82
92
71
89
86
69
91
75
80
87
71
77
71
62
83
75
81
89
58
79
78
64
89
69
76
80
61
77
79
69
79
65
66
78
51
78
75
70
84
69
70
77
63
74
74
50
77
68
73
84
63
81
81
70
88
70
72
79
61
72
80
71
85
71
79
89
66
94
80
71
85
73
76
89
67
79
77
58
79
69
77
80
59
76
73
63
86
70
65
78
61
75
82
66
84
66
66
77
55
70
67
56
74
63
62
84
67
84
82
68
84
68
80
82
62
64
73
61
80
65
64
72
56
74
79
65
83
63
73
82
66
86
77
64
86
72
75
87
61
80
73
66
72
70
77
81
62
74
77
67
86
75
81
85
63
79
84
68
84
71
71
84
64
79
78
69
91
74
82
93
66
92
85
73
84
76
75
85
68
87
84
75
101
72
82
82
67
86
87
75
89
74
80
90
75
93
79
67
88
69
78
92
67
87
78
71
86
77
79
92
69
89
80
75
91
72
80
84
67
85
87
76
97
75
81
96
71
94
85
71
95
79
86
93
68
84
82
69
90
74
78
88
64
84
77
73
90
65
73
78
59
77
89
67
88
70
74
82
73
87
77
66
83
71
77
86
62
79
77
60
79
73
68
75
53
70
70
69
82
74
79
89
71
92
92
76
93
74
77
82
67
82
75
64
80
72
81
89
66
88
82
74
92
83
79
85
70
87
80
83
92
75
73
81
57
76
73
61
79
73
80
87
78
88
82
76
83
65
76
81
62
80
78
71
85
72
75
81
70
91
90
92
95
78
81
88
69
93
78
75
75
75
79
70
83
92
-426
-413
-453
-452
-447
-431
-436
-417
-417
-415
-416
-417
-411
-414
-416
-414
-414
-414
-414
-415
-414
-414
-414
-414
-414
-415
-414
-415
-414
-415
-416
-415
-416
-415
-415
-414
-415
-415
-415
-414
-414
-415
-415
-416
-417
-415
-419
-417
-420
-424
-429
-437
-452
-457
-457
-458
-459
-459
-459
-460
-460
-461
-463
-466
-466
-465
-463
-461
-460
-459
-458
-435
-384
-330
-296
-257
-230
-202
-172
-143
-117
-97
-78
-65
-50
-37
-19
-21
-11
3
18
28
44
41
52
62
71
72
77
85
83
87
86
88
82
95
87
89
91
85
96
96
97
89
99
92
98
92
103
90
84
90
82
83
86
74
74
74
68
62
64
58
59
52
51
50
38
48
33
34
27
25
16
22
13
1
-1
-9
-10
-12
-11
-20
-29
-27
-28
-33
-31
-42
-50
-49
-60
-66
-63
-76
-81
-88
-88
-91
-93
-90
-102
-101
-107
-107
-118
-99
-108
-109
-103
-109
-106
-102
-98
-100
-105
-107
-102
-106
-98
-102
-103
-95
-105
-103
-97
-102
-102
-99
-91
-93
-90
-96
-86
-87
-84
-80
-86
-70
-68
-68
-66
-61
-57
-45
-49
-45
-43
-53
-35
-36
-25
-27
-27
-23
-19
-17
-2
-8
-10
-3
-3
2
10
7
17
18
18
15
18
24
24
29
35
27
31
48
37
40
54
44
46
53
56
50
51
55
61
61
72
69
58
63
67
74
83
79
85
90
90
95
99
100
100
93
102
98
91
109
99
102
101
101
100
107
114
114
111
113
119
117
128
131
124
118
117
119
123
121
117
125
121
119
125
119
119
119
124
124
124
132
130
132
131
132
126
130
123
124
128
122
116
119
128
123
121
119
130
130
140
132
130
133
128
128
134
127
124
124
123
131
131
132
138
127
126
131
119
132
131
123
135
125
125
151
125
135
136
123
139
126
133
148
123
137
137
123
142
131
125
139
123
132
137
119
135
123
120
134
115
131
139
118
136
129
128
151
131
140
146
116
134
126
129
137
119
131
141
122
150
140
136
143
125
138
147
131
149
139
142
153
133
151
147
133
153
149
141
162
137
155
156
139
153
155
147
157
132
144
146
128
153
133
128
141
120
135
151
136
153
143
139
159
145
156
152
139
163
140
139
159
132
149
148
133
150
147
144
162
141
154
155
139
167
144
147
159
142
151
159
137
150
140
141
150
130
143
136
123
139
129
127
143
122
129
137
123
134
125
116
129
107
117
118
110
138
120
115
138
115
129
141
120
134
121
119
128
116
129
130
116
132
126
127
143
126
143
148
135
150
144
147
161
139
160
156
156
179
160
161
174
155
176
179
159
183
168
171
182
167
175
167
152
173
153
157
167
134
149
142
123
142
137
127
141
123
134
134
126
138
124
119
123
97
112
119
99
117
101
104
110
95
111
102
90
102
83
90
103
68
85
80
63
76
70
62
68
49
62
55
47
59
43
47
58
35
50
51
33
45
28
36
41
31
44
35
19
42
27
39
49
25
56
48
38
63
56
57
67
44
60
58
49
70
59
62
70
52
72
74
67
88
70
74
86
79
87
84
71
90
73
85
87
68
86
81
69
91
75
75
81
63
80
81
71
82
66
66
73
45
64
55
36
52
33
33
41
24
43
33
19
44
23
43
46
25
44
36
20
45
24
28
37
11
35
29
26
40
19
27
36
10
42
33
20
49
31
39
49
28
49
43
34
49
32
43
51
26
48
42
28
58
39
38
49
25
52
45
40
49
33
36
51
31
63
52
38
61
48
54
65
49
65
64
47
59
44
50
62
42
65
65
53
80
64
68
80
58
70
73
58
73
63
66
78
55
72
64
52
64
52
59
70
55
67
67
57
67
61
60
66
54
68
67
55
75
60
56
65
43
56
72
62
75
62
67
80
63
83
77
65
84
66
69
83
62
77
79
68
80
71
80
84
72
90
83
73
99
80
90
98
79
102
99
85
110
91
103
108
94
121
108
96
120
106
116
132
109
126
119
112
130
119
120
122
105
126
119
111
138
125
126
132
124
141
143
131
146
130
136
141
129
149
134
129
146
126
131
147
117
136
137
123
140
127
126
132
118
134
131
126
143
126
134
143
120
140
138
125
140
125
129
141
131
148
134
125
143
122
137
153
125
144
138
133
150
138
146
151
133
158
148
145
167
142
153
162
131
155
153
138
162
139
151
158
149
170
158
152
179
148
171
173
148
170
160
149
175
158
166
168
148
175
167
158
182
154
167
170
153
180
173
159
185
160
167
174
160
176
170
158
180
158
171
177
159
182
174
164
190
178
179
188
165
179
174
169
184
167
175
185
165
190
183
168
187
175
177
186
174
194
190
181
202
193
186
198
174
191
187
175
202
192
192
197
174
190
185
186
202
188
196
204
186
206
198
185
193
182
186
195
190
202
199
192
208
188
203
210
195
212
203
195
214
198
201
204
190
205
202
201
212
191
195
203
188
211
207
192
205
191
203
215
198
216
208
199
219
201
216
210
193
213
205
195
220
197
212
209
192
213
205
201
219
195
202
203
191
216
206
201
218
198
212
219
205
223
215
206
223
196
213
206
188
210
204
198
225
197
212
215
198
218
206
205
219
203
215
216
195
228
202
200
215
193
205
220
196
218
208
199
222
201
223
218
197
226
204
202
228
196
209
211
189
206
205
199
225
196
216
221
206
242
213
214
234
208
221
231
201
230
211
209
230
205
218
217
200
224
214
208
227
202
221
225
203
236
227
215
241
210
221
224
207
236
220
212
236
207
219
235
202
232
219
218
239
220
230
226
206
227
213
208
235
207
229
234
209
233
227
217
241
215
229
226
215
239
220
216
237
210
227
238
208
231
218
218
232
217
225
224
201
228
217
218
241
212
230
228
208
230
218
221
231
212
224
225
210
232
229
209
229
200
218
220
199
222
210
201
219
216
214
223
205
233
220
219
240
207
227
223
208
226
212
204
219
205
214
219
208
227
208
208
225
194
222
224
201
225
211
207
227
216
221
221
201
224
204
215
223
203
215
216
202
224
215
210
225
196
212
213
194
215
203
203
216
192
207
210
193
212
206
201
226
202
220
219
203
221
208
211
218
195
207
214
195
223
208
197
216
191
210
212
209
221
209
213
221
201
222
220
195
216
204
193
221
205
217
217
194
213
202
209
218
197
212
211
195
225
202
202
214
191
200
201
191
206
197
200
215
194
206
211
195
222
204
204
218
194
208
205
188
209
203
206
216
194
208
210
195
223
202
203
213
193
206
210
199
211
202
201
217
194
220
212
196
216
197
198
216
195
208
213
195
207
198
201
210
188
207
203
190
219
207
205
217
203
211
222
202
221
207
213
224
196
222
208
189
206
199
199
216
196
210
213
196
216
204
210
221
190
207
206
192
225
202
205
215
191
200
206
190
212
198
202
214
197
213
204
190
202
197
193
219
190
201
204
179
198
188
188
194
179
197
192
190
211
198
195
211
188
203
211
186
199
189
188
198
185
195
198
181
201
185
184
208
181
198
200
182
203
196
199
208
185
197
197
182
206
199
192
209
180
195
204
183
201
192
189
202
189
203
200
183
200
184
181
197
173
192
195
183
199
200
193
206
186
194
196
181
202
181
182
198
174
193
204
174
190
179
181
194
182
194
195
173
190
174
177
191
172
187
190
167
192
188
178
194
170
190
183
173
195
184
184
193
178
189
192
177
186
177
177
187
169
181
177
168
189
182
185
196
179
189
190
174
191
180
173
185
159
181
176
177
184
170
175
183
167
188
192
174
186
174
167
185
171
185
183
177
190
177
186
189
167
187
184
167
191
181
182
192
175
185
179
175
191
176
173
184
159
184
183
167
182
173
185
192
187
200
194
184
197
187
190
189
163
179
179
167
190
175
184
187
168
186
175
173
188
176
177
191
170
200
192
179
197
175
180
187
173
184
180
170
191
167
180
184
164
191
183
174
194
177
175
184
168
186
177
167
183
169
178
190
164
194
187
176
193
180
182
198
177
185
180
167
188
173
193
196
170
188
181
168
194
178
177
189
165
185
183
172
196
179
180
187
162
193
187
171
188
171
170
192
166
186
178
162
185
169
179
177
155
180
184
159
190
168
165
179
160
187
180
170
190
170
178
182
162
181
174
161
181
168
164
184
160
181
174
163
184
179
177
180
162
172
173
156
190
156
171
179
154
177
171
159
179
164
172
180
162
181
174
164
186
164
170
185
164
176
172
156
178
166
162
170
145
172
169
160
189
163
172
176
166
176
181
163
172
163
162
169
155
177
163
157
179
157
166
168
154
171
165
156
173
170
167
171
152
173
158
157
177
154
162
167
157
177
174
150
171
155
167
172
155
180
165
153
178
154
163
163
144
168
159
157
179
166
176
174
153
174
158
165
174
156
156
166
151
172
172
153
175
147
163
163
154
175
159
160
166
150
162
161
140
175
164
150
174
157
167
163
148
166
157
165
175
157
164
165
144
169
161
149
172
140
161
159
155
160
150
148
170
148
166
172
141
169
159
150
165
148
159
159
142
160
150
148
171
148
156
164
138
173
162
155
169
153
162
158
155
165
154
148
170
145
160
158
137
161
153
152
171
151
159
168
144
168
154
147
169
143
155
154
136
166
154
149
162
137
150
160
144
165
156
152
174
149
172
161
141
157
152
147
165
141
151
160
137
158
146
141
152
141
149
150
134
160
152
145
161
140
146
160
138
157
141
140
159
143
161
148
132
149
147
140
166
138
142
151
129
153
149
142
152
140
154
156
133
160
155
148
169
139
155
161
143
163
143
142
155
141
157
158
145
163
153
147
171
142
150
154
142
161
146
144
158
142
157
162
135
163
150
142
163
137
154
156
141
159
148
146
161
142
157
155
132
152
140
133
162
131
146
150
137
159
152
148
162
142
156
164
144
170
151
155
166
136
148
156
140
163
153
149
166
151
170
162
142
165
148
147
172
143
160
156
148
160
157
146
157
141
156
161
140
169
143
140
158
140
146
154
134
152
144
133
151
137
149
147
128
153
141
139
165
142
152
161
144
172
165
152
174
141
156
157
140
161
144
147
168
147
159
160
134
160
147
144
160
140
161
154
142
160
147
147
166
139
154
155
142
161
158
152
164
138
152
153
146
159
151
146
161
140
153
157
135
148
138
134
150
139
153
154
141
157
149
148
164
141
159
158
137
160
154
147
152
141
154
152
146
159
146
146
158
134
149
152
124
145
139
141
159
138
145
147
131
149
134
135
149
126
137
133
119
139
139
132
139
124
131
128
129
142
125
118
135
119
134
138
128
150
139
137
150
134
146
142
131
153
134
136
149
123
138
141
125
146
149
141
154
136
148
149
135
149
128
134
151
129
150
144
127
139
127
126
144
130
138
143
126
145
137
143
152
130
144
138
124
144
139
132
146
112
128
137
125
142
140
143
155
133
160
149
131
151
137
128
149
125
140
140
130
146
132
133
141
119
137
140
125
146
136
130
148
128
142
142
131
149
134
134
143
128
146
142
114
139
130
128
152
132
145
145
126
145
137
139
145
127
133
144
130
152
138
138
154
134
149
149
139
150
139
130
145
128
144
141
126
141
135
132
149
127
139
137
122
138
134
134
146
126
136
145
131
159
136
136
148
131
144
148
136
145
138
135
149
126
143
139
126
142
129
131
144
119
128
133
120
137
138
142
153
133
152
147
134
159
138
135
146
127
140
144
125
137
132
135
151
131
154
145
131
146
134
135
150
129
145
141
128
142
136
135
142
120
141
134
128
152
134
134
146
127
140
149
133
151
131
130
141
124
137
134
123
140
131
129
147
124
142
147
133
159
151
153
160
133
151
142
128
147
131
134
147
129
146
152
131
150
131
136
151
134
149
149
136
153
140
139
155
124
145
147
133
154
147
144
155
130
146
143
132
155
137
137
151
128
151
149
129
151
139
137
148
133
152
151
138
160
140
145
155
126
141
146
132
151
144
141
152
133
148
148
139
154
138
142
154
135
152
150
131
149
137
132
149
139
149
147
132
150
136
141
156
131
148
146
133
152
141
138
150
128
146
144
134
146
133
137
146
124
143
154
135
158
149
149
160
141
154
151
134
154
141
147
149
127
135
136
129
148
136
137
146
127
141
139
131
142
131
135
142
124
141
137
126
141
128
130
137
130
141
140
125
140
134
143
142
126
140
135
121
142
128
128
134
119
135
130
127
133
125
135
147
130
161
144
132
149
133
136
145
129
147
136
127
141
129
144
144
125
137
133
128
153
134
140
147
127
145
142
136
146
133
140
148
128
153
140
133
148
127
130
147
127
143
143
132
144
129
144
146
123
145
134
128
151
130
137
147
128
152
148
134
144
123
128
138
118
141
130
124
141
128
138
154
123
138
136
122
138
127
136
142
121
142
133
116
143
121
129
138
119
140
141
123
140
124
126
136
119
141
132
118
137
118
114
126
100
116
114
105
126
109
118
124
103
127
123
112
142
121
122
128
110
124
124
107
126
108
114
124
107
131
125
109
130
115
117
134
112
132
127
111
129
121
122
128
111
124
120
113
137
121
122
131
113
132
134
116
133
120
121
123
108
124
114
100
118
107
116
127
102
119
117
111
130
122
120
131
111
128
125
111
129
108
115
124
101
124
123
107
128
111
111
115
103
123
114
110
130
115
122
133
110
127
114
105
125
118
121
127
109
129
120
108
130
111
119
126
106
128
127
111
125
107
119
121
109
131
121
112
132
117
126
134
115
129
122
111
129
124
124
131
112
131
127
121
137
115
122
127
108
128
129
116
131
114
122
125
110
129
122
108
129
113
131
131
113
131
127
114
134
125
128
135
116
134
125
120
128
114
119
125
108
131
128
113
133
117
125
129
120
133
127
117
127
111
122
126
102
126
115
105
128
116
120
127
109
134
125
124
137
120
122
128
109
137
