71
57
60
58
56
71
62
60
61
54
59
67
53
55
54
56
65
58
64
64
62
65
65
62
69
64
69
70
57
63
63
63
62
49
54
49
51
61
55
50
57
49
65
74
65
78
65
74
73
67
72
64
57
60
57
51
61
45
58
58
53
60
58
62
67
64
73
68
67
72
65
63
63
48
62
63
58
58
52
55
58
62
65
70
61
73
63
67
77
62
73
70
65
74
64
60
63
55
63
58
56
65
57
66
75
64
76
77
68
74
69
66
72
65
73
65
57
68
61
66
72
58
61
64
57
67
69
64
74
60
71
76
72
77
71
70
75
65
72
74
65
74
66
65
73
64
69
68
64
70
60
67
69
57
60
63
57
67
61
60
70
62
71
71
75
73
65
61
61
53
66
68
61
65
61
64
72
72
74
67
61
61
66
73
75
61
69
64
56
66
56
54
63
57
68
70
64
73
64
64
76
56
77
69
69
72
64
65
69
62
59
56
55
56
55
71
75
60
70
67
73
82
80
80
74
63
68
70
67
68
62
61
66
58
68
58
62
63
62
59
69
59
73
70
65
75
64
78
71
63
66
66
67
80
67
63
63
44
68
67
68
73
62
64
71
59
75
66
55
56
49
55
68
53
69
65
64
63
55
64
72
65
74
67
61
75
66
66
73
60
69
73
67
70
64
65
78
60
71
63
55
65
64
73
84
63
72
68
72
73
68
71
76
62
72
63
62
79
68
75
77
64
77
72
65
75
65
61
70
58
75
70
71
75
72
72
86
68
75
78
70
80
79
70
75
59
71
70
71
78
75
77
86
71
79
90
74
77
70
70
80
66
82
73
74
73
71
64
79
56
75
78
75
83
76
77
79
72
81
70
74
77
68
65
72
55
66
62
57
60
54
62
69
71
80
77
79
78
71
73
89
63
77
69
69
72
76
68
75
62
69
68
63
70
68
72
74
62
70
75
74
77
73
67
74
69
81
71
69
73
64
74
75
64
72
62
62
67
73
67
73
62
69
70
72
68
61
70
70
63
73
75
74
77
69
66
66
61
69
59
55
54
49
66
71
58
65
61
53
70
64
63
65
52
68
61
65
66
52
59
68
62
73
75
69
80
69
74
73
73
79
72
67
70
62
66
74
58
60
53
48
60
55
56
60
45
61
58
67
71
67
70
75
63
78
74
65
70
58
61
62
57
61
52
58
64
62
68
74
62
73
69
68
73
61
62
67
57
62
60
65
71
54
58
61
50
73
66
67
68
64
67
73
63
62
61
55
64
55
63
55
51
59
51
54
62
58
54
70
68
74
72
76
78
69
73
74
62
76
68
64
71
66
69
78
69
78
66
67
67
65
77
75
67
77
73
76
83
70
80
77
65
74
64
72
69
63
73
74
63
71
65
62
67
62
65
75
61
66
63
63
68
64
72
70
64
71
71
73
87
71
75
72
60
55
62
64
73
66
71
76
66
88
73
73
78
67
75
83
66
74
70
70
71
65
71
66
63
74
69
71
81
67
75
75
68
77
76
72
77
65
73
70
61
76
65
62
60
48
60
81
63
76
71
68
79
69
83
78
63
76
70
65
73
59
63
69
61
69
77
63
73
68
79
76
70
80
70
76
84
70
72
85
67
80
71
71
77
79
80
76
64
69
71
69
82
66
73
76
67
79
79
71
68
65
65
64
60
64
63
64
73
59
61
68
59
73
73
72
71
71
73
73
66
73
64
69
78
65
75
73
65
71
75
63
65
61
64
72
71
76
70
73
73
64
70
80
67
73
68
72
70
71
73
75
64
73
64
69
70
63
66
65
60
63
62
63
69
66
74
70
73
75
67
74
76
67
77
76
60
67
58
62
65
65
70
71
62
70
67
78
78
62
70
69
63
72
70
69
73
62
64
65
62
69
64
70
71
60
72
75
64
77
72
67
74
68
73
70
63
65
60
68
67
50
58
62
55
73
70
71
77
69
75
72
69
70
63
56
63
51
68
68
60
66
63
57
63
58
67
71
61
66
64
72
75
63
72
73
63
73
68
67
75
61
72
74
66
71
60
58
68
58
73
69
64
73
67
64
73
57
58
60
52
60
62
69
74
65
73
72
62
75
69
67
74
63
66
71
68
73
69
69
70
61
72
68
62
67
67
66
75
60
63
61
60
68
66
69
72
62
69
71
63
74
66
66
71
60
61
65
61
66
58
56
58
47
64
64
55
60
52
58
72
66
75
75
67
76
72
71
70
61
63
64
60
69
58
56
66
61
65
74
62
64
68
71
59
95
-192
214
745
159
462
242
-222
269
-174
-158
143
-419
-78
-132
-446
-14
-390
-384
-67
-454
-257
-273
-455
-150
-446
-434
-157
-456
-317
-294
-452
-180
-444
-437
-166
-452
-306
-267
-457
-125
-167
-452
-425
-453
-410
-444
-372
-407
-344
-340
-284
-289
-250
-232
-199
-193
-158
-149
-125
-110
-95
-85
-65
-52
-37
-29
-28
-18
-11
2
5
14
18
26
24
38
31
36
37
39
45
48
45
48
50
56
57
62
68
68
64
72
70
75
82
77
76
71
67
64
68
73
70
72
75
74
71
83
78
80
73
72
73
80
73
75
73
74
68
67
72
65
63
68
67
71
77
71
74
77
70
73
68
72
68
68
67
67
58
66
56
53
49
45
49
61
51
58
54
55
59
61
62
62
54
58
53
51
54
50
48
56
50
51
54
48
48
50
46
51
48
54
55
53
53
56
47
61
47
50
49
48
47
58
53
50
42
42
40
42
47
43
42
45
41
41
44
39
33
31
33
26
32
30
31
37
33
33
28
38
23
32
32
32
22
33
19
27
21
25
21
20
22
23
19
20
17
17
25
19
11
12
10
16
18
19
18
19
12
16
16
21
17
17
15
19
13
23
19
21
19
19
16
24
14
18
18
20
14
19
22
25
24
29
32
26
37
30
31
39
26
34
31
37
23
30
24
31
29
40
32
38
35
40
38
52
43
40
42
44
38
49
46
50
47
47
46
43
45
49
48
56
51
55
60
64
57
62
56
59
57
62
60
59
54
58
58
71
62
58
62
66
69
85
84
86
82
83
80
83
85
83
80
84
83
81
89
90
81
88
82
84
82
85
86
92
84
88
89
95
91
91
93
93
83
92
86
87
84
86
86
95
92
91
90
88
87
94
96
89
93
88
94
93
91
104
87
95
98
87
101
110
92
111
97
99
100
93
107
99
93
112
96
101
113
105
110
117
98
113
111
107
114
102
106
111
104
109
100
96
111
98
106
115
94
113
102
101
108
106
102
109
92
109
100
102
111
95
104
99
86
100
99
95
109
96
102
114
112
121
116
116
119
109
114
118
98
112
104
107
113
107
103
112
99
117
110
115
116
108
115
117
107
121
114
111
117
104
107
119
110
120
113
109
111
99
112
121
105
120
114
112
121
114
116
123
107
115
107
116
111
105
110
120
110
120
115
114
117
117
121
123
119
121
114
112
115
108
117
121
109
120
112
113
116
110
111
112
102
114
105
113
117
110
114
119
105
124
117
122
119
109
114
117
114
119
114
114
120
111
122
121
102
118
110
108
115
107
114
116
105
124
119
120
119
110
120
121
109
129
120
117
115
107
108
119
114
122
118
120
124
115
130
129
116
113
117
115
124
114
118
122
110
129
118
122
120
108
125
127
116
134
126
125
127
117
124
125
115
129
117
119
131
113
125
121
108
118
110
114
129
122
129
132
120
136
129
131
132
120
119
129
114
132
122
116
129
119
123
125
113
125
120
122
125
116
125
129
123
132
134
125
133
120
122
122
110
121
113
121
122
110
111
114
103
126
113
108
118
109
114
121
105
112
106
108
112
103
117
121
107
125
112
108
121
113
113
118
108
117
123
116
121
114
119
124
108
127
116
114
116
112
117
130
110
117
111
109
120
114
124
123
110
120
117
118
125
119
120
123
112
121
122
120
121
111
116
113
105
112
106
112
116
107
116
127
116
130
123
123
122
121
122
116
107
112
108
112
122
106
114
114
107
121
117
119
119
111
116
122
117
129
122
115
122
109
118
124
109
124
112
113
114
111
112
115
106
124
113
115
120
108
115
114
105
113
110
105
108
99
112
114
105
119
110
110
112
109
121
120
112
117
108
108
112
110
118
114
102
119
110
115
118
104
114
113
105
112
108
107
119
105
114
117
109
116
112
114
116
101
113
118
101
112
101
99
112
103
108
107
91
106
96
105
103
87
101
106
96
111
98
99
112
97
112
106
111
111
107
100
105
90
103
103
92
112
100
100
109
108
108
107
99
103
100
102
108
98
105
105
99
114
99
98
98
92
107
109
98
107
107
106
114
99
118
108
104
112
103
100
106
98
101
106
87
105
95
113
112
102
111
108
106
118
106
112
111
100
108
110
100
109
99
99
106
100
113
103
100
106
104
106
116
102
112
116
104
116
107
121
112
104
108
109
101
116
108
106
113
98
114
104
105
112
100
111
112
100
118
109
98
108
102
102
112
100
114
109
105
107
103
105
105
88
104
100
88
115
95
103
103
87
110
108
98
104
96
95
109
90
107
99
92
107
93
98
117
92
109
101
95
104
105
105
104
99
106
102
97
113
98
103
105
92
106
109
94
100
93
101
109
97
113
105
109
119
113
119
122
107
110
109
99
109
110
105
112
93
111
99
96
112
103
102
112
97
107
118
103
116
102
103
111
100
114
106
97
106
106
99
111
94
106
103
98
110
110
106
114
109
109
110
105
105
103
100
108
95
107
109
101
110
100
103
104
110
112
111
102
107
99
102
113
97
110
102
102
104
107
100
106
100
107
106
99
106
92
110
108
93
110
106
103
110
107
113
112
106
110
106
99
106
97
105
110
97
100
95
95
102
102
91
98
87
103
102
103
111
103
104
110
100
106
110
99
105
99
96
99
88
102
93
98
105
92
108
104
98
107
106
103
104
104
106
109
94
117
106
116
110
97
97
104
96
114
110
100
114
102
110
116
106
118
107
109
108
101
108
117
96
106
102
91
110
103
103
115
102
116
110
121
119
113
108
122
104
122
111
105
113
106
110
116
110
112
111
105
109
109
115
123
102
122
115
113
122
121
116
119
103
115
112
117
118
116
112
122
103
126
109
110
113
112
112
123
102
109
110
102
113
99
112
116
100
113
111
111
121
116
110
114
90
117
109
115
116
107
107
113
108
126
118
118
114
111
111
125
104
119
114
113
113
108
108
115
111
121
117
112
122
115
115
127
110
117
114
118
113
110
105
114
105
123
105
99
102
95
113
116
101
115
106
118
117
118
127
118
105
115
107
103
116
98
109
111
99
111
104
105
108
101
102
109
97
120
107
108
109
98
104
114
100
107
101
101
109
104
102
106
86
108
102
105
118
101
104
109
95
107
106
92
102
90
96
97
82
108
94
102
99
92
102
107
95
114
104
98
106
102
106
105
97
109
99
103
108
96
94
111
91
112
103
96
105
94
108
106
96
108
105
100
107
98
101
115
92
110
100
95
105
101
101
104
90
100
93
93
104
84
90
104
83
105
98
93
104
95
99
107
99
105
106
103
109
98
101
104
88
98
92
101
94
106
96
107
100
102
100
99
100
92
100
100
91
104
101
98
96
92
93
104
94
105
98
96
104
96
107
110
97
108
103
95
107
105
98
101
86
106
94
109
103
92
100
102
97
110
111
104
109
103
108
110
101
100
90
97
92
92
106
100
93
105
97
95
102
98
101
106
95
108
94
113
106
102
103
103
90
111
99
97
101
94
109
103
99
101
94
106
107
100
110
106
90
112
99
99
106
91
109
109
99
109
103
111
109
105
108
107
91
120
103
105
112
100
104
110
105
111
110
104
115
103
117
106
96
111
102
105
109
100
96
113
97
108
102
105
110
101
113
116
100
113
106
99
103
96
98
106
98
105
96
90
94
88
106
97
83
102
98
102
113
100
105
109
94
109
95
102
98
91
101
101
85
105
90
91
99
91
100
104
92
106
95
96
98
91
104
98
92
101
93
95
110
89
96
95
79
98
94
101
101
96
98
99
86
108
91
97
94
89
93
99
84
95
94
92
94
94
102
97
92
108
93
106
101
86
95
98
88
100
94
98
92
91
96
94
87
107
88
92
94
84
99
101
88
97
89
92
100
90
97
96
82
95
87
90
98
85
95
95
87
100
89
86
93
83
92
88
82
97
83
90
92
88
91
99
83
104
93
99
98
92
99
86
82
86
84
89
99
87
98
95
92
102
99
97
95
94
103
98
93
106
91
98
101
81
97
95
85
102
90
96
95
97
99
99
89
105
91
95
107
86
96
96
78
93
94
85
91
79
90
97
91
105
92
93
103
90
101
103
88
97
82
89
94
89
94
98
87
100
85
89
96
83
96
92
89
99
97
91
103
91
97
95
93
101
87
94
99
84
101
98
85
94
86
92
99
93
96
93
88
97
87
95
93
85
93
94
88
95
99
89
99
84
93
93
89
93
89
89
93
83
95
96
79
94
89
88
92
90
94
91
85
96
89
101
92
85
89
98
86
98
92
94
96
91
101
98
98
98
91
95
99
83
102
93
90
99
84
83
85
82
85
87
82
95
88
101
97
89
103
98
90
108
92
97
93
84
96
94
90
94
86
85
94
86
104
93
88
99
86
92
100
85
93
93
84
97
85
98
92
85
93
88
80
99
86
92
98
83
93
93
91
97
91
96
92
81
98
89
80
89
81
82
101
80
91
90
88
101
89
98
96
82
97
93
86
104
85
91
99
83
98
94
93
99
88
88
95
77
97
92
87
96
86
92
106
86
100
97
81
97
88
91
96
82
90
95
85
99
83
81
92
82
91
97
77
91
91
87
98
87
99
94
91
101
92
98
110
92
102
95
87
89
92
94
97
85
97
91
97
103
90
98
99
91
99
104
92
99
88
95
100
84
97
86
87
98
85
92
101
82
94
95
90
101
92
97
94
85
94
92
84
98
88
90
90
78
87
97
85
96
83
93
101
90
103
94
90
92
86
88
97
82
97
88
90
94
94
89
89
85
94
91
90
98
83
92
96
80
96
92
85
97
84
89
92
90
92
88
82
87
75
87
93
80
93
91
83
92
92
87
91
74
86
82
81
88
78
81
89
75
89
86
75
87
81
81
87
81
86
85
79
92
81
84
93
76
88
84
80
88
87
85
91
75
83
83
86
90
79
79
86
78
90
88
78
87
79
77
86
76
88
83
80
88
72
83
79
64
77
72
69
80
76
77
87
74
88
79
85
85
82
77
83
68
87
83
70
80
71
72
85
82
87
85
78
84
79
85
91
75
88
85
80
87
81
81
88
77
84
80
83
79
79
85
92
78
95
86
83
90
84
89
88
80
88
82
78
83
71
87
89
73
86
79
88
98
87
90
96
76
95
91
90
92
80
86
92
77
94
84
85
90
82
83
90
70
84
82
79
87
77
89
89
78
92
87
80
94
79
86
91
78
91
88
89
87
77
78
85
77
95
82
76
88
76
79
90
74
84
81
80
84
76
91
88
79
92
81
76
88
75
82
89
74
85
81
83
89
78
87
87
78
97
81
80
89
79
85
100
77
89
81
80
90
80
85
91
75
92
89
85
100
80
89
94
82
94
94
86
92
80
81
86
72
84
81
81
91
82
89
103
82
95
94
85
87
82
81
85
72
81
78
78
88
70
74
78
68
84
88
77
86
77
84
88
80
91
80
81
84
76
81
92
74
86
79
74
81
74
84
88
74
82
82
78
88
76
79
85
70
82
82
77
84
73
81
89
81
88
83
74
87
78
79
89
68
80
78
78
84
84
80
83
73
83
79
79
88
77
87
81
68
77
80
78
84
73
82
82
81
85
80
77
75
68
75
83
70
79
75
77
81
76
70
69
62
72
72
75
78
72
81
82
73
84
85
79
88
78
84
85
80
88
79
76
84
69
85
90
76
85
83
79
86
81
84
89
76
87
79
84
83
69
78
82
68
81
78
72
80
73
81
77
76
84
75
77
85
75
87
93
69
79
67
64
74
65
77
77
64
78
74
83
85
77
80
84
73
87
89
77
85
68
78
80
74
84
78
81
91
78
88
85
68
87
81
79
88
82
84
87
77
86
83
82
86
66
81
83
70
88
77
75
75
67
67
77
75
77
72
70
75
64
80
73
59
72
74
74
83
76
77
83
80
85
73
81
76
67
77
77
67
87
75
73
77
72
79
83
75
81
74
80
79
67
82
78
67
76
69
63
77
69
72
75
64
81
73
82
84
74
77
77
66
82
74
71
78
69
62
72
61
67
65
66
74
69
85
81
73
87
78
78
86
62
70
73
64
71
69
74
72
60
64
62
59
91
71
74
78
64
76
82
71
79
68
71
74
67
79
75
64
78
66
64
77
56
69
74
65
75
74
70
77
62
70
72
57
74
66
67
73
62
68
84
72
81
74
71
83
72
81
71
63
68
71
71
83
67
72
75
64
75
78
68
79
67
78
73
67
77
66
72
78
66
72
86
69
83
70
73
80
75
82
78
73
81
76
77
93
70
74
75
64
75
77
69
73
69
74
73
72
86
78
77
88
75
79
83
67
78
70
68
68
72
73
76
67
77
74
72
83
67
80
81
67
80
81
76
77
68
75
79
76
79
73
74
76
67
82
79
73
80
74
81
78
78
82
77
68
76
65
75
72
64
75
72
68
71
73
76
84
74
81
86
85
87
76
83
82
68
77
79
70
81
80
77
85
77
83
78
68
85
73
86
92
78
86
88
79
93
88
82
89
76
91
85
87
101
77
82
85
72
83
83
75
90
82
81
81
75
85
77
74
82
77
84
85
75
87
86
81
97
84
84
79
69
82
87
80
83
77
77
91
75
96
82
77
88
79
81
87
78
85
88
74
85
77
78
87
73
90
81
78
92
84
86
91
79
83
84
81
85
75
77
85
69
89
73
62
65
74
68
83
71
74
83
75
89
83
84
81
72
82
75
67
81
74
71
79
65
72
73
74
82
72
75
80
68
86
79
71
77
75
74
84
67
80
73
73
78
69
71
73
61
70
76
73
83
70
71
81
66
79
76
69
75
70
64
71
61
74
77
69
77
70
65
89
67
78
72
71
75
74
65
76
67
77
78
65
82
65
75
78
68
77
75
