61
57
61
51
67
69
58
62
50
54
60
56
72
66
60
72
66
66
80
59
66
72
58
68
63
57
59
53
54
55
49
61
57
60
70
60
68
74
59
70
60
55
61
55
62
57
47
62
56
59
64
50
56
55
52
62
60
56
66
54
61
59
48
70
57
57
59
49
58
63
51
62
52
54
62
49
62
63
47
64
58
53
59
46
56
50
43
60
57
51
62
48
63
67
62
69
62
57
64
54
60
67
53
67
60
58
70
66
67
60
49
59
59
54
63
52
59
59
46
58
63
53
62
53
62
60
61
66
66
62
68
55
65
72
57
65
60
58
61
52
55
48
41
54
52
53
67
60
68
69
64
76
70
68
72
61
63
60
53
62
55
52
61
44
58
63
55
60
56
62
65
66
72
75
60
67
60
59
64
54
60
58
59
62
57
48
58
53
65
69
67
72
64
73
72
64
75
65
60
59
49
51
58
53
66
57
52
58
46
66
67
60
68
63
53
64
65
64
72
55
68
66
66
66
60
67
77
61
67
65
54
74
62
65
74
62
72
69
66
76
61
66
73
59
64
66
58
71
62
59
63
50
63
62
64
68
58
55
62
49
67
67
56
61
57
63
69
62
67
72
67
72
60
58
61
51
64
67
61
74
64
70
75
63
71
71
65
73
66
64
74
59
76
68
62
65
52
60
71
58
67
70
61
71
60
68
75
59
70
65
62
72
63
58
67
59
54
55
44
58
53
57
65
59
69
72
64
68
66
59
71
56
57
57
50
65
61
63
59
51
60
62
51
72
66
64
73
60
68
70
68
67
61
60
61
53
67
64
63
63
53
54
64
50
64
60
60
63
60
65
70
63
62
60
54
64
52
54
62
56
63
68
65
69
62
57
68
59
67
62
54
62
53
64
78
60
59
58
54
65
67
62
68
58
64
60
57
68
54
65
71
60
64
68
62
62
60
62
67
62
72
63
64
63
55
63
69
55
59
55
51
63
58
58
62
50
69
63
67
78
66
72
82
63
68
70
57
67
54
59
65
56
63
60
60
66
60
61
75
62
69
66
60
69
68
69
70
56
65
73
67
70
58
52
66
57
68
73
64
71
65
68
73
68
65
67
60
62
60
58
64
51
62
53
51
52
55
59
69
59
68
73
74
76
63
61
64
55
64
64
59
60
57
57
66
56
59
54
59
67
58
66
70
59
69
68
70
72
68
67
73
59
66
62
61
66
55
54
60
51
65
66
56
62
56
58
70
62
63
56
54
63
57
64
65
59
65
72
68
71
65
70
71
59
65
63
64
68
64
72
70
64
78
71
65
73
58
69
73
65
72
63
58
60
53
64
67
57
64
62
60
69
59
66
69
59
66
63
64
72
59
63
66
51
70
54
51
62
48
55
62
54
61
62
58
75
62
70
74
58
73
65
62
67
58
55
58
49
56
60
58
65
56
62
59
51
74
65
66
66
58
60
69
57
65
63
59
68
57
64
60
50
62
63
60
71
61
63
73
63
73
70
64
66
56
59
59
46
62
54
51
59
48
55
71
56
73
70
66
73
65
70
68
52
60
60
57
71
54
62
70
61
68
68
61
60
58
62
69
66
75
74
68
79
67
70
83
62
71
69
68
71
73
74
75
63
66
67
67
80
66
72
71
67
71
73
64
69
64
68
71
60
70
64
73
76
63
65
66
60
64
66
65
66
61
72
72
62
71
63
69
73
62
71
69
63
67
75
61
60
51
56
63
58
64
61
63
67
63
68
76
62
70
67
61
67
66
73
69
61
60
52
50
55
47
59
64
53
66
71
66
76
64
77
72
73
74
65
65
68
59
65
71
53
63
53
60
69
64
68
66
60
65
65
70
75
60
66
65
58
68
67
66
67
56
59
66
60
67
66
62
68
59
67
77
63
72
68
62
65
60
55
58
49
65
61
59
65
57
64
70
62
71
67
67
73
61
66
72
63
64
61
55
62
56
66
68
59
65
64
57
58
55
60
64
57
68
62
64
66
62
63
57
50
59
57
54
65
58
59
59
50
56
49
53
60
54
62
59
41
62
57
54
68
58
60
61
53
66
64
70
73
62
63
62
50
67
64
69
69
58
64
72
72
76
71
73
70
61
66
65
55
62
61
62
65
56
56
58
55
64
64
64
67
56
62
65
61
67
58
55
59
49
53
60
53
60
50
46
49
34
55
50
45
62
51
56
69
58
64
65
58
61
54
55
56
45
56
58
46
62
46
46
57
50
60
65
57
66
61
60
62
54
67
66
60
67
68
63
73
57
60
67
-304
142
-454
-458
-451
-414
-407
-398
-397
-397
-395
-396
-395
-395
-395
-394
-394
-395
-395
-394
-395
-394
-394
-394
-394
-394
-395
-396
-395
-395
-395
-395
-395
-395
-395
-396
-396
-396
-396
-395
-396
-396
-396
-396
-397
-396
-397
-398
-399
-400
-403
-406
-410
-419
-432
-451
-456
-457
-457
-457
-458
-459
-459
-460
-461
-463
-465
-466
-464
-463
-462
-461
-459
-459
-458
-444
-402
-369
-341
-303
-278
-262
-234
-215
-202
-179
-164
-159
-150
-147
-130
-122
-107
-103
-98
-89
-80
-83
-68
-74
-73
-70
-69
-70
-61
-64
-59
-59
-58
-61
-63
-62
-65
-69
-67
-68
-69
-66
-63
-64
-62
-63
-65
-68
-69
-75
-75
-79
-80
-83
-75
-84
-90
-90
-93
-92
-83
-88
-81
-84
-82
-84
-80
-80
-87
-92
-92
-94
-93
-90
-94
-94
-90
-97
-92
-95
-94
-93
-86
-88
-86
-88
-82
-85
-84
-83
-84
-87
-77
-83
-83
-81
-79
-80
-72
-73
-75
-77
-75
-69
-64
-56
-57
-54
-55
-53
-53
-45
-47
-53
-51
-51
-49
-47
-40
-42
-37
-31
-33
-29
-23
-23
-18
-18
-17
-18
-12
-8
-6
-6
-2
-3
4
8
8
9
11
12
16
20
18
15
15
23
25
28
30
28
33
30
36
36
41
33
38
35
38
41
48
49
51
51
52
50
50
54
54
62
61
55
62
68
71
71
76
76
79
85
89
86
91
91
90
92
93
84
88
91
98
95
107
102
100
102
104
100
105
104
103
102
104
99
103
105
109
104
104
105
106
107
113
110
110
111
109
114
118
111
119
112
116
115
121
112
114
108
117
111
115
107
108
107
116
112
122
124
123
125
128
130
132
128
124
117
116
113
118
120
127
119
123
118
117
114
127
119
125
123
126
126
135
128
131
130
128
124
128
128
128
127
125
122
122
122
121
120
126
124
125
130
131
127
127
124
127
126
124
120
119
122
125
121
130
126
124
128
131
125
131
129
126
117
118
118
120
123
126
123
126
122
122
128
126
120
122
123
127
120
122
113
120
116
121
118
124
116
122
122
126
119
123
119
120
116
119
117
122
119
119
113
115
103
111
116
109
109
107
112
117
112
123
116
120
122
117
124
132
119
123
118
116
115
113
108
121
109
125
117
119
122
117
116
126
108
120
123
114
120
113
114
117
112
120
109
107
108
106
110
119
105
117
109
113
117
118
111
118
106
117
111
111
112
103
107
113
96
114
105
107
112
108
114
119
113
126
117
113
117
104
108
114
95
110
100
101
110
105
104
103
87
103
96
100
99
89
99
102
89
107
94
94
97
82
88
96
80
93
87
85
85
72
78
80
71
83
75
74
77
67
70
71
55
63
53
56
58
49
54
57
45
65
55
47
53
38
43
46
33
41
30
34
34
24
42
39
18
36
23
22
27
19
20
24
9
21
9
12
16
5
7
12
-5
9
2
-3
1
-8
-8
-4
-21
-11
-20
-21
-12
-23
-21
-22
-37
-29
-36
-35
-23
-38
-28
-29
-41
-23
-29
-30
-30
-40
-39
-34
-48
-31
-51
-47
-42
-57
-57
-51
-62
-48
-50
-53
-49
-58
-48
-46
-58
-45
-60
-58
-50
-61
-59
-55
-68
-62
-64
-65
-68
-78
-70
-64
-79
-64
-69
-72
-67
-73
-72
-56
-74
-66
-75
-78
-76
-84
-76
-70
-83
-70
-76
-77
-61
-65
-59
-51
-66
-59
-58
-55
-57
-65
-70
-65
-76
-59
-69
-69
-66
-70
-64
-52
-72
-61
-66
-61
-55
-64
-53
-50
-58
-47
-53
-53
-46
-57
-52
-49
-58
-42
-46
-44
-38
-51
-46
-46
-55
-33
-47
-43
-39
-50
-43
-33
-49
-32
-43
-40
-29
-32
-28
-26
-36
-15
-31
-32
-21
-41
-27
-27
-36
-17
-21
-24
-23
-24
-17
-11
-16
-3
-13
-12
-13
-17
-9
2
-11
-2
-9
-9
-3
-1
6
13
-1
12
6
7
21
7
18
25
6
18
15
9
20
7
20
24
9
20
6
16
24
13
22
35
16
39
29
34
39
27
37
31
24
35
20
36
42
30
42
41
24
51
43
42
53
43
50
53
51
59
54
50
59
52
57
64
55
66
63
58
64
68
60
67
59
67
68
72
79
69
74
75
59
76
77
70
74
68
76
79
68
84
76
79
84
75
90
93
79
90
80
85
83
82
88
86
79
92
84
97
92
84
95
100
87
98
89
105
97
91
101
100
95
113
97
100
108
97
107
105
91
110
96
98
106
100
98
103
87
106
96
109
105
98
93
109
98
115
109
108
116
103
116
120
111
129
117
118
117
105
112
105
100
125
111
110
114
105
116
115
106
120
105
113
112
99
109
108
99
126
106
105
109
101
117
114
113
119
107
111
122
108
127
123
107
126
115
117
123
109
119
120
109
114
111
112
124
111
123
130
119
138
130
132
136
125
127
135
118
124
114
114
127
113
126
122
109
118
115
119
127
112
120
124
113
127
115
121
120
109
119
117
110
126
114
115
122
110
125
111
126
116
118
121
112
124
119
112
124
111
112
125
116
117
120
109
126
119
120
122
112
126
132
120
132
124
117
126
114
125
134
124
131
126
121
126
120
130
136
117
127
119
118
138
124
130
130
125
132
136
136
138
130
134
137
122
133
123
116
128
124
130
131
120
122
117
121
125
115
126
123
119
130
123
129
140
128
136
134
129
142
135
134
136
119
123
117
113
126
117
125
130
126
134
139
125
133
128
127
132
123
133
131
126
134
125
124
130
115
121
126
118
132
132
129
132
120
130
130
131
138
126
126
133
117
122
126
110
121
112
117
118
119
131
133
127
133
129
132
141
124
132
131
117
128
125
124
126
117
132
129
125
131
123
124
135
121
132
127
119
133
127
128
132
120
123
123
115
127
119
122
130
117
125
119
110
123
125
120
130
118
122
123
122
126
111
108
118
105
122
120
112
123
122
120
125
115
118
124
115
128
118
123
123
110
124
121
114
118
120
117
123
113
120
116
122
123
108
114
116
108
127
124
118
123
114
117
121
113
124
116
115
122
111
119
115
111
120
124
113
117
109
117
117
101
112
107
110
119
117
117
125
112
128
124
114
122
110
116
120
110
124
107
103
113
111
118
120
108
121
116
112
126
114
118
119
107
119
114
114
119
117
117
117
101
121
110
115
119
110
117
126
117
124
120
115
127
117
120
122
103
126
112
110
123
104
109
116
106
126
122
119
130
126
124
128
115
133
122
116
116
112
110
125
109
120
116
109
120
110
114
124
107
121
119
116
125
118
116
126
109
125
123
111
119
110
112
118
108
123
115
109
112
108
110
127
109
124
114
108
115
111
112
110
98
107
117
110
125
109
116
125
111
121
115
110
117
114
111
122
112
126
120
116
123
110
119
127
111
124
116
114
118
117
109
117
95
120
111
110
121
109
113
119
109
120
126
111
118
114
113
121
108
121
112
116
116
106
102
114
103
119
109
111
114
117
117
127
114
124
117
117
120
108
112
113
106
118
116
103
108
102
105
118
108
116
109
118
116
112
114
115
103
117
107
105
112
107
112
114
99
114
98
103
111
104
106
115
101
120
116
109
115
100
108
112
103
115
101
103
106
103
102
111
91
115
105
110
111
107
111
113
98
107
104
106
107
98
102
110
93
118
106
105
105
98
100
104
102
111
105
100
110
96
106
107
97
113
101
103
103
98
97
105
92
114
94
102
104
89
104
102
90
108
105
93
100
90
97
107
89
109
98
92
109
98
109
112
96
105
98
88
105
95
98
107
92
110
97
102
105
94
103
102
89
106
100
92
107
94
99
99
89
99
97
96
96
96
102
100
92
106
95
97
104
93
97
97
91
97
91
96
90
88
90
87
83
101
90
87
100
87
101
95
100
103
97
91
99
85
97
91
80
98
90
91
97
82
91
92
86
96
86
92
98
86
103
98
83
104
85
94
93
86
93
99
86
95
91
82
89
82
91
94
85
94
87
92
101
85
90
89
73
85
79
79
84
76
91
87
81
90
80
89
96
84
90
97
74
93
83
85
90
78
94
89
79
90
80
79
91
73
76
79
64
88
81
83
84
75
82
83
76
92
84
75
88
77
84
86
73
88
80
82
82
75
82
90
75
86
76
70
87
68
79
84
72
84
84
78
82
75
80
86
74
86
80
66
71
63
73
80
68
77
80
75
84
76
79
83
72
83
80
77
86
72
82
78
68
73
73
66
80
66
76
81
72
86
72
74
80
67
77
82
71
75
74
65
74
67
67
67
58
71
73
78
83
73
82
89
80
86
86
72
80
65
71
68
64
75
72
68
73
64
68
79
66
75
70
74
76
75
79
77
72
77
77
74
78
63
69
73
66
76
68
70
72
63
76
72
71
79
77
78
81
67
73
73
60
65
57
61
66
66
77
79
68
73
67
73
76
68
78
73
65
70
72
71
77
69
72
76
72
83
69
72
79
68
78
73
64
76
72
73
79
73
73
75
65
79
67
78
80
61
68
70
60
70
70
69
71
61
68
65
64
78
66
67
69
59
72
79
69
78
72
74
82
73
82
82
70
84
72
77
77
62
71
75
68
83
81
72
82
71
84
84
73
82
69
74
82
70
82
83
67
81
67
68
80
69
81
77
70
81
80
84
86
70
77
81
70
87
75
70
78
69
71
68
62
61
65
72
83
73
86
81
73
87
79
78
85
75
78
80
74
79
77
81
83
67
76
73
70
90
79
77
85
77
90
90
83
92
80
88
87
75
92
83
80
91
84
84
92
75
84
86
78
87
82
90
95
80
87
84
75
89
77
82
83
74
88
91
85
91
82
81
85
80
85
87
80
89
86
86
97
78
91
89
81
91
84
87
92
82
93
86
79
94
81
90
96
83
99
96
86
103
86
94
98
87
101
91
88
99
85
93
106
81
98
90
84
95
94
90
94
80
93
91
86
103
91
93
101
84
99
99
85
97
88
88
97
79
91
92
85
98
87
91
105
85
103
96
91
100
94
94
104
83
100
94
93
100
88
90
93
87
97
99
89
102
91
96
101
96
99
94
93
102
89
94
103
80
94
93
83
93
91
92
102
87
102
97
98
102
94
96
97
81
97
96
86
96
86
90
101
92
98
92
93
102
95
103
105
90
105
101
97
105
103
96
105
94
104
99
102
103
96
100
104
91
103
102
102
104
98
100
101
105
108
100
94
101
91
98
103
92
107
101
101
109
102
102
103
92
107
102
104
106
98
105
111
99
115
104
98
105
95
103
105
96
107
102
96
99
90
102
101
93
109
100
97
109
103
102
108
91
108
100
103
104
96
100
105
92
108
95
93
102
90
97
98
89
105
97
100
107
101
111
111
95
110
104
95
111
97
100
104
90
108
97
106
110
101
106
113
96
118
107
105
115
105
108
114
101
108
103
103
110
97
102
105
91
112
103
102
113
105
107
117
100
116
113
106
108
99
96
108
91
117
105
101
111
102
100
118
101
117
110
107
114
106
110
116
99
110
104
104
118
107
107
121
105
115
111
107
107
107
112
118
104
119
111
110
117
109
111
123
105
116
110
109
112
106
112
119
103
116
109
110
123
112
109
113
97
111
110
111
114
107
115
119
105
119
111
112
119
116
109
121
95
112
103
106
109
104
111
120
106
117
112
108
118
105
107
113
101
114
115
114
114
105
109
114
105
120
115
114
118
112
117
128
113
122
113
111
117
113
110
114
102
115
101
100
103
91
108
114
102
118
117
113
122
113
120
126
111
125
111
109
114
103
110
124
100
115
109
106
119
114
116
119
102
117
110
116
126
114
115
123
106
117
117
109
117
110
116
118
108
119
113
110
119
108
112
127
107
123
119
113
116
108
106
113
96
114
108
112
121
108
110
115
106
120
116
110
115
108
110
118
110
118
111
109
115
111
114
123
104
119
110
108
114
103
112
121
105
119
114
115
121
110
116
121
104
120
115
111
116
110
112
118
108
112
106
105
114
107
115
116
101
113
111
110
119
119
116
123
113
125
119
125
122
115
121
119
105
114
112
108
113
108
111
115
115
120
113
116
118
110
119
117
103
115
110
113
115
106
104
108
97
112
105
115
114
107
117
117
104
120
108
109
112
99
111
114
104
116
105
100
104
93
112
111
101
115
107
112
121
113
116
121
106
114
105
113
110
101
110
113
100
118
103
104
110
104
112
118
106
117
110
116
120
113
127
121
106
124
114
116
123
110
117
119
105
119
108
117
119
110
115
117
102
129
115
111
119
102
110
116
101
116
110
115
122
108
120
121
106
120
115
110
120
104
109
115
103
120
115
111
115
104
109
114
100
118
109
106
109
99
99
117
101
118
110
107
113
108
112
117
104
110
108
105
117
95
112
113
98
113
107
101
102
102
106
110
100
114
106
103
110
102
114
120
105
118
115
113
115
107
112
111
100
105
97
102
113
100
108
111
100
115
114
108
114
103
111
113
101
116
106
109
114
104
107
111
96
109
105
104
111
103
111
119
104
118
108
107
115
100
108
106
98
110
113
101
105
90
95
104
98
113
104
107
113
110
116
115
101
114
103
102
108
101
108
108
103
107
100
102
107
97
107
110
99
121
109
105
109
96
108
111
104
116
101
105
104
95
109
109
88
111
95
97
106
97
104
104
94
109
99
101
106
91
100
101
89
109
99
97
106
97
105
111
99
104
95
97
104
88
103
96
91
109
99
101
104
99
101
104
92
112
103
105
109
93
101
97
93
110
97
101
107
95
106
106
98
109
102
95
105
91
109
104
93
108
97
93
103
83
95
103
87
105
93
104
105
107
109
108
98
113
110
104
112
96
105
107
100
107
101
103
111
101
116
113
102
113
109
104
120
108
111
112
93
115
105
109
107
98
111
107
95
111
104
104
111
97
106
104
108
112
106
114
109
96
108
105
89
105
94
113
108
93
102
94
99
106
106
113
112
99
112
114
99
119
98
106
108
96
110
108
105
113
106
100
106
92
112
106
101
112
100
106
117
100
107
109
97
114
105
106
111
99
110
108
102
124
95
101
104
97
106
110
95
107
95
102
100
91
