61
73
73
67
77
66
67
76
60
69
71
60
74
64
74
77
62
72
80
69
82
71
69
77
62
69
63
59
65
56
55
60
54
70
71
59
65
66
66
76
64
74
70
62
69
69
70
75
62
64
68
60
71
70
69
78
63
77
77
74
82
73
75
78
63
74
74
67
78
67
68
70
59
62
58
55
67
70
74
78
65
79
79
77
89
71
74
73
65
75
73
69
70
60
56
61
49
69
66
64
74
67
71
76
66
73
71
62
69
61
64
70
55
64
61
56
66
55
55
60
54
67
72
64
75
62
70
69
59
67
60
56
65
64
66
74
63
69
70
59
71
65
73
72
61
67
71
68
81
72
71
79
63
74
76
66
77
65
77
74
67
72
68
65
80
67
75
79
65
81
72
71
83
71
74
75
67
75
72
65
78
61
61
60
45
64
63
54
55
51
56
57
56
69
64
61
73
64
69
66
57
65
64
61
62
59
61
69
64
76
71
63
75
66
74
75
62
72
78
66
73
61
62
73
63
74
71
59
69
62
69
75
59
66
70
64
75
67
63
68
58
67
63
56
59
55
55
62
51
55
66
61
70
66
67
75
69
77
70
68
65
64
68
73
62
69
71
67
75
65
64
65
60
68
57
30
23
14
17
20
11
25
20
18
30
23
34
35
37
45
38
32
44
35
50
58
40
56
49
51
56
50
56
52
43
54
53
55
63
55
63
70
58
67
59
55
64
61
64
65
56
63
62
58
69
60
66
72
59
67
60
59
66
62
59
62
51
70
66
71
72
63
69
75
65
81
71
68
77
67
68
72
59
70
69
69
74
56
66
67
57
63
54
51
60
62
63
70
62
74
70
76
73
59
65
70
60
74
64
59
67
62
69
75
66
82
71
77
79
68
76
81
61
71
67
63
76
66
73
78
58
68
62
66
75
67
72
80
62
80
69
70
80
66
75
80
64
73
61
56
61
54
59
68
52
73
68
70
80
72
75
76
59
71
69
63
62
58
54
61
48
69
60
58
59
52
54
68
59
62
59
58
63
58
66
74
58
73
68
67
75
64
66
75
51
68
69
67
67
61
65
72
61
77
65
70
72
68
71
79
67
79
71
80
79
73
85
84
73
81
69
75
78
70
71
78
64
81
71
75
76
66
71
75
64
77
68
71
76
62
67
76
56
71
65
73
75
70
77
77
67
81
70
70
76
61
67
74
63
81
71
67
67
57
58
64
54
66
58
60
67
63
71
82
64
76
68
69
75
69
69
70
58
69
60
58
59
56
64
75
61
71
73
72
79
69
76
79
67
83
70
71
73
66
73
72
59
68
62
66
76
70
78
82
67
83
72
76
78
66
70
70
57
67
61
58
64
55
57
62
54
70
71
75
79
69
81
85
68
81
66
73
80
74
77
79
69
82
76
77
75
67
72
79
67
82
75
73
81
71
78
85
74
82
76
77
81
69
75
80
63
72
65
63
64
70
72
72
61
68
63
67
68
58
61
64
58
67
65
65
67
67
73
74
65
69
63
63
67
62
70
72
67
78
70
72
73
71
74
73
62
76
70
83
79
67
70
67
64
81
71
75
81
72
81
84
77
84
70
73
75
66
80
73
63
74
64
69
69
55
65
69
61
69
64
77
75
69
77
78
66
81
68
69
70
58
64
72
60
66
62
63
71
69
83
78
66
81
70
70
78
67
72
72
58
67
61
62
63
55
60
60
48
64
58
58
60
50
60
63
56
69
62
61
60
48
61
56
44
58
53
61
66
55
63
60
59
74
68
73
76
65
72
74
66
83
69
71
74
66
74
78
67
78
62
63
64
58
68
73
63
74
69
72
80
65
73
74
61
73
68
68
72
62
71
76
66
79
67
69
78
64
72
79
64
78
66
69
76
70
79
78
70
81
72
74
82
69
73
70
62
68
73
72
72
65
74
80
70
81
73
71
77
65
72
78
67
76
73
75
76
70
74
75
69
80
70
70
79
68
76
76
70
75
71
69
73
60
68
68
65
73
58
58
55
49
64
67
62
70
65
72
76
73
80
72
67
75
63
66
73
59
68
66
58
68
64
68
75
64
76
73
68
78
66
70
73
59
72
74
64
78
64
68
73
64
70
65
58
72
66
73
78
59
65
67
59
71
69
66
65
51
60
55
53
66
64
68
76
61
70
78
66
80
68
70
72
67
77
76
68
75
67
73
78
63
67
70
66
76
66
65
67
56
66
70
62
72
62
62
70
61
74
71
62
72
63
66
75
66
77
75
62
72
67
69
60
90
-328
-273
-398
-456
-457
-455
-454
-455
-452
-453
-454
-429
-445
-427
-421
-434
-416
-425
-423
-414
-427
-417
-415
-429
-415
-423
-423
-416
-429
-420
-419
-431
-420
-426
-433
-422
-437
-431
-427
-449
-434
-456
-459
-446
-456
-460
-460
-461
-461
-462
-462
-462
-463
-463
-465
-468
-471
-470
-467
-465
-463
-462
-460
-460
-425
-376
-338
-298
-263
-238
-205
-187
-163
-143
-134
-114
-95
-83
-67
-48
-38
-30
-24
-14
-1
7
14
19
27
38
36
45
52
47
53
56
57
61
69
71
75
73
70
71
70
72
71
77
79
79
80
88
83
81
83
78
78
83
77
79
81
81
79
85
84
80
74
81
82
77
79
72
68
70
67
68
73
69
70
66
66
63
56
61
59
53
50
50
46
55
48
45
44
38
36
36
36
32
27
27
26
20
18
15
11
10
9
4
6
-5
-14
-11
-15
-19
-19
-21
-20
-21
-20
-19
-23
-21
-28
-30
-32
-35
-33
-29
-38
-44
-48
-53
-54
-51
-49
-51
-51
-51
-53
-52
-44
-53
-58
-61
-63
-62
-59
-61
-62
-61
-63
-65
-69
-67
-71
-69
-61
-57
-61
-51
-55
-57
-56
-55
-54
-52
-51
-51
-51
-53
-52
-50
-42
-46
-52
-42
-44
-35
-24
-25
-22
-19
-17
-10
-8
-4
-6
-12
-6
-6
-5
1
0
6
8
10
11
17
12
20
20
20
22
25
29
29
30
31
35
29
35
32
31
38
32
40
45
42
41
45
42
51
52
57
58
59
64
72
69
75
69
68
68
71
71
79
81
85
83
85
86
81
90
87
87
88
81
89
99
94
93
100
93
100
97
98
99
101
98
103
104
106
103
103
108
112
110
116
118
119
118
120
121
125
126
127
126
123
126
126
132
134
131
129
127
120
124
125
127
127
123
133
126
136
144
141
149
150
143
158
147
142
147
137
144
144
134
144
138
143
149
145
154
149
139
151
147
145
153
146
141
148
140
154
150
153
157
142
152
153
143
163
152
154
166
150
161
163
153
166
154
156
163
151
161
157
140
158
149
146
162
139
152
158
153
168
162
166
165
157
167
164
144
169
153
160
163
154
166
163
151
164
153
159
163
150
165
162
149
167
159
165
170
157
159
166
155
171
163
163
167
158
174
165
152
168
154
165
165
152
167
168
149
168
158
160
161
152
171
165
158
183
161
169
181
161
165
164
153
171
161
160
168
155
174
173
164
181
164
166
175
163
170
176
160
178
164
166
163
153
172
167
161
171
163
161
174
158
172
171
151
171
163
160
163
150
162
156
149
162
148
145
160
139
156
164
138
158
152
153
160
146
157
160
142
159
147
145
159
145
152
147
139
153
162
145
155
142
150
161
141
159
156
150
154
141
153
151
139
149
149
144
151
137
144
147
136
150
139
143
149
133
148
146
137
142
142
135
140
125
128
132
129
138
123
117
123
114
127
132
123
129
124
119
124
112
115
106
103
108
96
101
103
95
109
105
93
103
92
93
101
85
99
91
93
99
86
81
91
77
85
91
75
90
79
78
85
76
78
72
59
76
73
77
76
64
73
71
58
69
61
56
63
51
68
61
52
60
51
50
53
38
47
46
35
41
31
41
39
35
38
39
25
38
30
33
28
16
34
23
22
26
24
24
28
20
28
28
19
30
19
24
33
11
32
16
13
22
12
13
20
9
18
14
-7
8
-6
6
9
-10
2
4
-1
13
3
2
11
-5
3
-6
-12
-3
-14
-11
-7
-20
-9
-14
-25
-9
-16
-19
-2
-20
-9
-7
-22
-7
-12
-15
-12
-26
-19
-16
-29
-10
-25
-28
-23
-40
-23
-27
-34
-22
-31
-35
-24
-39
-22
-28
-42
-23
-42
-36
-27
-44
-30
-33
-38
-31
-34
-29
-29
-36
-22
-25
-31
-12
-28
-31
-23
-34
-19
-20
-31
-26
-31
-30
-21
-31
-19
-27
-40
-18
-31
-27
-15
-23
-15
-13
-22
-6
-11
-7
-3
-19
-7
-12
-16
1
-2
-1
-3
-12
-2
-1
-10
4
-4
3
5
-4
9
-2
-3
11
1
6
18
6
17
18
12
27
20
24
19
6
16
18
13
29
19
18
28
14
29
31
21
35
20
32
27
27
38
26
23
35
20
24
39
19
39
30
31
42
35
40
41
35
42
43
37
54
40
43
47
33
50
47
37
40
37
43
52
43
56
50
46
64
57
61
62
49
58
54
47
56
57
60
65
54
65
62
51
72
62
61
69
60
71
74
72
84
72
75
82
69
85
73
72
90
79
85
88
72
86
89
85
100
95
92
101
85
103
90
89
97
91
94
97
85
100
101
92
108
97
97
109
104
116
109
102
106
106
109
116
97
112
110
103
117
109
109
112
108
116
112
112
115
113
114
123
107
119
117
114
127
117
120
118
120
124
119
117
123
115
126
125
105
117
110
111
124
113
111
112
112
121
122
130
133
126
128
134
123
137
134
131
139
123
113
121
113
126
126
125
133
123
140
143
129
144
134
133
143
135
137
145
132
146
144
134
140
126
131
137
134
145
145
140
152
141
143
153
134
147
141
139
150
137
150
147
137
142
136
128
150
142
147
155
140
159
161
155
165
151
154
157
144
160
146
141
158
150
154
161
139
156
153
151
160
146
156
156
144
159
151
145
164
144
148
153
140
151
150
149
155
145
142
150
138
159
156
143
155
148
156
160
142
156
147
139
147
138
141
151
140
156
149
144
155
139
150
150
140
150
151
142
151
138
147
154
138
158
147
145
150
144
148
158
141
145
144
132
149
143
146
150
142
154
149
144
155
147
147
157
140
150
151
145
154
145
146
148
137
148
146
140
147
142
144
159
141
151
149
150
152
146
153
150
142
151
147
142
153
139
145
144
137
152
147
142
148
138
148
146
142
154
143
137
143
136
139
150
136
150
138
139
145
140
145
149
139
153
150
146
157
140
156
154
139
153
146
137
142
136
139
144
128
151
134
135
151
139
154
159
144
159
151
147
155
149
147
152
134
155
143
148
149
138
146
145
133
145
147
141
152
140
146
151
140
157
144
147
148
137
141
152
133
146
144
138
147
138
140
146
133
149
143
144
146
139
138
146
134
144
138
132
145
132
139
145
138
152
138
139
144
133
140
148
128
145
130
139
150
143
149
144
134
145
141
144
148
141
141
151
129
144
132
131
139
134
139
144
136
147
143
141
149
139
143
145
130
149
139
139
144
143
140
140
118
131
134
136
140
130
139
142
132
147
144
136
146
145
144
152
140
149
144
147
147
135
145
144
139
155
145
149
150
145
146
153
139
145
140
144
145
136
143
142
136
149
138
133
132
128
137
143
131
142
134
139
147
139
145
143
131
146
137
134
143
130
139
140
130
144
131
145
148
142
147
147
133
153
141
142
147
128
142
145
134
151
138
144
147
140
147
142
126
143
137
139
147
135
144
146
135
146
138
139
150
133
137
140
125
147
136
134
136
124
125
140
130
140
131
130
140
129
140
144
123
139
132
136
144
131
135
141
131
140
133
135
138
130
139
141
130
148
136
138
140
133
135
146
126
136
128
129
136
129
138
135
122
130
136
132
143
131
135
143
130
146
141
138
141
126
131
135
122
132
128
129
135
123
120
128
115
132
129
129
136
134
145
148
137
151
141
143
148
131
136
141
134
144
139
134
134
126
127
135
131
141
132
132
142
130
135
141
124
132
126
127
129
129
131
133
121
125
114
109
127
116
123
127
115
125
126
120
127
118
126
125
114
124
113
120
124
118
135
134
127
134
136
137
145
136
142
138
126
135
130
136
138
130
135
136
124
134
133
130
133
118
127
123
123
130
127
130
137
127
135
140
128
150
129
135
138
132
138
136
128
141
128
134
136
117
129
135
122
135
128
127
133
123
133
137
128
139
128
134
138
125
134
138
119
127
114
113
122
119
127
127
116
133
128
131
136
123
125
127
119
133
128
129
129
120
122
125
112
123
117
121
128
120
127
126
115
129
125
125
127
124
128
134
121
131
122
126
122
114
124
124
117
135
129
131
134
126
130
136
129
135
121
120
122
112
125
124
113
129
121
119
123
115
120
126
114
127
121
128
131
123
127
125
116
127
117
116
122
114
124
127
116
126
110
112
117
110
128
127
113
122
114
119
124
112
115
115
110
121
113
120
125
114
117
117
105
123
114
115
116
104
115
117
111
123
115
116
120
112
126
119
112
121
112
118
124
110
118
116
113
123
110
115
117
108
120
117
113
128
116
118
120
109
119
121
111
126
110
113
114
107
122
115
109
122
114
124
131
123
130
128
123
133
122
124
122
112
125
120
110
126
108
114
122
114
124
131
122
132
123
127
132
119
130
129
115
129
122
122
133
119
122
116
102
122
114
120
121
110
120
122
114
129
120
115
121
111
121
123
108
121
112
113
120
110
115
121
115
130
123
123
131
119
123
121
111
121
119
118
123
112
120
120
117
129
117
116
116
110
121
129
119
125
118
121
126
122
127
121
115
125
114
116
125
112
125
123
114
125
119
123
128
121
125
121
117
124
113
119
118
108
122
121
109
121
116
118
124
116
118
112
99
116
107
113
117
107
119
116
110
124
118
117
121
108
123
122
117
129
120
118
120
103
114
115
111
119
110
113
117
113
119
116
108
119
108
117
117
106
117
112
106
116
102
106
106
101
112
111
113
120
114
119
123
112
125
124
112
121
108
111
113
107
118
109
103
112
105
118
120
106
121
115
110
123
113
117
119
106
120
114
112
118
105
115
114
100
116
109
100
117
107
113
120
110
123
117
107
121
106
111
112
94
108
101
99
117
108
108
110
95
117
112
108
114
99
104
109
97
114
111
98
112
99
103
110
98
108
106
97
107
98
103
108
100
110
108
103
118
106
107
114
103
112
111
107
116
105
110
110
101
115
106
101
108
102
106
116
102
112
108
104
118
110
120
117
108
121
116
108
122
110
112
116
101
111
107
107
115
107
115
116
106
125
118
116
122
108
115
119
108
116
111
110
119
106
115
111
96
115
110
107
123
109
113
117
105
118
112
105
115
102
110
111
99
114
105
99
107
93
99
107
97
110
105
103
114
106
112
113
101
108
104
101
115
100
106
110
100
113
112
104
115
105
116
117
107
125
114
113
123
112
123
129
114
121
112
107
114
107
114
110
98
114
105
106
123
105
112
116
100
116
114
109
116
98
105
108
97
111
107
108
120
106
112
120
100
117
113
105
114
104
114
116
103
117
108
105
117
103
108
113
99
119
116
103
112
95
107
113
106
119
111
108
119
109
113
121
101
117
109
103
116
112
111
115
103
111
102
99
107
95
106
106
92
109
110
101
114
104
103
112
106
118
107
108
111
102
107
107
85
109
100
98
110
105
109
111
105
114
103
109
113
105
108
116
102
117
113
109
117
107
110
109
106
121
113
110
119
108
118
124
107
126
110
108
114
103
108
105
96
112
104
107
110
97
110
117
104
122
115
115
125
117
117
120
104
116
105
103
111
101
112
113
98
109
99
98
110
103
109
112
98
113
106
112
116
106
113
112
101
114
110
109
115
104
109
112
99
109
105
104
113
101
113
114
100
111
102
98
112
96
101
107
96
117
107
116
118
104
112
110
100
124
108
104
112
102
111
112
107
123
105
111
114
102
114
105
97
115
104
103
113
99
109
108
95
115
106
106
113
105
109
116
102
123
116
106
113
105
115
117
103
114
110
96
106
100
106
110
98
120
115
109
125
106
112
116
98
116
110
109
114
94
108
109
94
117
104
110
113
103
113
120
104
114
109
105
110
102
110
108
99
111
103
102
108
95
100
106
106
110
104
105
111
103
111
112
100
118
106
100
105
98
100
108
90
110
93
98
103
95
112
109
101
113
102
97
111
99
102
103
92
109
98
101
104
95
110
105
93
109
92
98
99
90
104
106
93
115
98
103
108
100
109
102
91
107
97
99
109
92
110
102
87
106
101
102
104
97
103
102
90
111
96
93
104
88
106
109
96
114
102
103
108
98
98
99
88
111
91
101
108
86
102
102
93
105
99
95
105
87
99
97
90
109
87
93
97
87
101
107
93
111
96
94
111
99
105
103
89
109
93
101
100
85
97
95
82
97
82
84
99
80
97
93
90
106
92
104
105
93
109
106
89
108
96
90
103
93
103
95
87
104
93
103
103
88
99
104
90
113
96
94
102
94
103
103
93
109
101
97
105
92
100
103
91
112
98
102
105
105
108
113
97
106
94
107
105
88
103
97
88
111
97
99
98
99
108
112
106
114
103
105
110
95
109
100
94
108
94
98
100
99
105
103
88
107
94
115
106
95
107
98
98
109
102
102
103
92
104
101
91
107
90
103
104
91
110
94
91
109
94
99
98
85
107
98
90
110
90
103
98
90
105
98
95
127
105
99
102
83
102
96
93
108
90
99
103
91
108
99
84
103
88
92
98
83
101
94
90
97
81
89
91
84
100
94
86
110
91
100
96
86
98
96
88
99
85
87
99
81
98
86
77
89
84
91
100
83
99
91
92
108
96
98
101
87
103
94
87
103
87
92
97
80
91
97
82
102
82
88
98
81
100
88
87
102
92
92
100
78
88
92
80
101
89
91
93
77
96
87
86
101
88
97
101
84
105
105
86
103
83
89
92
90
100
94
89
97
88
90
106
88
98
94
91
100
88
91
91
88
90
93
91
101
86
91
98
83
93
93
81
89
85
90
92
89
98
91
86
97
82
94
98
80
94
89
88
97
89
95
93
82
93
90
87
101
81
95
90
80
95
89
89
100
88
91
98
87
101
90
90
98
79
94
93
84
99
95
93
108
101
97
107
92
115
104
100
103
92
101
100
89
104
100
84
108
86
93
100
85
99
89
91
106
89
98
103
83
95
92
80
100
87
90
87
80
89
82
79
90
87
90
98
87
102
101
86
107
89
94
97
84
94
94
85
94
88
89
98
75
90
93
83
99
88
93
97
82
95
95
94
101
87
89
96
83
101
90
88
96
78
89
89
85
92
95
86
