54
57
52
52
55
52
58
64
57
62
56
56
68
52
59
57
51
63
62
50
61
46
56
57
52
64
58
55
64
53
68
66
57
66
55
48
56
45
59
58
45
63
53
63
62
48
63
62
54
66
63
55
65
51
66
65
59
65
58
60
65
55
65
66
52
58
52
47
67
53
66
65
60
68
60
65
69
54
59
60
49
67
60
56
57
47
62
56
50
58
53
56
67
49
65
60
44
68
60
65
72
60
70
72
62
70
64
67
75
52
59
57
45
72
60
62
66
54
68
69
64
73
61
56
68
51
70
67
58
72
69
63
69
50
59
64
55
66
63
61
71
53
67
63
48
65
59
52
59
43
50
59
46
55
41
42
50
39
61
54
50
62
56
58
74
50
63
63
50
61
50
54
59
46
59
54
45
58
47
52
63
48
59
62
51
64
58
60
65
54
65
61
50
57
49
48
67
48
55
52
44
63
56
54
58
48
55
54
44
63
50
51
50
36
53
53
45
59
53
57
64
54
59
60
51
61
48
54
64
52
59
58
53
59
59
51
58
44
54
57
56
67
51
50
52
44
59
61
51
63
53
55
60
47
64
56
50
66
54
55
64
53
61
58
46
60
53
50
62
45
61
56
52
65
56
57
67
57
69
74
59
72
58
52
54
49
60
51
45
54
49
53
66
47
57
57
48
62
57
56
59
44
56
56
55
62
54
57
63
43
58
51
48
62
52
56
61
54
62
61
57
68
56
54
65
45
57
52
46
60
58
48
55
37
55
60
63
72
68
68
77
59
71
71
55
62
56
55
63
52
59
61
52
63
48
54
62
42
61
56
54
62
64
63
70
59
64
66
70
72
58
58
62
53
67
67
62
59
55
58
70
54
62
54
57
60
50
61
56
50
58
57
54
65
60
63
75
56
65
58
62
64
60
52
60
50
70
69
61
68
58
61
66
57
64
59
57
63
58
61
61
42
55
57
53
68
60
60
64
56
62
61
62
63
57
57
65
51
70
61
55
55
41
46
52
43
54
50
50
63
51
62
68
55
73
65
67
75
58
55
62
45
60
54
52
64
54
59
71
52
75
63
60
66
62
64
78
57
70
64
59
67
58
62
71
56
66
62
52
72
61
57
75
54
71
76
64
76
60
60
65
46
62
54
50
60
55
56
72
50
62
58
59
66
61
66
74
59
66
62
57
66
50
53
66
52
65
65
65
68
59
56
58
45
65
64
60
65
58
60
74
60
67
58
55
60
57
58
64
51
59
53
46
59
44
50
61
46
59
55
48
52
46
50
63
46
62
54
55
59
52
59
70
59
63
55
48
53
56
58
63
46
62
56
62
67
59
64
65
54
65
67
58
66
61
57
66
57
67
53
57
61
55
60
72
55
67
67
64
70
60
65
69
55
64
58
58
64
56
48
55
34
61
57
56
66
55
62
71
63
74
63
55
67
56
55
65
49
64
58
56
62
52
56
64
56
67
61
59
67
61
60
65
53
65
63
60
63
50
54
63
54
63
51
48
56
46
58
68
46
62
53
55
62
59
59
62
44
59
51
51
59
48
59
67
49
62
54
52
63
55
60
68
56
63
52
56
63
54
62
63
43
60
54
54
61
57
55
62
41
57
52
63
62
56
59
63
51
67
66
60
60
55
55
61
51
63
51
54
56
45
55
56
41
56
51
46
56
45
51
57
46
68
60
66
65
60
58
64
51
67
59
51
55
39
53
57
51
61
55
57
60
54
64
72
52
64
57
57
62
50
58
60
53
62
53
54
55
47
55
62
51
71
63
65
68
59
55
64
57
58
55
51
51
41
56
49
39
58
45
56
69
60
62
67
59
70
67
67
68
51
58
57
46
71
55
56
59
49
51
56
40
58
53
54
56
47
60
58
46
61
56
55
72
51
54
59
45
63
56
55
52
47
53
63
50
68
61
56
64
55
62
70
46
58
48
50
59
47
59
55
52
66
61
55
70
55
63
61
46
60
57
55
62
53
60
59
46
64
52
54
63
48
61
66
51
60
56
52
61
56
61
62
48
68
63
53
70
50
59
62
50
63
63
54
67
54
56
57
38
60
49
51
58
46
59
66
52
67
66
64
74
66
69
69
60
67
63
58
59
48
53
58
51
66
69
61
66
57
59
62
55
68
61
61
61
51
56
65
50
65
53
51
55
47
56
60
51
66
61
55
66
56
65
69
51
63
58
54
56
44
57
56
52
59
50
53
62
48
65
72
59
69
62
63
62
55
61
57
48
62
55
58
64
52
59
58
46
54
57
58
59
61
60
53
84
-444
325
286
-197
115
-460
-460
-456
-453
-458
-454
-453
-454
-453
-453
-453
-453
-453
-454
-454
-455
-454
-453
-454
-452
-454
-455
-453
-455
-450
-454
-455
-451
-456
-456
-456
-456
-456
-456
-457
-456
-458
-457
-457
-457
-456
-457
-457
-458
-458
-458
-459
-459
-460
-460
-460
-460
-462
-464
-466
-467
-466
-464
-463
-462
-461
-459
-459
-454
-415
-385
-352
-322
-293
-260
-240
-217
-206
-190
-175
-162
-140
-133
-118
-105
-92
-90
-73
-68
-59
-51
-46
-41
-39
-38
-38
-32
-33
-28
-28
-24
-22
-24
-17
-11
-11
-6
-7
-6
-2
-3
1
7
6
2
3
3
1
0
8
3
4
0
2
0
9
9
6
11
11
8
12
19
13
17
6
8
5
8
2
1
6
9
4
7
11
3
9
11
11
14
17
11
14
7
7
7
7
6
2
3
5
3
6
12
7
2
-1
-5
-2
4
3
5
3
6
3
4
4
0
-1
-4
-5
-6
-2
-8
-8
-10
-10
-11
-10
-17
-19
-14
-14
-18
-16
-18
-25
-21
-23
-19
-17
-9
-14
-11
-11
-10
-14
-8
-11
-16
-21
-21
-25
-20
-16
-20
-18
-18
-21
-15
-8
-13
-15
-16
-14
-14
-15
-12
-16
-13
-12
-14
-13
-9
-18
-12
-9
-9
-9
0
-2
-2
-4
-2
0
1
3
1
1
5
4
3
9
1
-6
-6
-11
0
8
11
15
17
15
23
24
30
24
21
24
21
17
26
20
23
23
25
25
28
20
30
33
33
32
33
39
40
38
41
40
41
50
41
45
48
40
47
51
55
49
50
49
53
56
64
61
61
61
64
70
75
70
68
68
70
66
66
70
72
77
83
80
79
87
81
83
85
82
83
88
88
86
89
91
92
84
94
89
88
92
90
91
102
88
93
91
90
90
95
97
93
92
96
93
98
99
95
96
97
94
100
100
99
97
97
93
99
90
96
95
102
93
99
94
104
95
104
102
107
100
110
110
111
104
105
103
106
102
100
98
98
101
104
109
104
101
106
106
108
110
113
108
114
106
110
109
117
107
116
113
114
107
112
109
111
109
110
108
114
117
115
115
118
111
113
116
115
107
110
105
112
115
109
104
108
110
117
115
124
118
124
121
125
117
128
121
118
110
118
112
121
116
118
118
116
111
116
115
122
119
122
122
125
124
127
122
129
122
117
120
122
113
120
115
119
114
120
114
114
109
118
117
127
114
114
119
120
109
121
119
119
118
119
119
122
123
126
125
132
127
123
124
129
124
125
123
125
127
132
133
138
132
132
128
136
129
129
130
133
127
130
128
127
118
124
126
126
128
131
127
132
131
130
133
131
127
124
125
128
130
132
130
133
121
115
114
124
119
121
121
126
120
132
134
136
135
131
131
136
131
128
129
129
129
131
133
125
119
124
126
132
131
136
129
134
129
131
135
142
135
137
133
135
130
138
135
139
133
132
129
131
135
135
135
139
132
135
142
138
137
138
133
132
129
129
126
126
122
131
132
140
133
132
136
139
132
146
137
140
133
136
136
139
132
135
131
140
130
136
143
138
133
132
127
126
133
135
137
138
134
136
136
145
137
141
135
141
137
142
138
142
139
138
139
143
134
134
137
143
136
136
136
133
131
136
132
142
141
137
140
142
139
142
143
146
143
137
133
130
128
141
134
140
137
135
141
147
141
145
139
140
136
136
140
132
134
144
139
138
142
135
135
144
135
138
142
143
138
140
142
147
138
145
146
144
140
139
137
147
134
133
136
127
122
127
135
137
130
136
135
141
141
135
132
133
127
125
129
129
128
122
126
126
124
123
124
128
130
121
125
135
128
134
134
137
132
138
135
135
133
130
130
131
131
128
129
129
121
126
134
134
128
133
131
132
136
133
132
127
120
120
121
125
122
121
126
124
121
134
127
131
129
130
127
129
127
125
123
124
122
121
129
129
121
124
126
124
125
124
118
121
115
114
128
128
121
121
119
122
119
121
118
118
113
120
116
124
116
118
121
122
115
115
120
114
111
114
114
113
121
104
121
123
115
130
129
135
133
129
139
135
130
140
124
122
127
112
129
139
125
135
126
125
129
128
139
139
123
130
126
121
135
118
123
125
111
126
120
113
123
114
122
126
112
130
123
130
134
119
120
126
114
122
115
107
117
112
116
120
106
118
117
121
135
122
132
132
123
131
131
121
122
106
113
116
106
124
108
116
119
104
116
115
106
124
116
116
123
113
127
122
114
122
116
119
125
113
121
119
110
133
125
114
123
102
122
122
116
128
118
113
122
106
119
124
100
121
111
112
118
108
122
122
114
122
112
110
116
100
113
114
98
116
116
114
123
110
119
118
111
119
109
109
122
107
122
122
112
120
108
115
120
114
120
121
110
124
115
118
132
111
124
122
109
122
112
115
124
105
109
112
101
119
112
113
121
107
125
127
117
131
125
122
131
121
122
124
107
122
111
117
120
116
118
121
112
122
122
118
128
120
123
125
117
125
117
120
122
111
126
124
108
125
116
112
124
110
124
123
108
129
119
129
130
119
125
122
111
123
116
115
125
107
123
125
120
128
123
126
132
125
138
137
121
134
120
128
133
115
123
119
116
127
120
126
130
118
121
120
107
124
112
118
122
111
116
116
114
121
118
113
121
105
125
118
109
124
108
118
124
107
116
114
108
123
110
118
118
101
124
118
118
140
117
120
126
113
123
122
115
127
114
113
113
96
125
116
108
122
111
113
133
114
122
120
105
125
110
118
124
104
123
123
110
126
112
106
122
106
119
121
112
126
114
117
124
107
121
113
111
121
108
108
125
99
115
105
96
110
107
115
124
109
118
121
115
132
121
116
119
103
116
115
105
119
116
113
122
108
114
113
108
125
114
115
129
108
125
119
110
121
118
114
120
99
116
113
106
124
104
108
112
99
108
117
110
114
109
108
115
104
117
112
104
115
106
106
117
104
116
117
115
119
117
114
120
107
119
113
108
124
111
112
116
109
118
119
103
115
102
109
119
108
122
110
107
112
102
112
119
108
121
117
108
120
114
115
120
104
115
111
111
119
109
111
119
103
108
113
100
114
99
108
112
107
113
109
105
120
114
118
128
111
127
118
110
115
112
110
113
99
107
109
111
126
106
112
116
103
123
119
114
119
109
110
113
108
116
113
110
122
105
115
111
101
119
115
111
119
114
116
124
108
123
117
112
119
103
107
116
98
116
113
105
112
103
104
122
112
129
130
115
125
111
123
121
107
115
108
104
119
108
110
122
105
116
109
109
113
110
116
123
110
126
122
113
126
117
119
126
116
128
123
116
122
117
126
125
113
121
115
115
130
117
114
119
100
117
110
114
114
107
111
121
102
127
118
113
125
111
112
115
105
116
112
110
115
110
120
126
106
121
119
117
125
112
116
114
107
117
116
117
117
105
105
116
102
120
112
111
115
112
107
122
108
114
114
104
115
102
118
117
107
120
102
101
111
98
108
118
101
122
117
117
124
111
126
122
111
134
116
111
115
103
108
119
99
111
109
107
118
101
117
113
101
115
108
106
124
108
110
115
98
115
110
110
116
102
110
113
98
113
109
105
117
105
113
129
107
124
115
112
116
101
106
107
97
115
105
108
126
102
112
112
102
118
116
119
118
102
107
116
101
118
101
101
110
98
109
116
100
113
116
101
108
100
104
117
99
113
109
102
118
103
111
113
94
115
118
106
115
103
109
115
101
116
101
100
112
101
108
113
94
109
107
103
115
112
115
120
109
120
107
106
112
102
105
106
94
101
104
99
106
96
103
105
103
113
107
110
109
103
105
115
93
111
103
99
113
102
104
104
94
112
106
98
112
101
108
115
95
114
106
100
107
94
110
101
101
105
100
90
99
84
105
111
97
114
104
110
114
113
117
116
104
109
107
108
114
97
112
112
97
108
103
99
103
101
106
109
102
108
102
102
111
95
120
108
96
109
99
100
107
102
106
108
95
115
96
107
116
97
108
107
95
112
102
99
108
88
103
104
96
110
101
102
116
99
111
106
92
108
102
98
111
98
107
108
99
112
105
106
108
92
105
105
92
117
105
99
106
88
101
100
97
108
104
101
106
99
111
111
94
113
107
95
112
93
108
103
93
110
93
101
98
84
101
102
88
118
101
96
107
94
111
116
106
115
109
104
110
87
109
106
91
112
98
95
115
100
107
108
102
108
104
107
113
99
106
108
93
117
101
98
104
99
103
108
95
105
100
99
106
94
112
107
100
111
104
98
108
95
104
101
86
105
96
105
103
92
107
98
96
116
105
108
110
96
108
113
94
113
95
104
103
93
117
103
96
109
100
97
106
84
104
102
95
109
101
104
109
95
108
103
91
118
99
98
105
90
105
107
93
105
94
95
105
95
108
101
85
99
89
93
111
87
103
100
91
107
99
97
99
91
111
99
88
109
91
97
97
87
102
101
89
105
95
98
107
92
104
97
86
103
93
99
106
82
99
99
79
100
97
89
106
86
103
102
92
113
93
98
103
86
104
109
91
110
96
90
101
88
97
94
94
108
98
100
114
97
109
110
97
106
103
95
107
88
100
97
93
109
95
96
100
92
104
106
96
107
101
105
107
101
109
104
96
105
101
101
108
92
108
107
93
106
99
95
108
93
105
103
93
112
100
99
103
83
100
92
87
98
88
96
102
97
100
100
90
104
95
105
103
87
103
97
90
106
103
96
102
91
102
99
97
102
94
100
97
84
96
93
90
104
93
96
99
92
107
95
94
106
90
104
100
86
104
94
93
109
90
94
96
75
98
92
94
100
83
93
100
86
107
99
88
108
98
96
101
90
103
96
85
99
84
94
101
82
102
95
91
109
95
101
104
89
102
94
96
102
92
96
103
87
110
94
86
98
84
93
104
83
101
93
94
105
92
103
101
86
101
93
90
104
87
91
103
78
91
89
89
104
96
95
110
90
116
98
88
100
84
91
104
80
99
95
88
102
90
93
98
75
95
96
86
108
91
93
103
85
98
97
89
99
88
92
98
76
99
89
88
96
85
89
101
83
100
92
88
96
85
93
99
81
99
90
91
103
88
98
100
85
106
101
93
102
86
90
100
83
101
96
88
102
90
97
105
81
98
92
90
100
89
97
99
83
97
87
83
101
85
95
102
83
100
99
91
104
90
94
99
84
104
92
90
100
86
89
97
73
81
83
80
92
92
91
93
88
101
92
94
107
89
91
98
78
92
91
86
96
80
87
92
82
101
89
91
99
83
94
101
79
99
87
88
98
87
91
97
75
98
91
88
99
80
89
99
79
99
94
89
101
87
94
101
85
95
86
83
87
79
86
98
78
94
90
83
95
95
94
104
81
99
87
92
102
82
86
95
77
94
92
83
97
82
91
93
81
91
83
84
95
84
86
97
74
94
90
85
94
86
85
95
78
94
89
90
96
80
82
92
71
92
90
83
87
79
79
89
78
94
93
86
98
85
95
103
82
99
91
90
93
87
83
96
78
98
89
94
96
89
93
104
84
102
90
86
96
78
87
95
86
97
83
83
89
79
92
95
80
95
90
90
100
85
90
97
77
91
87
92
94
84
86
94
71
90
78
73
93
86
92
103
84
104
91
94
103
86
100
97
76
95
88
84
97
82
85
91
76
89
86
90
97
81
87
95
78
102
90
90
96
81
87
96
74
90
84
82
87
77
86
87
72
91
82
81
96
74
85
95
76
92
80
77
85
72
80
91
75
101
85
88
94
78
86
98
74
92
85
83
95
82
92
94
74
93
83
83
102
82
88
98
74
92
85
79
91
85
91
95
78
100
88
85
97
83
81
102
75
95
88
85
93
87
93
93
71
87
81
82
94
77
83
90
76
92
89
90
97
83
94
102
79
98
84
84
91
78
82
94
70
93
87
86
94
86
90
98
80
97
85
84
95
80
87
90
73
91
92
81
88
77
77
91
78
94
81
86
91
82
90
103
77
93
86
85
89
82
84
89
74
90
80
79
87
77
87
96
81
101
95
94
99
84
90
91
77
93
81
81
86
75
85
93
70
86
73
79
89
79
86
87
72
89
79
82
94
75
84
87
74
89
83
77
87
72
81
86
71
88
78
78
85
71
78
87
66
84
73
71
77
74
76
83
72
86
84
88
94
80
83
88
73
90
84
81
92
82
88
99
115
130
128
122
123
106
117
124
100
115
99
96
95
91
95
98
80
100
85
92
101
79
92
95
78
94
82
83
92
79
88
95
78
91
70
75
85
75
88
88
75
92
87
86
94
89
85
96
76
96
81
88
87
81
80
84
68
82
81
81
90
78
82
87
77
94
82
83
86
79
92
89
69
86
75
77
87
73
78
79
72
84
78
84
83
76
83
91
75
96
75
78
82
68
74
78
70
80
76
81
81
67
88
89
75
92
81
86
93
82
85
83
71
87
77
85
85
73
83
89
72
91
73
74
79
73
74
88
77
86
83
82
86
74
91
86
71
88
75
80
88
72
82
80
65
75
71
81
87
70
80
78
68
95
72
80
88
69
84
89
74
88
79
83
89
72
85
79
66
81
74
76
88
70
83
84
70
92
77
81
78
68
78
76
69
89
77
74
81
65
75
89
70
85
77
80
84
75
85
75
71
81
77
73
91
71
83
84
71
82
76
73
72
64
77
83
66
91
73
78
88
76
89
89
73
86
76
76
82
69
80
84
66
81
73
73
88
73
86
82
71
87
85
79
88
70
79
83
71
87
74
78
84
70
81
83
67
82
77
76
86
74
79
84
76
86
75
73
82
61
72
77
65
81
83
80
87
71
84
79
76
93
77
80
82
72
80
86
72
86
74
70
80
76
83
78
72
87
74
72
79
63
75
82
70
85
77
77
85
72
87
81
76
89
75
78
82
72
89
86
69
82
67
76
84
78
83
78
70
82
73
81
