74
71
78
66
66
78
62
68
65
60
64
53
56
54
46
67
65
62
77
65
70
81
65
81
66
61
67
55
56
65
50
69
67
59
63
48
53
76
57
70
70
64
77
67
74
77
55
68
66
63
77
66
67
78
56
69
69
57
70
61
63
71
59
73
71
62
71
54
56
75
53
62
56
54
60
59
62
68
56
62
63
57
72
57
54
64
57
65
73
69
69
67
67
76
60
73
68
63
72
62
59
67
56
67
65
55
65
68
71
78
58
74
65
72
78
65
69
75
61
74
78
68
69
57
59
64
53
65
60
60
71
65
76
81
59
73
73
69
77
71
68
78
59
64
57
57
66
64
70
76
56
72
76
68
78
67
70
78
67
76
68
68
75
63
67
77
54
67
64
68
79
70
71
78
62
77
69
77
78
67
71
77
53
72
66
62
66
57
62
67
62
73
69
68
78
65
72
78
57
73
66
59
64
62
60
72
55
69
68
67
72
58
58
74
57
74
75
70
78
69
73
84
67
76
72
63
73
67
75
79
62
74
65
63
68
65
68
79
60
70
65
69
71
61
66
71
61
76
77
72
80
66
74
83
63
70
63
61
69
65
74
74
58
71
69
65
80
70
73
79
60
72
69
75
75
66
66
73
53
74
71
65
76
64
67
80
66
76
71
68
75
63
72
79
58
73
70
65
69
56
52
59
48
63
63
69
77
71
76
83
68
83
72
70
73
63
65
75
67
79
66
64
68
57
68
77
60
74
68
71
83
71
74
79
57
73
67
69
72
63
69
77
58
76
63
63
73
66
71
79
60
72
67
66
73
65
70
66
54
67
58
57
73
66
69
76
62
72
73
72
74
58
64
70
57
77
66
65
70
60
64
77
59
68
62
61
69
57
65
67
55
71
67
62
78
63
68
75
61
74
67
66
73
56
68
74
57
74
66
62
68
51
61
72
56
67
61
55
69
59
71
79
58
75
68
69
84
61
67
73
57
66
67
57
69
62
65
73
60
70
68
64
72
60
61
73
56
66
62
54
67
62
62
62
47
63
57
62
73
59
64
71
61
69
73
67
72
61
64
68
55
65
55
56
66
52
52
67
55
72
70
70
77
75
82
80
65
78
65
64
74
58
63
69
59
70
73
65
70
56
59
65
61
74
68
68
76
63
66
75
59
68
59
59
63
57
62
63
52
65
59
56
63
55
67
70
56
67
62
57
64
53
59
60
56
67
59
63
71
58
70
74
57
70
58
59
67
61
62
67
58
70
66
74
80
60
70
73
60
73
69
65
76
59
64
67
59
73
64
62
68
54
70
72
58
74
65
59
68
58
64
66
56
70
59
62
64
48
50
55
45
64
63
60
71
60
69
76
68
75
68
63
70
55
68
69
57
69
62
55
65
57
66
69
59
70
64
69
76
56
68
69
59
74
67
63
68
56
66
72
57
66
57
55
68
57
72
71
55
74
65
66
78
54
63
64
50
60
56
60
66
58
61
66
55
74
69
69
74
59
64
73
61
67
64
63
70
57
71
70
58
71
67
67
76
58
60
60
52
69
63
63
70
59
65
70
59
74
60
60
68
56
66
71
61
71
60
58
63
47
66
67
57
66
61
60
75
58
69
74
62
77
73
75
80
65
73
73
59
72
61
60
70
61
70
77
63
71
64
65
77
59
70
70
59
69
61
59
73
53
66
62
51
62
58
64
73
56
64
68
60
78
66
69
75
56
66
75
54
64
59
60
68
54
65
63
51
72
65
66
82
59
75
75
65
76
63
58
66
51
64
65
55
74
63
59
68
49
66
76
61
71
64
65
81
61
67
69
52
68
61
60
73
56
67
69
61
67
60
52
66
55
66
69
63
72
61
61
67
57
65
72
63
75
70
70
80
71
79
76
64
74
63
65
80
54
64
68
62
74
72
69
78
61
69
68
62
67
60
61
70
54
66
65
55
69
61
63
69
66
72
71
66
76
65
66
73
54
67
65
60
67
67
61
61
54
64
69
69
81
65
73
79
63
75
80
74
77
67
65
75
62
65
66
61
67
56
62
66
58
74
68
63
73
65
66
74
56
67
65
69
72
57
60
66
55
70
63
53
66
51
57
68
56
70
67
62
66
63
71
74
54
68
60
51
72
58
55
65
52
72
67
68
78
67
72
77
59
76
69
61
71
61
56
78
58
69
64
59
67
63
68
72
52
65
64
59
76
66
67
76
61
73
72
71
67
58
73
58
120
-445
-133
-428
-450
-453
-444
-426
-436
-403
-411
-405
-401
-403
-399
-399
-400
-397
-399
-397
-396
-398
-397
-397
-398
-397
-397
-397
-396
-397
-397
-397
-397
-397
-398
-398
-398
-398
-398
-399
-400
-399
-402
-403
-401
-398
-399
-399
-402
-404
-406
-409
-419
-431
-449
-456
-457
-457
-458
-458
-459
-459
-460
-460
-463
-465
-466
-465
-464
-462
-460
-459
-458
-457
-417
-373
-327
-296
-262
-234
-204
-184
-159
-144
-132
-117
-97
-90
-80
-64
-49
-48
-37
-38
-26
-26
-11
-6
0
0
5
17
19
13
17
15
23
19
27
26
25
20
21
23
24
23
21
18
24
19
16
21
21
12
18
11
16
12
10
9
12
7
8
10
19
12
17
10
15
4
11
4
4
-3
-2
-6
4
-1
-3
2
2
0
-3
-2
-8
-10
-6
-5
-3
-10
-5
-15
-7
-10
-8
-6
-1
-5
-2
-3
-4
-5
2
1
-6
-6
-2
-2
3
3
3
-5
-4
-17
-13
-1
-6
-8
-3
-2
0
6
8
14
8
6
10
4
15
0
5
5
4
-4
0
-2
-4
-1
0
8
12
8
10
8
16
14
22
20
21
16
9
17
23
26
17
19
20
17
22
26
31
27
29
27
31
31
44
35
39
37
32
34
42
31
38
36
44
48
44
50
48
51
63
55
64
73
66
66
67
69
70
71
71
72
73
74
65
70
84
73
79
70
70
72
89
77
80
81
80
83
87
87
86
79
84
83
87
89
86
85
91
84
91
96
85
92
93
98
94
92
95
91
96
91
96
92
111
96
101
98
103
99
104
103
99
92
92
100
98
99
93
103
102
105
112
115
113
105
110
105
108
108
106
109
112
112
105
102
107
104
106
107
111
105
119
114
119
114
113
112
115
114
109
111
112
111
112
115
104
101
102
103
110
116
116
112
124
116
117
120
118
113
110
112
115
106
115
113
115
111
109
105
114
107
113
112
112
113
113
119
117
114
116
118
117
121
114
110
116
113
114
118
116
109
115
108
113
110
114
118
116
111
115
111
121
109
110
107
107
104
109
110
114
114
110
115
112
113
112
110
110
104
113
113
116
113
120
116
117
110
117
115
116
114
113
113
119
111
107
108
110
107
117
115
118
112
114
116
118
119
115
116
114
117
112
121
117
111
114
110
111
103
112
107
113
106
112
107
116
115
113
119
117
115
119
121
113
109
106
103
110
106
108
108
109
111
115
117
112
111
116
120
117
118
113
116
116
111
114
114
120
118
118
116
114
108
116
117
114
115
112
114
120
122
118
116
116
110
115
116
109
107
106
110
109
109
102
106
107
108
110
114
122
108
115
113
112
108
116
111
108
110
111
111
117
117
113
114
103
105
104
112
112
109
112
108
112
116
115
117
110
111
110
116
114
111
108
112
110
103
109
102
106
107
109
111
114
107
104
107
107
107
106
115
108
113
105
110
114
116
116
106
104
101
101
106
102
104
100
109
107
110
115
109
113
112
109
107
114
101
109
103
108
106
99
103
92
99
96
94
103
100
93
102
95
94
99
93
97
88
91
91
92
85
88
84
77
80
71
77
91
80
83
83
85
84
89
86
88
78
80
80
75
82
72
76
76
77
73
72
72
71
73
72
78
76
75
70
73
73
73
72
74
66
65
64
61
60
66
63
61
54
58
56
60
60
62
60
56
61
58
65
59
57
54
49
51
55
52
55
61
55
57
58
62
49
52
55
52
54
55
50
50
48
50
50
54
47
49
49
53
53
51
59
55
51
46
46
46
61
53
56
64
55
55
56
61
53
49
52
55
51
56
51
46
56
49
50
53
43
47
49
50
49
49
52
55
56
60
59
59
70
66
65
62
56
52
59
51
50
51
43
58
57
59
55
55
54
58
60
67
64
58
63
55
60
61
59
65
68
69
65
64
66
65
67
68
62
59
70
67
70
67
68
64
72
67
61
62
54
55
54
65
60
51
56
60
64
75
73
70
76
74
75
73
72
69
69
69
68
68
77
70
76
76
70
68
76
73
79
76
74
75
78
87
81
81
78
85
82
82
86
76
78
84
84
87
85
75
94
78
81
93
81
90
91
80
90
81
84
88
79
82
91
73
96
89
92
102
81
91
90
83
88
90
86
96
82
98
98
80
105
96
86
101
90
93
108
89
102
100
90
106
84
91
108
78
106
96
89
105
94
101
105
93
102
97
87
107
91
105
101
84
99
85
86
96
92
96
107
88
112
96
105
115
102
108
110
95
114
105
96
105
97
96
107
96
108
100
97
113
106
111
113
96
109
112
102
119
105
105
112
94
116
106
103
114
107
108
112
91
121
112
104
117
101
108
120
109
119
114
102
110
103
120
117
99
116
114
112
126
107
108
119
109
119
118
119
118
114
115
122
107
123
116
113
121
110
114
122
112
122
117
109
115
108
119
130
112
124
117
115
129
115
109
121
107
123
122
117
124
110
121
126
106
127
109
110
122
108
114
121
103
120
116
117
125
114
123
128
117
134
123
118
128
118
114
120
100
117
120
114
121
110
115
120
106
123
114
111
120
105
113
126
102
122
115
115
122
108
112
116
105
119
113
110
128
114
117
128
107
124
120
114
120
109
114
111
104
121
107
103
117
103
115
131
113
129
127
120
129
124
120
128
108
121
109
109
126
109
118
122
105
119
129
110
123
113
114
126
109
123
122
112
129
121
121
133
116
124
121
113
126
114
122
128
113
122
119
117
129
113
116
121
107
121
122
110
118
105
111
117
112
122
120
119
128
117
114
122
109
121
115
111
126
118
127
130
118
127
120
123
127
113
119
124
108
126
122
109
119
103
109
117
114
120
114
106
120
107
118
124
107
121
116
116
121
118
121
122
109
112
107
106
111
101
110
117
104
121
118
115
123
115
124
122
115
121
112
106
113
100
116
117
103
115
109
110
119
112
113
115
102
124
114
121
122
103
117
114
101
118
109
111
122
103
113
115
101
120
113
112
124
109
125
127
113
129
120
111
120
106
112
118
104
123
118
121
124
110
116
126
111
135
126
116
125
107
116
118
111
121
116
115
124
108
127
124
107
123
112
106
120
111
121
128
116
128
121
122
125
112
122
125
109
131
124
114
123
109
118
122
108
119
108
109
117
102
116
114
100
116
113
110
126
109
119
121
106
121
111
109
121
103
109
111
94
121
109
105
113
100
110
121
107
119
115
108
116
102
117
116
103
118
113
109
117
96
105
109
99
113
110
112
116
106
117
116
107
124
111
108
114
100
108
119
103
112
104
100
105
93
120
114
107
121
116
114
127
108
115
115
101
117
111
111
119
106
116
115
100
119
109
104
118
105
116
120
103
118
109
109
118
105
116
113
101
115
106
105
120
104
112
112
99
110
113
112
120
103
115
112
100
119
106
106
114
98
112
119
102
124
116
114
118
105
110
106
97
113
102
100
116
98
115
114
101
119
110
108
116
103
114
113
103
119
108
106
114
94
115
119
101
118
108
107
116
105
115
114
101
118
107
106
121
101
110
111
95
110
105
93
111
90
109
111
101
115
113
108
123
107
114
123
104
116
105
100
111
106
112
108
99
111
108
109
121
101
112
113
108
122
119
113
121
106
116
115
107
118
112
112
122
102
112
111
98
116
108
108
116
107
116
115
101
114
101
104
106
91
111
108
98
118
116
107
117
102
111
115
112
123
109
110
117
102
117
119
104
119
111
112
119
109
117
115
108
116
106
116
118
107
122
118
108
120
114
111
118
106
116
113
110
120
107
109
114
99
119
112
99
110
99
104
110
94
112
103
95
120
105
117
123
103
121
119
109
126
113
114
121
99
113
110
100
118
108
108
121
103
125
119
105
125
111
109
120
101
118
114
103
118
109
114
115
95
110
108
100
123
107
109
121
103
116
116
106
115
109
105
113
92
119
104
94
114
99
98
112
97
113
113
103
116
108
115
118
97
114
111
100
121
105
101
114
97
113
112
98
109
96
98
114
95
120
109
100
119
110
109
126
101
112
111
98
114
105
104
117
101
109
108
95
118
102
103
110
92
111
108
95
113
100
101
109
97
111
111
102
116
108
109
122
96
107
103
97
111
106
105
114
98
111
112
104
122
105
109
117
100
116
116
107
117
103
106
111
96
114
111
103
116
105
106
121
101
117
113
103
115
108
107
114
95
113
104
93
110
89
97
106
91
112
111
101
114
107
113
119
105
114
107
94
110
95
106
113
97
113
106
97
107
106
106
114
91
115
106
103
113
103
106
108
92
109
105
94
112
94
104
110
94
109
95
97
108
99
102
112
91
115
107
95
114
97
94
113
86
108
102
105
116
102
101
112
90
120
113
100
114
101
97
113
97
111
106
99
114
100
105
117
92
114
103
100
108
101
96
110
94
116
109
103
112
107
105
116
96
112
111
99
109
95
107
113
103
114
106
98
108
97
98
108
91
109
106
101
117
113
111
123
96
115
112
111
121
108
107
120
99
117
108
100
115
105
111
119
107
118
114
110
122
110
116
116
100
116
110
111
116
107
101
113
91
111
108
108
115
106
108
113
99
117
114
107
116
102
104
114
95
112
96
101
108
99
101
111
99
113
110
102
116
105
108
115
96
115
100
107
112
99
102
112
92
118
105
101
108
93
108
115
100
122
105
104
113
103
112
116
92
118
105
102
114
99
107
117
97
111
102
98
114
100
103
112
87
117
102
99
111
95
104
111
93
114
106
102
113
99
108
113
86
105
94
100
111
96
101
109
93
111
105
103
109
98
106
111
94
121
107
103
113
95
98
116
93
117
104
98
111
97
108
113
95
117
115
101
115
96
98
112
86
113
104
92
102
84
96
107
91
116
103
99
111
108
104
122
97
110
99
97
104
89
105
110
91
106
99
92
108
92
100
106
96
112
107
100
110
102
101
108
95
106
98
93
109
89
102
109
84
104
93
95
106
96
99
105
85
105
92
88
107
79
92
98
82
98
103
85
109
90
100
104
87
115
101
98
105
93
101
110
94
115
107
97
110
102
112
112
93
113
101
100
108
95
106
107
91
108
103
96
103
86
104
108
95
108
92
100
101
92
99
108
88
106
96
90
100
86
100
96
79
102
89
102
112
95
111
107
92
114
101
90
101
77
89
95
83
91
78
81
100
82
99
101
82
111
93
95
107
90
96
97
85
103
90
96
104
87
97
90
78
102
94
97
101
87
99
103
93
107
99
93
109
88
106
103
81
103
96
92
97
90
94
104
85
112
103
102
105
89
104
103
85
104
93
94
106
83
95
102
83
108
90
93
100
79
102
100
82
101
90
92
106
86
102
104
83
108
90
100
100
87
99
102
87
104
91
88
105
84
98
98
85
103
88
92
98
88
100
99
90
107
93
94
111
95
103
98
84
96
90
91
98
85
96
98
80
109
92
98
100
87
100
99
92
107
94
97
98
82
107
95
85
108
92
99
102
87
102
98
89
105
90
98
100
83
98
93
82
105
86
89
90
77
91
97
82
102
89
95
108
89
112
105
88
103
89
93
103
83
95
103
82
103
87
91
101
81
98
98
85
108
96
96
101
90
101
103
82
105
88
94
97
87
107
95
88
99
85
92
108
83
99
99
83
108
95
100
93
84
93
96
79
102
86
88
106
83
97
105
81
107
90
95
96
82
92
101
79
107
89
93
111
86
102
95
85
104
99
93
102
84
90
104
84
107
93
93
100
86
100
103
86
100
92
91
101
89
99
98
86
105
88
89
93
86
92
97
79
96
92
91
105
90
103
100
94
109
96
95
103
91
99
100
77
94
83
87
102
90
101
99
85
105
93
102
102
86
103
103
85
105
99
91
106
88
98
93
91
105
93
92
106
89
101
105
87
104
92
97
100
92
101
87
84
95
88
87
97
75
97
96
85
104
96
97
98
94
107
95
96
96
88
89
97
78
100
99
89
106
89
96
95
94
101
98
86
104
94
107
105
88
110
98
91
111
93
100
106
90
106
103
92
109
89
97
104
87
108
101
92
107
92
94
102
86
95
97
83
109
93
109
109
93
105
99
86
104
95
94
105
84
99
88
94
109
95
104
100
86
104
99
83
104
93
92
103
86
103
93
92
109
88
103
101
88
103
105
89
114
85
94
104
84
104
95
96
101
90
94
95
76
98
98
82
103
89
96
105
93
111
107
89
104
93
97
99
85
96
94
89
108
82
86
98
81
99
96
88
101
92
94
105
84
104
93
90
102
89
96
100
91
102
98
86
95
93
102
102
84
103
95
95
111
93
98
96
81
91
95
84
93
86
97
96
81
105
86
92
101
89
90
101
78
95
94
84
99
82
96
93
81
90
93
88
109
93
92
99
76
100
96
90
105
86
96
100
90
107
100
91
109
88
94
104
78
101
92
90
102
85
88
91
84
88
87
77
95
81
87
93
78
98
94
87
100
86
93
100
83
104
89
83
94
74
90
101
77
98
94
90
101
91
93
100
80
98
95
85
105
86
96
95
82
93
93
82
98
85
91
104
84
104
94
91
105
88
95
107
83
99
94
82
95
84
85
93
74
91
91
86
103
90
96
101
89
102
105
87
99
86
86
97
85
100
90
89
96
85
87
93
83
94
93
85
102
90
93
98
83
102
86
88
91
89
89
100
77
100
92
83
93
76
82
96
90
98
91
90
101
84
89
100
72
99
89
88
96
93
93
103
86
101
87
91
101
85
89
101
77
101
94
90
100
91
90
100
85
98
91
84
96
84
98
95
80
94
88
91
100
95
94
100
80
108
93
99
97
87
95
101
81
102
90
91
105
83
85
93
74
96
81
83
98
78
101
100
86
106
95
94
101
88
92
100
77
104
91
97
95
88
91
100
84
107
94
88
105
89
96
101
87
102
92
93
100
85
100
106
85
104
92
85
103
88
99
104
83
104
89
100
98
89
96
97
74
102
83
83
97
81
93
101
81
99
90
94
107
87
