63
60
68
54
73
66
63
69
60
64
67
56
70
62
61
71
66
70
86
59
72
70
65
71
63
59
64
56
64
65
63
71
61
64
79
61
72
71
63
63
63
60
69
62
70
68
62
63
61
62
75
61
74
73
74
76
79
75
77
66
72
70
69
75
61
58
65
47
55
53
52
54
59
62
72
65
78
68
70
78
62
62
71
59
64
63
62
66
65
63
67
51
68
66
76
73
65
69
73
64
73
73
68
72
61
61
69
64
71
63
66
64
57
51
68
59
72
69
69
75
72
75
77
62
73
65
72
69
62
66
74
62
78
73
66
74
66
76
75
68
78
64
70
72
69
76
77
57
66
66
65
67
62
68
73
61
62
55
61
68
61
65
75
62
82
72
70
76
58
65
72
67
74
68
65
80
67
73
72
49
64
63
62
65
63
60
61
56
71
71
71
82
69
79
81
65
82
69
67
65
54
54
65
57
68
61
58
68
60
74
71
62
68
70
64
74
63
58
69
59
71
65
64
65
53
61
65
57
71
67
63
70
56
66
78
64
73
62
60
65
55
63
65
53
60
62
59
77
64
70
73
70
80
76
76
77
68
65
71
62
70
65
61
68
61
63
69
58
62
61
63
67
66
74
77
67
78
71
69
75
61
64
67
62
65
69
64
64
54
56
62
54
73
62
63
67
57
67
70
56
67
61
57
63
55
71
70
60
72
65
70
74
61
68
71
60
65
70
64
72
62
74
73
64
73
63
62
65
61
61
73
56
72
62
56
69
61
70
67
60
70
66
69
80
68
68
69
54
70
67
67
70
59
62
61
50
52
50
55
59
51
65
71
59
75
68
74
74
70
74
75
65
75
67
67
78
59
63
56
55
70
71
66
73
63
66
75
63
71
66
62
69
58
65
70
58
66
58
54
59
52
60
66
56
67
59
58
71
57
69
70
57
65
68
62
60
45
54
57
55
66
56
51
65
66
71
73
61
64
69
63
68
68
60
60
49
62
51
59
62
57
64
65
57
55
61
59
66
55
63
64
63
71
67
65
64
60
61
66
57
64
63
64
70
58
60
54
54
66
66
74
66
56
63
61
50
64
60
60
64
59
68
68
68
75
68
66
62
47
59
67
56
67
60
61
70
63
64
70
60
68
65
68
69
56
64
70
59
67
60
56
62
55
63
63
59
73
68
68
74
61
75
72
65
81
63
64
71
69
74
68
52
57
52
61
65
57
68
75
70
84
74
72
74
64
72
68
60
68
61
65
65
56
66
65
54
66
63
60
73
62
72
78
61
74
64
69
69
59
65
60
50
75
64
58
65
52
60
68
60
67
62
62
68
59
67
69
57
65
53
53
66
54
59
62
55
59
59
61
66
66
74
77
63
74
67
62
70
65
72
76
66
71
66
65
73
64
75
70
58
66
60
60
73
57
65
70
61
68
70
71
76
60
67
71
69
78
68
69
76
63
66
74
58
69
64
61
68
59
67
68
67
76
67
71
77
67
75
77
67
78
71
59
63
52
58
60
59
71
66
67
71
59
69
78
66
69
65
68
72
64
74
66
63
64
57
56
66
57
71
68
58
64
65
65
70
62
69
63
57
70
62
60
66
51
61
63
51
56
46
59
65
62
68
71
66
75
67
72
79
54
66
64
61
67
64
66
77
57
66
65
56
68
59
60
70
57
66
71
62
66
61
56
62
54
62
59
52
67
62
61
66
49
56
57
56
68
68
64
75
62
69
65
69
69
59
60
67
56
67
75
65
78
70
67
73
69
76
70
62
66
59
62
68
56
68
67
61
66
66
63
65
55
65
65
65
68
56
60
70
60
68
72
64
73
66
68
74
63
68
69
62
66
64
70
79
61
66
66
58
65
61
58
63
49
61
65
72
71
68
68
76
63
75
73
69
76
65
66
69
57
60
62
63
67
65
74
76
68
78
73
71
76
67
69
77
66
76
72
74
75
61
59
63
53
75
72
68
78
68
74
76
65
74
66
66
72
62
68
69
54
68
63
55
64
63
63
73
65
79
75
77
84
70
74
82
60
78
69
66
69
62
63
73
61
68
62
55
64
61
67
71
58
65
71
70
82
65
66
72
54
66
64
62
67
64
70
71
56
70
64
60
68
59
66
77
58
67
67
64
68
63
66
73
62
72
74
71
87
66
69
74
58
69
73
68
74
62
68
77
62
78
73
67
75
64
66
77
58
67
68
61
66
60
63
74
63
71
70
65
78
65
69
77
64
74
76
66
74
61
62
69
59
66
51
56
58
56
67
51
130
-283
459
932
420
877
370
49
588
-33
223
415
-173
337
77
-168
361
-199
10
216
-303
167
-11
-250
247
-238
-71
140
-330
84
-37
-277
183
-239
-104
114
-319
56
-53
-272
177
123
-247
-217
-351
-232
-256
-190
-252
-197
-207
-165
-178
-154
-151
-111
-111
-96
-93
-70
-64
-50
-31
-21
-13
-5
-1
2
17
18
21
25
26
33
38
38
42
46
46
49
50
55
55
51
60
67
71
75
74
73
76
74
77
81
79
78
77
78
80
77
84
83
83
79
78
75
86
82
82
80
78
76
77
82
79
82
77
79
83
87
80
84
86
84
82
85
82
70
77
79
78
82
85
84
88
85
85
85
84
82
79
80
83
81
82
86
81
76
74
69
75
81
79
80
77
75
76
81
84
78
74
81
78
79
82
75
77
74
72
72
71
66
72
77
83
79
82
84
84
82
90
89
87
88
80
83
77
76
79
83
81
78
78
78
83
81
84
81
83
82
80
86
91
84
82
81
79
77
80
76
77
77
80
76
79
73
72
77
78
73
76
80
81
78
73
73
67
71
69
65
68
68
69
71
76
64
65
66
67
71
79
74
70
66
68
65
67
65
60
60
62
58
59
63
59
60
56
52
51
50
51
55
55
54
54
52
57
51
52
51
49
49
54
47
48
46
42
49
49
40
41
34
34
38
37
38
33
32
37
34
40
47
40
42
42
42
37
40
41
40
37
36
33
26
36
31
34
31
34
33
46
38
36
40
38
35
36
38
36
35
35
39
39
38
31
34
32
33
31
45
34
36
38
38
40
39
42
39
35
38
37
37
41
33
34
27
33
30
36
41
41
44
43
50
48
52
51
49
51
49
47
54
50
47
47
48
50
47
41
47
42
48
51
49
55
50
48
52
47
50
60
50
51
47
47
51
50
55
52
48
47
51
44
58
53
53
56
57
56
63
60
58
54
53
51
54
55
56
55
65
73
66
75
68
63
66
65
68
68
68
63
66
66
73
66
68
68
63
58
67
68
73
75
62
64
64
55
62
65
65
74
66
67
73
67
78
69
59
72
62
68
76
61
70
72
60
65
63
59
70
62
71
67
66
77
63
64
77
65
78
77
67
80
70
72
73
63
65
68
59
64
65
72
83
64
77
73
59
77
73
70
78
62
70
75
71
77
71
72
80
60
74
72
59
70
69
69
74
66
76
65
68
79
70
75
79
58
66
66
56
69
67
58
64
48
60
65
64
78
66
67
81
64
84
73
58
64
70
61
71
59
62
67
57
65
60
58
65
53
65
65
59
69
66
65
75
57
65
69
61
68
62
61
66
52
68
63
54
57
59
58
71
59
64
64
62
65
58
58
58
48
60
61
54
66
62
57
70
56
65
62
58
63
55
54
58
50
71
69
59
68
59
52
72
57
66
63
60
68
63
51
58
46
62
60
52
68
56
56
65
53
65
64
59
64
58
51
61
46
69
63
55
58
43
47
58
43
57
48
44
54
50
57
63
50
63
62
57
65
56
60
64
55
60
62
48
52
52
59
67
54
74
66
65
72
59
64
80
60
66
65
56
65
57
62
70
51
63
53
54
68
57
55
71
51
68
73
60
71
57
60
65
55
64
58
48
62
52
48
67
52
68
60
58
72
69
73
79
62
71
70
61
67
62
54
67
56
68
72
62
63
55
50
58
53
60
57
53
62
61
53
67
52
64
59
51
59
56
51
60
45
57
53
51
61
46
57
64
60
64
64
55
58
55
53
64
46
60
60
55
67
57
63
70
53
65
62
53
61
58
56
62
44
61
56
58
66
62
59
64
60
70
73
63
69
69
68
74
56
63
55
61
64
58
55
66
57
68
69
61
63
59
64
69
52
65
59
63
59
49
50
53
38
60
50
46
60
47
63
66
63
69
60
60
63
54
61
64
48
60
48
46
52
43
53
62
46
59
55
57
60
52
55
61
40
67
55
52
59
48
52
63
49
56
49
44
56
46
61
65
47
60
55
55
67
63
54
58
45
60
48
46
56
44
51
49
38
57
56
58
65
59
55
67
57
67
65
56
59
47
56
56
42
56
58
51
62
49
47
57
42
61
58
54
60
48
57
62
49
63
56
51
58
41
50
67
50
65
57
49
57
50
56
61
50
56
53
49
64
50
46
56
40
59
53
54
56
55
55
61
48
62
48
41
54
45
48
60
44
52
54
48
52
47
50
59
39
55
46
45
57
43
49
50
39
46
49
53
52
46
47
56
41
59
48
50
48
43
46
53
41
52
47
45
49
39
36
43
30
50
39
46
53
48
46
52
52
55
64
57
52
55
42
47
53
39
59
40
42
46
35
39
56
34
57
43
43
54
45
52
52
41
52
42
46
52
44
44
55
36
51
46
39
39
39
50
54
44
55
48
45
57
42
43
57
28
52
34
37
43
41
44
47
34
44
41
43
58
42
48
54
35
48
45
42
44
38
41
51
36
51
39
40
52
38
45
49
30
53
41
42
47
47
46
57
39
58
48
45
51
39
47
49
39
54
54
44
50
41
39
52
42
49
40
38
45
34
45
51
36
48
44
40
55
42
50
54
41
52
36
38
38
31
44
49
31
50
47
42
49
38
44
45
44
49
39
40
44
39
48
49
33
40
36
37
47
39
44
48
38
48
42
44
50
39
46
53
35
51
42
41
45
29
39
36
32
45
45
44
51
41
58
57
44
61
47
48
48
41
48
44
34
46
44
44
46
32
40
46
36
51
41
47
52
45
53
55
47
53
49
45
55
44
62
54
45
53
46
46
51
47
48
58
45
60
52
56
59
41
56
52
38
57
46
45
51
48
57
57
45
58
44
57
59
50
62
58
47
58
52
52
62
49
56
57
45
63
52
58
62
49
54
63
43
67
60
54
64
53
59
65
54
64
60
55
59
47
57
62
44
61
49
51
61
44
50
53
41
55
45
48
52
47
54
64
56
70
59
57
61
55
59
65
53
58
53
47
50
46
54
58
43
60
52
53
67
61
60
60
51
58
59
57
63
53
61
62
44
66
52
53
57
54
56
69
49
64
63
60
66
52
63
56
50
60
51
52
59
47
49
50
40
63
62
64
72
60
63
65
65
71
64
63
57
48
52
61
45
60
53
54
60
52
53
54
52
60
53
54
65
55
58
64
57
60
60
59
59
49
52
58
55
69
58
53
57
44
62
67
61
72
65
71
69
65
64
59
44
60
55
58
68
57
71
74
63
72
65
65
71
63
62
64
57
73
64
66
68
54
65
69
60
64
59
56
71
64
67
63
45
65
59
67
76
58
65
75
64
74
70
62
70
60
68
72
63
69
65
69
67
57
60
65
58
64
59
53
63
59
69
76
65
76
70
74
77
61
67
74
57
71
63
57
65
57
67
68
64
72
60
64
73
64
73
74
60
68
61
57
63
57
67
70
58
67
62
62
69
59
62
69
61
73
69
71
74
65
69
67
59
63
55
53
60
48
60
58
52
57
58
64
73
69
73
77
66
72
67
73
70
58
63
62
59
73
69
74
68
60
64
67
65
73
64
62
70
61
72
69
67
76
64
63
68
62
68
66
58
66
61
68
67
56
68
66
59
70
65
57
64
55
69
64
56
59
52
59
64
57
73
68
61
61
52
52
64
51
59
55
51
61
56
62
65
55
57
57
47
67
58
56
61
51
63
58
53
54
52
53
68
56
67
65
58
67
58
59
73
51
64
62
55
64
61
62
59
46
53
46
46
67
54
56
64
53
61
60
55
68
59
56
62
46
61
46
41
55
48
49
61
41
58
60
51
61
57
54
60
49
63
59
50
66
53
55
60
49
60
67
56
61
51
49
60
50
65
65
56
66
63
58
71
53
59
60
47
56
51
52
57
53
60
60
55
60
58
64
74
63
70
75
65
71
62
59
60
55
64
64
64
69
65
66
79
56
64
59
57
67
72
69
71
62
70
71
68
79
63
65
72
58
68
71
63
69
64
63
65
59
66
69
63
68
62
60
71
54
67
64
59
66
69
67
70
59
68
71
73
75
65
64
72
60
67
69
64
70
73
70
72
65
79
69
63
66
60
60
70
60
71
65
61
62
62
63
70
58
74
69
75
78
69
72
76
61
74
73
66
78
69
71
77
60
60
52
52
62
60
66
77
58
78
72
70
76
71
72
78
60
71
67
66
69
60
54
63
46
69
69
63
70
66
67
78
66
76
74
67
78
68
73
79
60
71
70
65
70
66
63
68
60
73
71
70
75
65
71
79
61
73
61
53
60
50
55
64
61
69
66
63
70
68
79
78
67
79
73
68
77
72
73
78
61
69
71
70
77
69
71
79
62
77
66
63
67
63
66
76
64
76
71
69
75
65
70
75
62
72
69
68
80
74
66
70
56
63
64
68
68
61
60
60
50
69
65
66
72
69
72
81
66
77
69
70
70
60
66
64
57
69
68
65
76
62
66
72
65
79
69
69
73
63
66
73
61
78
66
62
66
57
64
77
57
66
64
61
69
63
70
74
56
69
60
57
68
57
59
67
54
59
55
49
61
52
58
69
59
75
67
68
80
68
62
74
53
67
67
64
74
68
67
68
52
63
57
60
72
61
60
66
56
69
72
65
67
62
61
68
58
71
63
60
68
57
57
69
55
70
67
63
68
65
68
72
57
72
63
57
67
57
54
61
50
62
67
62
64
56
60
71
58
68
64
59
66
61
64
75
54
65
61
57
63
62
61
67
61
66
62
57
69
59
63
68
64
76
78
69
78
69
69
75
64
71
68
63
68
62
65
70
54
64
63
57
66
63
59
64
57
70
68
71
72
62
68
72
63
73
73
68
72
56
57
55
54
65
62
59
65
60
66
72
56
67
61
58
66
63
63
66
58
71
62
60
62
47
59
62
51
65
63
56
68
57
65
71
62
69
61
55
62
50
58
61
45
57
46
46
60
50
60
68
62
72
76
77
78
68
71
69
56
70
61
60
68
64
70
70
58
64
63
64
75
63
74
77
67
82
70
71
75
65
67
70
59
67
65
71
73
55
63
64
54
75
70
66
76
62
67
75
62
70
58
57
67
54
66
71
58
70
70
62
68
60
63
72
65
76
69
69
73
60
61
71
61
73
67
63
67
55
62
69
63
70
64
62
67
63
72
72
61
71
68
68
77
65
72
72
60
69
70
69
72
63
71
70
56
70
62
59
68
56
63
69
64
74
70
74
78
64
78
74
66
78
69
67
81
58
59
59
49
65
68
68
69
61
64
73
62
75
67
65
73
59
65
75
62
69
66
60
65
52
63
62
53
66
63
60
73
59
67
72
65
74
72
69
75
55
64
64
56
63
52
53
60
53
66
72
61
68
66
65
77
65
75
66
57
62
54
54
70
54
66
69
54
66
62
55
63
49
62
61
56
73
66
67
78
51
64
67
52
66
61
58
68
58
62
54
46
63
56
56
71
56
65
62
57
66
67
55
59
51
59
63
61
74
70
68
76
60
64
79
64
74
69
64
71
63
65
70
58
69
68
65
74
58
66
66
59
67
64
63
63
56
66
73
61
68
61
58
63
48
64
71
57
65
62
56
66
53
63
64
55
62
49
55
63
49
59
56
50
61
66
66
79
59
71
71
74
72
66
65
73
61
66
69
59
67
66
66
76
67
74
73
68
79
69
66
76
60
65
71
64
73
70
73
72
55
62
64
69
77
67
69
76
68
76
73
64
71
63
62
66
58
70
62
48
62
49
50
58
48
68
68
63
73
66
71
71
57
65
60
56
59
58
56
62
49
74
66
60
54
53
59
70
66
74
70
64
78
68
76
83
60
73
72
65
75
64
62
79
64
72
67
61
68
61
63
80
56
74
72
61
68
59
52
63
47
60
55
52
71
66
77
76
61
62
66
65
79
65
63
71
58
70
59
61
68
60
63
69
58
69
71
64
73
64
60
67
54
68
68
61
68
60
65
73
58
65
70
61
77
64
64
72
60
69
70
56
62
56
52
62
46
63
57
49
69
62
64
86
66
77
74
67
72
66
64
71
58
60
56
50
65
59
58
63
54
62
70
71
74
69
69
74
59
71
69
63
70
65
67
72
57
63
58
56
64
61
66
74
57
69
71
69
78
61
64
70
55
60
67
55
64
55
58
61
47
67
66
69
77
68
67
79
60
65
68
57
70
67
67
73
60
63
65
63
69
62
58
71
58
74
77
66
76
68
74
84
69
77
71
65
82
65
69
80
57
73
68
67
74
71
70
77
60
74
68
67
77
64
68
72
56
72
72
72
74
70
72
76
69
78
64
60
68
61
62
78
59
74
77
77
80
73
70
81
62
76
78
73
81
66
66
71
49
68
74
65
75
65
65
80
64
79
72
66
72
63
70
77
60
70
73
64
70
59
53
69
57
69
67
71
71
66
69
82
66
77
82
73
80
68
67
74
67
72
65
63
61
63
68
79
66
71
67
63
73
70
73
75
63
74
72
72
72
67
71
80
57
70
62
59
69
63
61
69
68
78
72
70
75
67
76
75
56
67
61
59
69
69
68
70
56
70
74
72
80
69
72
84
65
84
68
66
73
66
71
77
65
76
74
70
74
60
68
74
61
70
69
72
79
71
72
79
60
74
70
71
73
58
65
72
63
76
63
58
64
64
70
81
58
74
65
68
62
54
71
72
60
70
68
62
76
67
71
78
55
70
59
60
65
58
57
72
57
80
69
70
82
64
70
82
58
70
64
67
74
68
68
72
52
66
62
58
74
62
66
77
60
71
72
66
70
61
58
71
58
73
66
62
64
51
53
64
50
62
63
63
74
73
75
81
65
78
63
61
67
57
56
65
56
61
61
53
57
51
60
68
