56
52
60
49
55
67
49
54
46
43
50
50
54
51
40
48
48
46
58
51
53
55
48
59
58
54
57
55
51
50
46
47
50
50
59
50
54
60
49
57
54
55
59
65
63
62
54
59
57
60
64
51
54
53
50
60
66
58
61
55
63
65
69
71
63
64
65
54
58
61
50
57
55
50
53
53
56
59
56
62
58
70
73
63
65
69
60
58
60
57
59
55
60
60
60
62
58
55
56
55
62
66
61
66
67
68
68
66
72
65
59
67
63
70
71
60
65
65
55
62
54
57
63
54
62
58
55
61
52
56
60
48
65
66
54
63
56
56
64
62
59
60
49
57
51
60
59
52
59
58
53
68
64
65
69
59
60
62
59
63
61
58
63
52
64
58
52
63
59
56
66
59
62
64
59
66
59
61
63
52
59
59
51
66
59
47
51
37
48
52
56
62
56
60
70
62
74
77
60
64
62
56
65
56
57
62
56
57
54
56
59
52
61
64
61
70
62
57
64
59
64
70
64
64
61
54
61
50
61
55
50
53
49
52
67
54
57
57
50
57
58
60
57
46
51
52
44
59
52
55
64
58
61
64
61
61
57
58
59
55
66
72
66
74
70
65
80
61
62
64
62
64
70
70
70
58
59
57
43
54
44
46
51
42
55
58
53
57
51
53
59
48
61
52
51
58
48
49
58
36
52
48
49
57
58
55
62
52
66
70
65
77
65
62
59
50
58
63
51
59
51
49
61
55
64
62
57
62
61
63
74
59
67
69
63
68
72
65
74
65
74
67
63
66
59
61
71
59
71
78
67
74
70
71
76
68
69
61
55
62
58
59
77
62
66
64
61
68
80
71
77
61
68
67
66
73
67
61
71
59
69
74
65
69
69
65
73
65
67
70
68
75
69
73
80
68
77
73
70
72
78
71
77
64
75
73
79
79
70
68
75
58
72
76
62
63
60
59
71
67
76
73
70
72
69
77
80
66
76
75
67
67
66
58
68
59
65
67
77
72
66
69
77
65
76
74
69
75
69
69
74
65
71
65
65
59
53
65
71
59
64
63
66
70
68
70
70
61
66
62
68
67
60
58
66
51
65
58
58
62
60
66
76
67
78
72
72
78
71
78
75
62
73
67
69
77
69
68
76
58
65
67
72
71
65
65
71
59
78
71
71
69
64
67
76
63
68
66
67
71
63
70
70
60
73
68
65
78
64
69
74
58
68
61
61
64
60
62
73
57
80
74
68
70
63
59
78
63
68
66
64
70
65
72
76
59
70
69
66
79
62
61
73
62
66
67
66
65
62
62
70
59
72
68
66
72
68
66
81
63
72
70
68
71
69
73
75
61
64
59
58
69
62
63
72
62
76
81
77
80
72
72
79
62
72
64
67
73
67
65
80
54
64
66
67
69
70
73
76
66
76
71
66
78
68
68
78
64
73
77
72
71
65
69
70
67
83
71
73
78
73
76
88
71
77
71
68
67
67
70
71
58
74
70
69
79
66
77
81
66
76
76
68
73
64
72
75
62
73
68
73
72
68
71
84
67
73
68
66
71
74
73
74
64
71
68
70
78
68
72
75
59
70
74
68
77
65
73
75
71
74
64
67
72
60
65
79
63
75
68
74
78
76
74
77
70
81
74
75
79
66
69
69
56
72
78
76
80
74
77
85
77
85
75
74
80
72
78
84
67
77
74
74
72
72
67
76
64
80
81
80
78
71
75
81
68
73
75
67
70
58
57
63
57
69
66
66
69
61
73
82
71
79
76
73
77
68
74
79
62
71
67
77
74
72
73
80
71
76
71
66
74
69
71
77
69
78
74
74
74
69
73
77
64
73
69
71
74
73
72
70
61
65
65
70
76
68
70
74
60
71
69
73
65
62
65
71
72
77
73
74
77
64
79
74
60
70
68
71
75
72
82
76
71
83
74
78
76
66
68
73
64
81
72
73
72
63
64
75
68
82
71
65
74
66
83
78
72
70
68
68
77
67
72
74
64
74
64
66
62
54
68
75
70
86
78
81
83
78
84
89
74
81
73
77
80
67
80
79
64
74
63
58
80
69
76
76
62
73
74
76
75
68
74
87
68
84
73
71
78
68
75
80
67
73
73
75
79
68
77
81
72
78
74
67
80
65
76
73
65
74
65
76
83
70
70
74
63
79
70
66
70
65
74
84
69
79
74
73
80
71
76
79
70
81
71
70
79
74
70
74
62
69
79
71
77
71
75
77
67
82
70
71
71
68
73
84
63
68
69
62
70
77
69
61
86
-213
100
59
-451
-402
-458
-459
-458
-454
-458
-455
-453
-455
-454
-453
-455
-454
-454
-455
-454
-455
-455
-454
-455
-455
-454
-456
-455
-456
-456
-455
-456
-455
-456
-457
-456
-457
-457
-456
-457
-457
-457
-457
-458
-459
-458
-458
-459
-460
-464
-466
-465
-464
-463
-461
-459
-458
-456
-455
-420
-386
-356
-314
-281
-252
-219
-201
-186
-154
-142
-123
-101
-86
-80
-71
-58
-44
-34
-22
-19
-15
-11
-14
-7
12
22
27
26
32
28
46
42
41
45
42
50
49
57
56
51
51
57
58
51
60
49
54
55
57
56
58
52
54
53
56
57
62
67
65
64
61
55
58
58
57
53
48
41
39
53
45
43
40
46
40
46
45
42
42
36
38
33
39
30
40
31
37
35
28
33
21
28
27
28
26
30
25
31
26
18
23
21
15
15
7
10
5
9
7
4
0
0
-5
1
4
2
10
5
7
-1
7
3
1
-4
-8
-11
-12
-6
-13
-9
-15
-15
-16
-7
-18
-22
-18
-19
-15
-14
-13
-15
-22
-17
-19
-14
-20
-23
-24
-28
-27
-26
-21
-24
-19
-27
-24
-32
-22
-24
-20
-21
-28
-29
-24
-16
-24
-25
-21
-18
-19
-18
-14
-15
-10
-9
0
-1
-7
-15
-13
-5
-6
-4
6
4
5
5
11
11
18
9
17
14
18
5
18
24
22
21
19
20
20
34
23
30
32
22
30
36
34
29
37
29
32
27
44
32
31
44
30
35
46
25
37
33
36
41
40
44
50
45
58
52
48
64
54
53
52
38
44
59
47
55
46
44
56
46
66
64
59
61
59
63
74
61
67
73
65
75
67
69
79
66
79
78
72
80
68
72
82
74
81
94
82
94
85
87
89
89
88
84
78
86
87
89
106
90
97
95
90
99
100
97
96
92
99
92
100
101
96
101
105
94
107
110
96
101
96
100
101
103
101
99
91
108
100
104
113
97
103
102
102
106
111
106
102
97
103
102
97
106
98
99
101
89
98
98
95
99
93
100
101
99
106
108
102
107
99
109
109
102
104
100
100
103
105
97
99
92
112
104
110
112
102
115
112
104
115
107
105
110
105
104
108
104
112
106
101
98
89
108
109
98
106
102
97
104
106
107
110
96
105
99
107
108
95
98
108
95
111
107
99
110
107
112
117
111
117
110
112
109
105
114
119
104
114
111
106
119
114
117
121
105
110
102
117
114
110
106
120
102
122
113
107
117
103
106
109
103
107
106
102
112
107
106
110
93
108
101
99
106
101
99
103
92
103
100
103
104
102
103
109
96
119
105
102
105
94
95
108
96
105
109
102
110
101
117
114
105
112
106
103
115
110
106
115
106
112
110
112
112
100
109
112
106
117
110
110
114
111
112
123
106
115
108
103
109
105
114
112
107
106
107
100
111
107
114
121
110
120
121
133
131
128
126
119
109
121
119
110
117
107
121
122
107
114
105
112
117
115
120
119
108
119
116
113
125
104
118
115
108
108
116
113
115
112
109
115
101
123
113
115
122
110
114
129
116
116
111
105
114
109
113
114
103
122
113
118
130
114
113
116
112
111
117
107
110
107
114
116
106
123
114
113
112
107
108
123
108
116
111
105
112
104
113
112
100
112
111
109
117
108
112
118
102
113
117
106
112
102
107
109
101
103
95
93
99
90
96
108
92
110
103
99
104
108
106
109
99
100
102
93
108
91
99
96
83
99
97
94
101
99
93
100
96
93
99
95
103
94
98
100
90
101
90
94
95
101
89
96
81
96
90
92
100
82
92
95
88
96
94
80
84
80
79
82
79
84
81
82
84
72
72
78
76
77
80
75
75
79
76
80
68
75
72
82
79
71
76
71
69
77
73
61
61
55
62
70
70
74
67
72
73
68
71
72
68
72
72
68
75
70
72
74
65
71
66
75
74
72
70
72
62
75
77
70
81
72
81
79
82
80
73
71
76
67
77
74
59
68
70
70
75
69
74
76
74
79
76
82
77
70
79
75
68
86
79
81
84
68
72
74
70
79
75
70
81
71
90
86
74
87
75
78
85
77
78
87
71
78
78
77
80
67
73
84
77
97
84
87
90
84
83
89
81
86
75
79
85
77
93
84
78
85
81
79
92
85
88
96
83
96
86
94
93
93
99
90
88
102
93
91
100
92
97
102
90
103
90
99
100
92
106
96
85
105
96
93
114
90
99
98
96
100
100
106
110
104
105
110
85
110
100
99
106
99
107
113
105
110
109
114
106
104
113
114
103
112
108
102
118
101
105
99
103
108
111
109
111
104
113
111
104
115
104
110
111
103
109
116
102
110
108
96
102
90
117
105
101
115
111
113
128
119
126
124
114
120
122
116
109
116
114
115
123
113
112
117
113
117
125
111
120
117
118
122
118
124
118
113
120
115
114
130
116
124
123
113
119
120
120
124
110
120
118
116
125
117
116
122
106
115
121
109
122
117
118
125
125
126
121
116
133
135
135
144
126
132
132
129
136
143
130
137
128
134
138
135
138
133
129
131
121
125
131
126
135
135
128
135
134
137
141
130
139
134
134
139
125
132
163
165
178
180
167
171
151
164
160
156
156
147
147
155
147
154
157
142
149
147
144
146
143
139
138
133
134
129
130
136
130
136
138
134
141
148
138
143
132
137
137
139
138
137
135
138
129
138
133
122
125
122
126
132
132
137
134
129
136
133
139
139
128
135
131
126
131
129
128
131
119
129
128
132
138
136
137
141
129
145
135
131
139
132
128
135
129
135
130
127
130
134
142
135
121
124
125
123
135
129
127
131
127
130
130
132
133
124
121
126
114
134
127
122
129
123
119
126
116
127
124
121
126
115
121
124
108
122
121
116
130
127
123
131
123
132
131
127
128
122
116
126
115
135
130
125
127
124
123
139
124
128
129
123
127
119
125
127
117
125
122
112
127
118
120
124
115
125
127
126
131
131
131
133
123
132
129
123
125
115
120
133
113
114
111
109
115
117
124
124
118
128
135
128
144
132
126
129
120
123
127
122
124
124
121
127
114
126
124
122
128
126
123
136
125
130
130
128
124
125
125
127
117
127
124
122
130
125
120
122
120
127
133
127
126
122
125
125
111
125
116
114
116
113
111
122
113
123
121
117
120
126
123
129
122
125
119
120
127
122
125
131
121
126
129
124
121
117
116
123
118
127
119
118
120
119
120
129
114
126
120
119
126
130
126
123
113
123
116
120
124
116
117
121
102
112
111
105
109
105
110
113
112
123
115
118
125
111
117
126
109
120
110
111
114
115
108
114
97
115
114
118
121
113
114
118
106
118
117
112
117
111
111
119
112
116
113
110
113
106
109
117
104
117
113
112
116
116
112
123
106
119
107
114
111
105
105
111
97
114
119
108
118
108
112
123
118
120
119
115
121
111
117
123
101
115
112
108
115
114
113
124
107
114
107
114
112
107
113
121
105
119
116
112
115
108
107
114
107
112
107
105
112
105
119
117
102
112
108
112
118
111
107
111
102
110
110
115
119
111
115
123
110
130
121
115
118
105
108
112
102
112
109
109
112
105
118
121
109
121
116
114
124
114
113
122
109
119
120
123
120
114
115
122
112
132
122
121
123
117
119
129
124
125
117
117
118
114
119
116
106
117
107
104
116
106
111
126
114
126
123
125
126
114
123
124
106
127
112
112
118
112
115
128
113
118
111
111
120
116
125
127
113
124
120
118
132
123
118
124
109
121
116
116
116
116
118
122
110
126
116
114
122
114
117
131
115
125
118
114
116
111
115
121
107
118
116
116
132
118
118
122
103
116
118
112
112
106
111
119
106
123
113
108
112
105
106
124
105
115
114
111
112
107
104
113
103
115
108
108
120
110
108
115
103
109
120
110
112
107
108
113
106
114
98
97
101
96
98
115
97
110
103
106
112
110
113
114
104
112
105
103
109
99
101
107
96
106
107
100
108
101
105
108
102
111
109
103
110
103
104
115
98
108
103
104
109
111
107
104
95
102
98
100
107
97
109
109
99
109
109
102
101
99
98
102
99
106
102
101
110
97
104
112
102
116
110
110
113
113
111
115
103
109
102
111
112
101
107
110
99
109
109
100
105
97
102
110
104
113
107
106
109
102
109
117
104
109
102
101
106
103
103
105
91
111
98
106
104
95
105
99
90
105
99
98
108
102
109
104
106
114
104
106
108
101
112
111
95
110
95
101
105
102
103
110
98
109
109
111
108
95
103
106
91
113
109
96
101
96
95
103
91
99
93
98
101
92
107
107
92
109
102
100
106
97
102
105
91
102
93
106
101
81
100
100
95
122
107
104
105
101
102
107
103
104
100
99
105
94
111
102
100
103
103
96
101
92
101
104
98
103
96
99
105
95
105
104
93
111
93
87
98
89
98
105
96
100
93
94
97
90
107
93
91
100
93
93
105
89
102
97
85
105
99
105
104
99
112
102
89
109
89
94
102
90
107
106
93
104
95
102
97
89
105
97
87
100
92
91
110
89
97
93
87
92
98
99
97
88
99
98
85
112
96
91
102
85
97
100
85
93
90
92
86
80
89
92
83
96
89
95
117
92
104
102
95
108
100
93
99
83
96
91
90
111
90
97
90
85
95
112
86
101
90
92
102
90
105
92
86
98
86
92
104
87
93
101
85
97
96
82
97
85
101
96
88
100
84
94
99
83
85
104
81
95
93
95
96
92
100
93
88
93
95
96
105
90
94
94
85
100
99
93
100
95
96
93
88
95
93
88
100
83
91
97
76
98
90
96
93
99
95
103
83
100
93
93
103
83
92
90
84
96
99
92
92
84
84
88
87
94
87
95
100
89
103
102
94
102
99
102
101
100
97
99
87
102
86
99
96
85
100
96
94
104
105
94
105
91
99
97
98
101
89
99
96
87
89
100
84
96
91
89
102
95
106
99
92
108
90
107
106
98
98
99
89
109
95
96
96
91
110
97
100
102
97
101
102
94
108
104
93
110
94
103
95
98
99
97
93
106
98
107
105
92
103
92
86
108
95
101
105
92
104
108
100
104
97
92
106
90
112
104
93
106
96
92
101
89
92
99
88
101
83
93
97
79
98
93
90
103
94
97
97
87
96
96
89
97
78
87
92
87
105
92
90
94
91
93
102
87
92
94
86
96
81
92
92
78
96
92
86
97
84
84
93
76
92
91
90
95
87
89
93
86
98
85
79
82
82
81
93
75
81
82
87
86
86
93
92
89
93
93
88
100
82
86
89
77
87
91
91
91
87
82
87
77
88
81
83
93
84
88
101
82
98
85
90
91
92
94
90
80
93
89
83
99
83
89
90
79
97
93
90
93
88
84
89
79
98
86
86
90
85
91
101
84
94
93
92
93
95
87
88
76
93
86
87
94
85
90
95
86
90
95
85
92
84
87
97
79
104
85
86
85
77
81
95
79
92
87
82
97
88
89
86
78
93
89
88
95
88
84
96
77
87
90
72
91
88
93
94
90
98
99
91
101
94
92
107
80
96
85
83
89
93
93
91
83
88
90
91
101
86
90
100
81
100
98
92
99
90
90
96
88
92
94
88
100
90
91
98
79
98
88
90
90
101
88
103
87
96
88
88
92
84
86
93
86
93
100
91
91
94
88
100
92
101
90
92
97
91
99
96
90
98
95
96
95
100
92
103
85
98
86
99
87
91
96
96
88
105
98
88
98
86
91
103
92
101
90
97
92
94
92
99
82
99
84
81
89
88
86
88
84
92
88
104
96
97
90
103
82
110
91
90
94
91
96
89
90
95
86
86
92
90
97
94
84
103
90
97
90
92
96
93
87
95
92
96
94
88
87
91
73
99
85
92
94
88
86
103
86
95
93
83
99
80
91
90
75
91
84
82
90
81
81
99
81
99
89
91
97
83
90
93
83
98
86
87
91
88
86
101
83
94
86
80
85
85
97
89
83
90
89
86
101
86
87
93
81
92
84
87
86
80
91
96
77
93
90
81
93
81
84
96
77
91
87
86
90
89
92
99
78
94
96
87
105
86
91
90
85
86
92
90
91
93
89
97
87
104
90
93
94
90
92
100
88
96
90
88
92
88
86
90
81
95
89
84
98
83
90
90
83
97
94
90
89
84
87
90
76
90
79
84
80
77
87
99
83
93
93
88
92
90
102
92
85
90
79
84
91
82
87
92
83
90
93
83
83
79
87
87
85
90
86
86
89
86
87
95
80
90
85
87
87
87
91
88
80
84
76
78
94
81
87
88
75
91
86
79
88
69
80
81
77
86
79
79
87
82
85
87
73
85
81
84
84
85
83
83
75
81
83
84
90
77
86
83
74
84
86
81
82
75
76
80
81
87
84
75
83
72
87
89
79
85
78
82
87
85
80
88
77
87
81
75
80
67
78
78
72
81
87
79
91
77
87
92
86
94
81
78
83
74
83
85
74
76
75
70
78
80
79
82
75
80
76
83
80
77
79
81
77
80
81
76
82
72
78
77
75
74
72
73
76
75
83
83
73
81
75
79
81
70
75
74
69
73
70
74
77
73
78
80
67
87
78
74
79
71
75
77
76
78
80
71
79
69
82
78
69
82
76
80
81
79
77
79
75
81
81
87
86
76
83
81
76
86
76
78
79
76
83
84
82
92
79
77
79
65
87
79
72
81
75
77
87
78
80
82
71
85
82
88
87
71
79
81
72
83
73
68
74
74
81
84
76
86
80
79
88
76
91
89
77
86
78
74
92
78
87
85
66
79
78
82
81
73
81
83
73
93
85
78
88
73
80
88
72
74
70
74
79
72
82
79
71
84
78
81
101
81
89
88
80
85
85
79
85
76
82
86
77
93
81
81
82
77
77
89
80
86
85
81
86
88
89
89
79
83
85
81
93
80
84
85
76
81
83
77
80
73
81
84
77
85
74
74
78
75
81
91
72
84
83
81
81
82
85
