69
79
63
80
68
68
70
74
73
79
69
80
70
73
76
66
71
74
57
78
71
68
77
66
75
84
74
81
69
72
77
64
76
78
61
72
70
72
79
78
82
95
71
84
72
71
82
69
75
81
66
88
74
73
81
69
71
82
66
79
67
70
80
71
75
72
56
68
72
69
79
72
71
84
67
80
74
74
74
68
69
72
61
74
74
65
71
67
58
60
52
68
65
66
70
67
79
79
72
83
77
74
83
69
70
73
59
71
70
68
68
64
70
75
59
76
68
68
81
70
77
81
71
79
72
72
73
68
80
83
63
73
64
59
73
68
72
75
71
80
79
76
80
68
72
79
61
72
62
63
67
65
66
72
64
70
72
70
78
68
85
77
68
77
67
72
76
71
74
76
65
82
74
71
73
61
67
72
66
79
71
71
75
65
73
85
65
84
69
70
74
64
74
74
63
74
66
68
82
63
68
77
59
75
71
67
73
60
67
72
59
73
64
66
75
64
74
85
58
71
63
59
63
58
65
66
59
74
70
68
86
67
74
70
60
70
75
73
75
69
70
75
60
69
71
65
77
67
77
81
66
80
75
72
75
70
72
78
63
77
67
66
76
52
58
55
53
64
74
71
77
65
73
82
73
86
71
73
74
67
71
77
60
66
69
60
71
69
72
74
70
79
71
71
76
71
78
81
69
75
75
64
73
61
65
73
68
74
66
61
65
64
69
78
63
68
68
69
76
69
67
64
57
62
57
61
69
63
68
74
61
67
74
76
78
68
77
71
69
75
68
65
66
58
61
71
58
70
67
68
70
65
62
58
54
69
69
71
73
59
68
71
63
68
62
63
68
63
67
72
67
82
67
63
64
56
72
73
62
73
60
59
64
64
67
71
60
75
71
76
76
64
73
75
65
74
67
59
68
62
69
75
66
77
67
74
77
65
76
75
62
70
67
62
75
67
73
72
58
68
63
71
72
58
65
74
62
76
75
69
76
63
71
73
64
70
62
62
66
56
61
63
50
65
64
66
79
68
78
74
61
68
60
61
63
49
59
65
57
77
69
62
64
59
67
73
68
75
72
66
81
68
78
76
61
72
65
66
74
59
64
72
65
71
66
63
66
60
64
67
59
75
68
65
72
60
60
68
54
62
64
65
71
65
79
69
64
68
65
69
73
62
64
70
63
68
67
71
71
61
68
68
60
71
65
70
71
58
62
66
56
68
61
67
74
63
69
68
65
77
68
69
76
59
70
66
60
68
65
67
67
57
66
67
59
76
66
66
81
70
82
87
73
94
81
82
85
74
82
79
70
82
66
68
80
63
77
76
69
77
75
72
79
74
80
79
69
86
69
71
69
61
71
73
61
65
60
61
71
64
75
71
64
78
69
73
80
57
66
62
53
63
66
67
75
59
74
76
65
85
73
76
88
72
85
90
73
82
67
66
74
66
76
74
68
78
75
67
72
56
62
68
63
75
75
69
80
64
76
75
68
74
71
68
72
67
74
74
64
72
62
60
65
60
69
71
62
67
64
68
73
61
68
68
66
74
71
71
79
71
80
75
70
72
63
67
76
61
71
72
68
78
73
76
77
70
74
71
64
71
64
69
76
58
67
63
54
65
68
64
69
60
66
66
68
74
64
66
71
60
69
71
67
76
67
63
65
55
58
58
56
66
63
70
74
65
81
75
70
75
71
68
73
57
66
67
69
71
61
62
66
61
77
73
64
72
65
71
79
65
80
68
69
70
65
75
74
55
70
63
56
70
57
63
71
60
71
69
68
74
72
72
75
59
75
66
56
66
61
66
83
65
77
73
65
78
72
79
84
65
78
72
67
84
72
69
79
65
76
74
74
76
70
69
78
62
74
71
66
78
69
72
84
67
75
72
66
72
64
70
77
59
73
71
67
80
66
64
68
62
71
75
71
74
66
68
76
65
81
73
71
80
73
78
91
69
81
75
68
73
64
70
76
64
75
69
69
80
68
73
81
64
77
79
71
77
67
70
77
62
71
66
64
75
70
71
85
61
74
72
74
80
75
73
77
63
74
66
68
80
65
68
71
54
59
64
69
74
73
75
84
69
87
77
74
72
67
67
80
60
71
68
70
75
71
70
73
59
75
70
69
79
67
75
80
65
79
74
73
78
68
71
78
62
75
69
61
64
59
63
76
62
75
70
71
80
71
68
78
54
68
62
59
67
61
66
77
62
72
73
67
76
68
73
80
66
76
71
71
78
74
74
88
62
76
70
67
76
73
72
78
64
73
68
74
80
70
76
85
71
84
80
73
77
69
73
80
70
79
75
75
79
67
70
75
56
72
69
68
74
72
77
85
71
90
81
85
88
80
83
86
71
83
76
67
73
62
66
82
73
83
78
76
85
76
82
91
72
85
76
75
82
72
71
83
65
77
70
71
73
68
73
80
65
84
75
71
78
71
73
80
68
71
65
65
69
67
75
72
59
72
70
71
82
76
81
88
75
90
79
84
81
70
75
79
64
86
76
76
81
68
74
77
65
82
72
79
83
72
85
86
71
87
73
71
80
71
76
79
64
79
70
74
73
60
65
78
61
81
70
69
74
64
72
78
65
73
74
82
76
88
-93
297
1076
425
609
498
-185
360
-9
-190
326
-348
-74
41
-448
28
-269
-428
34
-452
-284
-138
-454
-135
-354
-445
-83
-453
-354
-186
-453
-191
-360
-448
-107
-450
-356
-180
-453
-197
-341
-79
-312
-452
-455
-457
-455
-456
-432
-445
-387
-364
-326
-316
-281
-252
-206
-199
-179
-151
-135
-122
-105
-88
-77
-70
-56
-37
-30
-22
-18
-16
3
9
17
25
30
30
37
37
46
44
46
51
53
53
58
56
66
65
63
63
63
59
71
72
77
73
73
76
78
77
84
78
79
77
74
78
76
68
75
73
79
77
81
80
87
86
89
85
93
83
83
88
88
80
89
83
84
83
81
81
90
87
84
82
79
76
80
88
86
79
83
84
87
89
90
86
84
78
80
77
86
79
80
82
83
75
82
75
78
80
79
75
80
73
76
76
82
85
79
88
88
83
88
89
85
89
85
80
76
71
79
81
85
79
86
81
83
79
84
80
77
76
74
73
79
71
71
73
71
66
70
70
73
72
71
72
73
76
70
73
75
74
70
74
76
65
67
65
62
59
60
52
54
48
55
56
63
60
62
66
75
73
75
76
66
64
60
51
57
57
55
49
54
50
49
50
52
48
48
52
49
50
57
47
54
50
48
51
57
48
51
48
51
50
50
51
40
38
49
46
49
52
47
49
48
44
49
52
47
45
42
48
49
47
53
52
54
53
52
53
62
56
59
54
56
43
56
57
60
63
59
62
61
64
63
61
63
59
65
72
67
62
61
63
64
70
72
71
77
75
77
78
83
75
75
77
75
79
82
80
86
79
77
65
74
81
71
81
79
76
86
92
85
88
83
90
93
96
90
90
91
94
89
87
86
79
82
90
90
90
104
90
96
91
94
92
92
94
87
90
92
90
88
96
86
87
82
83
84
96
87
88
88
86
94
93
95
84
86
90
87
87
87
81
80
82
79
79
86
79
84
87
92
89
90
90
93
93
88
91
84
90
81
83
91
78
83
92
89
81
81
77
79
82
86
80
82
86
88
88
95
86
81
94
84
81
83
85
84
84
84
75
79
81
75
83
83
82
82
86
84
83
75
80
77
73
91
76
85
91
72
92
94
83
87
79
82
91
79
87
84
80
92
83
84
95
84
93
93
80
93
89
84
94
78
87
83
88
87
83
82
88
79
87
90
85
90
85
80
90
79
87
79
76
85
80
79
87
69
74
72
65
79
76
74
87
76
87
83
90
95
78
79
80
67
88
81
71
82
69
72
75
67
81
74
72
80
72
75
83
63
76
74
68
78
73
72
76
64
74
74
66
68
63
62
77
63
80
78
73
73
71
76
80
74
75
74
62
72
63
66
78
60
71
75
71
75
76
78
90
67
78
73
70
81
70
76
81
60
77
73
65
77
64
67
74
62
66
59
60
72
63
70
74
62
71
65
67
77
67
60
68
56
68
70
67
75
65
65
72
53
71
72
62
71
67
61
69
61
72
71
66
77
73
78
82
64
76
76
65
78
65
59
70
58
73
72
73
77
71
71
85
55
76
71
66
78
67
69
75
70
76
65
67
67
68
75
79
62
70
68
70
81
72
73
74
67
76
74
75
71
66
67
75
55
72
61
63
71
70
68
83
69
84
80
75
83
69
72
75
62
72
67
75
86
71
69
76
56
75
74
71
75
69
75
82
67
91
70
68
77
69
71
82
60
68
71
67
69
59
62
67
61
68
68
68
80
66
68
74
52
64
64
58
56
59
66
77
61
73
66
59
74
65
67
80
58
73
64
67
76
68
74
77
66
79
71
68
81
65
71
70
61
73
71
71
76
67
72
81
64
79
71
68
79
65
73
82
60
69
74
66
76
70
67
79
54
71
68
64
74
61
69
78
63
78
83
71
82
71
72
81
66
79
69
70
70
55
58
75
60
70
74
68
78
77
71
79
66
79
69
74
77
70
72
81
68
73
73
64
68
60
61
68
61
56
65
69
66
67
78
61
68
65
63
66
62
60
67
60
73
64
68
77
71
77
84
65
84
74
79
77
67
73
76
71
75
69
69
71
67
69
78
56
71
64
72
72
70
64
81
67
79
74
72
74
61
69
74
63
75
70
74
73
65
63
69
65
80
69
71
70
63
70
70
59
70
60
58
69
71
70
78
68
86
72
76
72
59
72
79
66
80
72
72
75
68
72
75
69
82
70
74
75
64
80
81
60
66
63
56
73
67
70
77
57
73
66
75
78
67
75
75
64
83
71
69
82
67
74
74
55
66
64
68
71
65
73
86
70
85
78
76
87
70
76
77
59
71
76
74
72
64
63
68
60
80
72
71
77
73
78
84
73
79
72
70
75
65
76
80
64
82
67
67
73
62
66
78
63
71
74
75
78
68
73
74
61
75
64
61
64
62
65
82
69
72
67
69
79
70
81
77
64
75
69
71
78
69
71
81
64
79
73
68
77
67
70
70
62
71
74
67
78
71
78
86
69
81
72
78
77
70
79
75
66
75
76
74
82
65
74
73
62
71
66
69
73
64
73
74
69
85
72
73
78
65
81
86
72
80
68
70
69
63
67
73
62
75
70
71
84
63
76
75
62
72
71
68
75
66
70
75
60
77
63
60
72
59
67
76
62
70
68
67
74
70
73
71
56
70
64
65
71
58
58
63
47
58
63
60
72
63
70
66
62
80
70
70
70
58
63
72
57
68
65
65
73
64
70
63
55
69
66
68
70
62
64
75
62
75
67
63
68
58
67
70
64
74
67
67
74
57
67
78
61
77
65
67
72
73
68
68
53
62
61
63
70
63
68
76
67
79
75
65
75
70
73
72
70
75
68
70
79
63
73
78
62
71
69
68
72
70
70
71
62
65
68
75
77
63
69
68
68
76
76
76
75
67
71
76
66
73
63
70
71
57
66
62
59
65
64
63
62
60
67
76
64
78
65
78
78
66
74
71
63
71
69
63
67
55
67
72
68
73
67
72
75
67
82
76
62
76
68
68
78
67
79
76
68
79
63
66
73
68
76
77
66
83
74
71
78
61
70
76
69
75
65
65
66
59
72
66
56
71
65
73
78
72
80
79
72
79
69
74
76
67
77
76
62
81
71
74
77
66
74
79
70
83
74
72
82
68
88
86
70
85
72
78
84
70
73
74
67
84
70
72
77
63
72
74
66
81
67
69
79
63
67
80
62
73
70
70
78
69
84
83
72
78
70
64
81
61
73
78
68
82
80
78
82
78
79
77
74
83
77
74
83
71
80
79
67
75
72
76
83
74
84
79
65
81
74
74
86
68
76
74
67
74
70
74
73
57
60
59
51
70
61
63
70
62
74
80
73
80
72
79
72
60
66
70
60
74
67
69
76
59
67
70
68
77
73
70
79
66
75
76
66
78
65
72
73
64
72
78
67
79
66
66
75
68
82
79
73
85
71
78
82
65
71
68
56
59
61
63
66
59
71
67
66
74
62
69
77
63
71
73
64
79
69
73
71
69
78
72
70
75
65
71
86
59
67
68
57
74
72
73
77
64
75
75
71
84
71
71
82
66
79
79
67
78
69
67
72
61
65
67
58
66
58
57
68
58
66
70
65
75
70
72
79
64
78
77
72
74
58
57
64
55
71
71
68
77
70
73
82
73
76
75
67
76
69
77
80
63
78
73
64
75
68
71
83
66
77
75
75
80
72
75
80
67
83
78
67
76
68
65
72
60
65
66
63
74
70
80
80
66
79
78
69
82
72
67
76
59
70
66
73
75
68
72
74
63
72
76
68
80
70
75
77
71
77
74
70
74
67
75
75
62
70
70
70
78
64
66
69
62
72
70
71
73
64
66
72
59
75
65
60
67
64
74
80
68
82
74
67
73
61
71
74
62
72
70
69
84
68
76
80
63
76
77
75
81
68
75
81
65
86
72
68
81
73
77
88
71
83
78
76
83
76
80
83
66
81
74
70
86
68
68
77
56
66
70
67
73
61
64
78
62
83
78
79
85
74
75
87
65
77
71
69
79
68
75
73
63
71
73
67
82
68
72
84
69
83
77
71
77
69
69
78
62
77
73
69
77
64
71
84
64
79
76
74
80
75
74
78
60
70
68
64
75
63
68
78
66
77
80
66
79
74
77
83
73
81
76
71
82
73
77
91
69
79
77
72
77
75
74
75
65
73
73
77
83
70
75
77
66
79
80
74
76
69
73
76
71
79
70
69
79
65
66
77
66
77
71
69
73
67
75
77
64
82
70
77
82
67
79
82
68
81
75
67
70
55
62
68
65
75
69
68
81
71
76
80
61
73
67
66
76
67
71
77
64
73
66
63
67
63
69
76
61
73
76
69
76
63
64
79
67
75
68
64
70
59
66
69
48
63
62
64
78
73
76
81
73
82
72
80
77
63
66
73
55
69
68
66
75
63
65
71
64
76
67
66
74
62
73
77
65
80
70
66
71
62
63
68
56
71
69
68
68
55
59
67
57
70
71
63
73
61
64
71
56
64
59
55
69
61
68
78
65
74
67
61
65
59
62
64
54
66
68
71
74
67
69
74
63
77
70
67
74
65
68
70
61
65
66
69
76
65
75
77
64
77
70
67
80
66
69
72
58
65
66
68
73
57
59
58
47
71
61
57
64
56
67
78
70
81
77
75
80
66
77
71
58
69
66
65
74
59
63
67
63
72
70
74
78
65
77
80
67
83
69
70
75
66
75
79
68
78
67
65
72
65
79
80
70
84
74
78
90
70
78
79
61
72
70
66
74
62
70
73
62
74
63
72
83
70
80
84
68
80
72
72
80
66
77
77
66
78
70
69
85
63
69
73
59
76
76
70
77
65
74
80
70
87
76
70
80
65
71
79
62
70
68
65
74
65
71
78
64
76
68
61
72
59
62
67
58
65
71
64
73
59
69
77
69
77
66
61
60
51
61
67
59
69
66
66
74
68
71
70
59
70
68
67
76
63
69
70
56
63
60
56
70
60
66
71
64
78
71
73
78
64
74
77
63
73
69
65
72
62
57
55
47
62
61
60
71
61
69
79
67
83
84
74
78
66
73
68
66
73
67
68
72
60
63
69
61
69
65
65
70
66
73
73
65
71
63
61
69
57
67
70
62
72
67
64
66
56
64
69
64
78
67
69
77
61
72
68
59
64
59
57
67
62
69
73
60
72
63
71
80
64
78
72
63
72
68
66
72
58
68
72
70
80
70
69
75
62
74
70
61
74
69
69
82
68
79
78
67
81
75
77
80
66
77
79
64
79
70
64
78
60
69
74
65
76
63
57
65
56
76
75
65
76
72
69
79
63
73
70
66
72
54
60
60
49
62
63
54
72
65
64
76
64
75
65
65
70
66
64
74
67
82
76
65
69
60
60
74
70
77
75
68
81
74
73
80
63
73
72
65
81
65
67
73
60
64
68
48
67
70
69
84
66
85
78
70
80
72
71
79
63
67
70
62
66
66
77
68
56
63
61
61
73
66
69
72
65
74
79
66
75
66
67
75
63
74
70
67
77
66
64
75
59
62
65
63
71
66
76
78
63
61
63
56
75
67
67
80
63
80
87
73
89
64
72
79
65
77
73
67
91
70
70
84
58
72
69
67
81
68
69
79
65
73
68
62
76
67
73
73
61
73
80
70
77
67
66
78
64
78
71
61
73
68
70
76
52
61
59
55
65
69
66
76
61
75
83
74
86
73
76
81
62
69
78
64
71
59
57
69
61
71
70
63
70
62
70
83
63
76
76
68
77
61
63
72
60
76
73
67
71
62
59
73
63
68
80
67
79
67
72
79
68
74
70
62
66
64
68
78
64
71
70
62
71
71
75
82
68
77
76
71
78
68
68
76
60
72
72
63
73
66
67
72
65
70
71
66
78
71
79
85
65
81
75
74
80
75
77
76
63
71
72
70
77
63
60
69
55
76
68
71
78
65
72
75
67
78
76
71
79
69
83
84
68
80
78
69
76
66
61
70
60
82
71
78
78
68
78
81
68
83
71
67
75
68
71
80
66
77
68
66
69
63
72
82
70
81
76
72
83
74
75
79
59
81
72
76
77
66
70
78
52
69
59
59
73
67
76
86
66
85
78
81
83
72
78
83
64
79
75
67
84
66
67
75
57
74
74
77
80
72
74
89
68
94
74
73
82
72
76
85
65
75
76
71
77
63
65
83
63
79
72
69
86
75
73
81
63
68
71
66
74
67
73
81
66
87
73
72
71
72
72
85
67
75
72
73
82
69
78
79
64
81
77
75
82
72
76
82
65
76
70
73
78
68
73
78
68
79
72
77
79
68
71
87
62
76
71
74
78
73
68
77
59
68
66
66
73
56
61
73
59
77
77
77
77
70
66
74
63
74
67
64
69
56
62
76
61
75
63
67
75
75
73
80
65
77
71
68
75
59
66
75
64
74
73
65
64
64
69
76
63
76
69
74
79
67
80
81
66
74
68
68
78
65
70
77
55
70
62
67
84
72
78
85
70
80
76
63
72
60
68
75
63
77
70
73
75
68
69
75
62
76
73
71
83
73
77
82
65
78
80
