75
92
76
76
91
72
87
84
72
91
78
84
92
70
91
82
67
92
72
77
92
69
86
88
74
90
76
74
90
63
85
84
69
86
73
76
93
66
79
74
65
87
78
83
88
65
85
84
72
94
80
79
94
74
90
93
75
93
78
75
86
65
86
83
71
89
79
81
96
67
89
89
73
91
80
78
82
64
82
79
66
87
68
67
88
66
86
87
70
90
76
78
87
65
84
79
67
88
68
71
84
56
68
66
55
71
72
76
79
62
78
84
69
95
78
77
85
63
77
84
69
86
74
77
82
67
83
76
64
84
68
79
87
66
84
80
69
83
75
74
81
62
77
75
68
88
66
74
77
63
78
83
68
88
75
79
85
69
87
76
66
83
68
78
84
68
85
75
69
86
75
81
87
62
79
74
72
87
72
80
87
66
90
86
68
91
75
81
90
72
88
79
72
88
71
81
90
63
82
80
70
87
72
77
83
62
82
78
73
89
67
74
80
50
76
77
56
75
63
70
77
65
86
74
65
88
71
81
86
63
81
76
59
75
66
70
78
65
84
80
74
90
68
82
89
65
90
84
70
92
71
80
87
72
86
78
65
90
71
82
89
64
84
77
69
93
74
77
84
64
86
77
67
82
67
67
76
61
84
82
71
95
76
82
92
74
90
88
68
86
69
80
83
61
82
77
67
86
66
70
80
63
80
76
70
84
69
76
82
65
89
77
66
84
64
68
83
64
81
72
63
71
62
74
81
62
81
75
62
81
65
68
70
51
68
67
63
79
65
76
79
58
76
68
59
73
59
63
75
66
81
77
70
85
65
77
78
60
77
71
64
87
62
70
75
59
77
75
66
83
63
69
78
65
88
74
65
85
66
72
81
56
74
67
57
74
59
64
70
48
69
66
60
81
63
75
84
62
84
82
73
84
67
74
78
58
81
74
65
87
68
75
88
61
83
76
68
87
68
76
77
55
78
69
62
86
66
73
79
56
74
79
68
85
65
77
82
65
91
78
66
83
62
67
78
59
72
68
63
82
66
76
82
66
92
80
79
100
74
85
84
62
78
75
70
89
67
78
85
67
88
72
64
78
67
77
87
64
84
78
68
87
72
76
81
60
79
69
66
87
62
68
77
53
74
78
69
86
66
77
76
64
84
71
66
82
65
76
89
65
91
80
75
96
77
86
79
69
90
75
72
88
68
79
86
67
91
82
66
87
68
75
80
71
85
75
65
80
60
71
81
57
73
63
64
85
73
81
75
61
82
76
71
88
67
77
80
54
75
64
58
77
64
79
85
71
95
85
79
101
73
91
94
72
93
76
69
90
79
74
78
53
81
78
76
93
64
82
85
66
92
80
70
89
69
80
81
70
85
72
64
78
61
75
80
68
86
72
67
87
74
80
85
63
84
69
67
83
56
63
72
65
86
75
66
90
75
81
89
67
83
73
74
88
70
83
82
66
86
78
79
92
75
84
84
65
87
72
84
90
66
80
86
66
93
76
59
79
62
73
77
63
78
71
69
85
65
80
78
64
85
75
70
87
64
82
76
62
75
69
73
84
66
89
82
68
93
74
67
76
57
83
76
64
86
68
70
86
69
84
75
62
82
70
67
90
65
79
75
59
81
68
76
86
69
80
79
67
97
68
74
87
61
78
82
65
89
68
71
81
61
67
73
55
81
69
71
98
63
86
92
80
101
80
79
91
67
79
82
61
92
77
77
91
65
86
92
71
87
75
74
99
67
90
87
62
87
73
74
91
65
83
82
61
81
71
63
84
64
80
89
67
97
75
78
92
70
82
90
67
84
72
70
123
82
97
89
71
92
81
82
97
62
78
79
60
83
78
63
85
60
73
82
67
88
70
73
86
61
72
90
71
89
83
76
92
76
90
88
74
91
83
82
98
64
78
86
66
89
76
71
87
68
82
77
70
86
70
67
86
74
78
84
69
91
77
80
91
80
86
85
66
80
73
77
92
73
83
86
76
99
81
84
91
73
87
84
75
91
79
80
95
70
86
84
71
98
75
84
92
82
89
92
79
95
78
85
96
68
90
84
78
94
76
71
80
62
74
82
74
93
76
83
98
72
94
86
73
92
76
76
86
71
81
85
66
87
70
81
93
70
88
82
72
95
83
81
95
69
88
89
74
92
73
76
87
62
88
83
68
91
81
82
94
74
87
86
76
96
71
83
87
62
81
80
64
92
83
78
96
66
91
92
82
96
69
83
92
70
91
87
70
89
75
81
96
70
95
92
77
99
74
91
95
78
92
88
78
105
85
90
102
70
73
89
71
99
81
-161
-364
-449
-452
-444
-442
-440
-418
-422
-414
-417
-413
-415
-415
-414
-413
-413
-413
-412
-413
-411
-412
-412
-413
-413
-413
-413
-414
-412
-413
-413
-413
-414
-413
-413
-414
-414
-414
-414
-414
-415
-415
-416
-415
-416
-417
-414
-419
-418
-422
-427
-437
-450
-457
-456
-458
-458
-458
-459
-459
-459
-460
-463
-466
-467
-465
-463
-462
-461
-459
-458
-440
-384
-338
-304
-263
-229
-194
-167
-132
-119
-97
-83
-69
-52
-39
-24
-12
-2
6
17
24
41
34
43
44
53
58
65
77
76
80
82
85
85
91
87
87
95
91
94
96
85
86
86
88
88
90
90
91
88
91
81
81
90
68
70
68
65
60
66
67
60
51
46
50
41
48
38
35
35
28
28
26
22
13
10
8
10
6
-2
-6
-13
-15
-22
-29
-25
-33
-34
-35
-39
-48
-44
-53
-53
-65
-63
-56
-63
-58
-68
-71
-75
-73
-78
-72
-78
-87
-82
-86
-75
-74
-85
-83
-83
-86
-81
-79
-71
-69
-73
-67
-70
-68
-59
-63
-56
-61
-68
-69
-62
-65
-63
-58
-55
-53
-52
-37
-40
-43
-38
-38
-36
-31
-40
-34
-29
-32
-28
-28
-25
-28
-30
-22
-18
-19
-10
-14
-6
-6
-4
-5
9
3
7
13
13
10
12
24
20
15
16
25
25
38
33
34
41
42
47
57
53
50
49
49
46
46
48
52
51
57
54
54
67
67
70
72
76
75
72
84
85
83
85
95
91
100
92
93
95
96
92
97
97
89
97
92
101
98
99
102
101
101
106
106
111
102
103
105
105
105
115
113
115
114
113
115
116
115
114
116
110
107
110
117
114
110
119
115
115
116
115
111
119
120
120
124
123
120
118
116
119
114
125
122
124
124
125
124
126
129
125
124
124
124
121
132
131
124
122
121
123
121
119
125
118
118
126
114
130
137
123
140
132
128
150
125
135
137
122
131
130
128
141
124
131
143
129
151
136
133
145
138
140
149
129
145
140
129
152
136
141
140
121
140
131
128
147
134
137
140
123
140
143
131
143
127
135
136
117
143
129
123
131
124
126
136
124
137
140
130
148
134
143
143
128
144
132
124
139
123
130
142
121
137
136
126
137
115
127
130
123
134
125
122
136
122
126
137
115
131
125
115
130
123
127
123
112
128
121
110
137
120
125
125
108
128
120
105
118
97
109
110
100
120
108
96
121
97
100
111
86
113
98
92
109
95
105
101
86
112
100
89
113
90
109
104
89
110
106
97
112
97
106
113
105
116
110
104
121
102
118
122
103
118
110
106
120
109
109
119
103
118
103
103
114
93
112
107
93
121
106
99
124
106
111
114
99
123
101
96
106
90
107
103
87
107
98
94
109
101
109
109
89
117
103
104
114
96
106
111
93
113
102
92
106
86
100
92
88
110
96
89
103
86
99
93
83
94
83
74
93
71
74
75
59
77
65
65
75
57
70
72
59
78
62
49
68
48
61
59
43
59
52
51
62
42
61
58
39
59
42
43
62
44
55
49
34
50
35
41
48
21
37
35
12
38
18
15
35
7
22
19
6
21
11
7
26
1
23
20
2
25
8
4
25
10
16
17
7
29
21
14
22
-6
13
20
3
27
10
8
24
7
19
22
4
19
8
4
21
6
17
17
2
16
2
-3
15
4
14
15
-8
17
13
12
20
-1
7
18
-5
21
8
6
22
4
8
17
-4
10
8
8
20
4
20
22
10
30
22
20
37
13
27
31
9
28
19
17
31
16
25
29
19
43
20
16
37
17
37
42
19
42
31
34
41
26
52
40
29
52
38
40
48
31
50
43
30
51
43
49
54
37
48
51
35
56
43
38
54
36
51
59
41
59
47
54
60
47
61
55
41
63
49
46
56
33
48
46
37
48
43
42
50
25
42
34
25
47
30
34
39
21
42
40
20
39
23
31
44
24
39
33
16
40
21
29
45
12
40
38
27
51
34
33
40
26
47
47
30
61
43
50
62
40
64
72
47
64
55
50
64
57
63
62
47
74
59
67
84
59
75
78
64
80
72
71
84
65
78
79
66
87
73
74
84
65
81
87
75
94
83
80
97
76
93
89
76
102
84
86
98
65
85
90
76
100
88
90
111
88
112
107
91
112
94
97
105
84
107
107
90
112
93
100
108
95
117
109
98
115
111
114
123
102
117
119
109
127
116
116
127
106
124
123
112
125
118
121
136
122
138
137
124
142
132
130
141
126
132
134
122
139
128
135
138
122
138
139
134
160
141
142
149
136
147
143
134
151
136
141
152
134
155
149
131
148
135
137
145
132
149
143
130
150
139
146
153
132
155
149
137
160
142
145
154
139
155
153
144
155
141
151
157
141
161
151
141
156
149
159
164
165
165
168
147
167
157
164
172
146
164
155
143
172
148
156
167
146
174
169
156
183
163
164
172
157
182
166
156
179
163
164
175
149
172
170
162
181
166
177
180
165
184
177
161
186
168
171
179
159
176
172
155
172
155
163
174
159
189
178
170
189
177
181
197
174
184
178
167
183
167
174
183
163
186
180
166
189
173
177
184
163
185
187
176
193
182
183
190
172
193
185
172
192
179
182
193
171
186
182
171
190
177
179
189
170
193
190
174
190
170
175
183
163
189
188
178
197
184
184
192
180
197
195
180
197
183
185
199
176
196
192
181
199
189
188
196
178
195
187
174
197
178
188
196
178
195
200
188
199
185
190
195
186
200
195
183
198
185
186
198
175
190
188
175
197
190
184
190
171
190
185
178
202
182
187
198
182
202
200
186
202
186
187
191
176
195
197
186
201
190
193
205
181
201
200
182
203
192
195
202
180
204
197
192
203
186
186
193
179
200
196
184
207
193
196
205
186
199
195
181
192
180
183
189
161
185
177
166
187
177
183
189
175
192
192
192
202
184
179
188
167
192
191
173
193
181
182
190
176
185
186
177
198
182
192
202
180
199
194
183
199
189
187
195
182
196
195
191
203
184
191
197
184
204
198
185
202
190
191
191
185
191
181
175
196
186
194
200
182
198
196
183
199
192
195
201
178
192
188
177
197
187
193
196
177
197
189
176
195
181
189
193
178
192
185
173
193
176
190
186
171
190
181
176
198
176
185
189
168
191
187
181
196
176
180
181
160
186
173
169
187
168
180
192
180
196
189
181
198
185
196
197
176
192
184
169
195
171
180
188
170
193
187
180
193
179
186
188
161
195
181
174
194
176
180
188
160
181
169
162
186
166
182
180
161
188
177
161
192
171
178
182
162
184
176
165
183
165
172
179
161
190
182
176
194
180
189
200
182
201
192
178
191
172
183
186
167
186
181
170
193
171
176
183
163
188
185
171
195
182
188
194
177
197
183
173
195
178
188
197
177
190
183
169
189
176
185
186
170
191
180
171
194
173
176
177
157
185
181
168
187
175
183
186
173
192
181
172
192
178
180
186
164
185
178
171
187
167
179
183
164
188
175
169
187
163
171
176
162
184
183
167
189
166
179
181
170
190
173
167
185
167
173
183
158
187
169
166
183
166
174
173
163
174
165
166
188
170
182
185
163
191
182
173
188
168
176
176
165
180
169
168
183
165
178
181
159
188
170
173
181
167
174
175
159
182
170
164
185
165
176
175
152
181
172
161
180
159
176
173
162
181
166
160
175
151
182
173
151
173
161
154
175
153
170
172
161
182
172
170
190
162
182
171
153
176
166
161
177
159
174
169
160
173
161
152
177
154
179
175
157
186
160
160
181
161
170
173
155
189
164
162
175
155
169
166
150
176
162
159
181
157
171
165
152
174
158
158
171
144
170
164
150
181
163
165
185
163
171
168
154
175
158
165
178
154
173
171
155
181
162
155
186
149
168
167
156
177
159
160
164
145
174
164
145
173
159
159
181
156
172
171
146
173
155
160
168
146
169
165
138
172
147
149
163
139
161
165
149
176
157
158
177
148
175
171
146
172
159
156
176
146
161
156
144
171
154
160
169
145
165
162
145
178
163
151
173
145
166
166
148
172
162
148
170
141
168
163
147
173
155
157
179
152
174
170
148
172
160
155
170
148
162
157
148
174
153
155
175
153
172
173
152
179
164
158
178
159
169
159
147
171
152
153
175
151
165
161
144
165
158
158
174
151
172
163
146
178
155
159
170
150
164
169
157
175
160
155
175
149
167
162
150
178
157
164
174
155
168
164
146
164
152
155
174
148
173
168
159
178
158
164
161
147
164
161
143
168
155
154
170
150
167
161
148
170
153
164
169
145
169
160
141
165
155
162
168
147
166
158
156
172
159
162
167
147
168
168
150
173
155
157
167
147
167
149
146
163
148
149
167
136
166
159
151
171
152
161
164
143
163
146
145
159
140
139
153
124
149
152
135
157
136
147
155
138
152
145
129
148
139
146
155
129
154
147
133
152
137
138
151
135
150
148
138
161
138
149
159
129
158
149
135
154
137
140
147
134
150
149
130
162
141
155
166
136
161
148
138
158
142
141
152
131
152
148
137
158
140
144
153
129
149
145
135
154
139
137
159
135
151
150
131
154
140
150
153
131
147
142
132
154
139
133
155
129
152
153
132
149
131
138
148
128
150
151
134
157
141
142
161
134
156
150
132
146
133
146
152
127
144
149
133
162
148
143
155
131
155
146
143
158
147
149
153
127
145
143
130
155
139
143
157
136
155
147
134
148
136
141
154
136
149
146
132
159
134
131
137
121
141
140
134
151
144
144
157
139
157
147
135
157
138
138
151
128
148
142
133
145
135
144
153
128
148
141
126
149
133
141
147
127
142
144
130
144
130
134
142
119
141
133
129
144
130
135
146
127
141
142
127
144
132
136
139
117
131
126
116
145
131
137
141
125
143
150
134
150
131
142
142
123
144
137
127
143
132
134
148
129
146
144
128
147
131
134
144
126
142
135
131
151
131
134
141
122
132
133
120
137
123
127
134
124
132
130
121
132
128
130
142
116
140
132
121
136
132
135
144
127
144
140
135
155
138
136
140
114
132
133
125
139
124
128
137
128
141
134
126
142
124
127
140
117
136
131
126
125
123
128
130
119
131
129
121
136
126
134
144
122
146
142
133
144
124
127
137
123
135
130
116
136
117
129
137
122
141
140
140
154
142
143
152
127
140
133
122
142
125
131
138
117
134
130
124
137
124
127
136
122
140
133
122
139
121
135
138
123
138
140
128
147
130
131
135
113
138
130
131
143
127
136
140
124
139
133
123
139
125
126
140
126
144
139
122
139
127
136
146
125
136
138
120
141
118
126
133
115
137
128
129
138
123
121
130
114
131
131
117
136
126
128
131
123
137
128
124
136
126
128
139
116
130
131
118
140
127
127
130
115
130
130
127
131
120
119
135
110
136
133
127
134
118
124
130
116
129
130
123
131
117
120
126
108
130
125
120
140
124
126
130
120
132
131
119
134
125
132
138
121
140
127
115
129
120
124
132
123
133
133
131
141
124
138
138
122
137
128
122
136
122
118
119
106
121
121
123
140
123
141
142
130
151
133
130
143
123
120
132
118
133
129
122
134
117
127
125
112
136
128
123
140
124
126
130
119
142
131
126
138
119
131
133
117
133
125
115
130
116
125
133
115
136
124
117
134
120
135
134
118
136
120
118
143
127
132
140
123
147
139
133
144
125
135
135
122
142
130
123
143
121
127
139
116
139
130
129
142
130
137
137
117
135
125
121
140
122
131
137
121
143
138
128
142
124
131
140
123
139
129
118
135
115
117
126
111
136
129
128
139
129
136
144
122
141
137
129
156
125
132
139
119
133
133
123
129
120
126
128
114
132
127
115
136
120
128
136
115
131
126
113
126
114
120
124
101
124
110
117
134
115
129
129
118
134
132
126
134
123
123
128
119
127
116
114
130
117
129
132
120
139
132
123
140
126
132
138
118
134
119
118
130
120
124
127
116
132
128
118
130
115
123
128
123
139
126
126
138
125
135
139
122
137
132
126
139
125
130
135
117
134
118
127
138
125
129
137
113
136
130
125
132
115
124
127
116
133
124
125
135
120
133
135
112
134
124
119
128
118
126
126
112
134
124
123
133
120
125
127
111
136
125
122
128
113
122
125
114
132
123
117
127
109
131
127
103
124
107
107
121
102
110
110
95
113
96
95
108
86
107
100
88
120
99
102
115
101
97
110
93
111
98
92
109
86
104
97
82
108
90
94
114
89
104
103
83
114
96
102
107
88
113
107
92
121
106
106
116
97
109
114
105
128
117
115
128
113
132
129
113
128
118
113
132
109
115
116
97
121
115
121
133
117
133
138
121
144
130
126
136
117
123
125
110
131
120
120
121
113
132
128
114
128
114
115
133
114
121
126
108
132
124
123
128
113
125
128
111
130
116
115
130
107
117
117
104
130
117
118
126
110
124
119
101
125
107
108
129
107
119
121
104
128
117
113
115
93
115
113
98
127
109
108
122
105
120
126
104
123
114
113
123
106
121
119
101
122
104
105
127
108
122
121
104
128
121
114
125
102
118
122
108
133
117
112
121
103
113
115
93
120
105
109
123
104
120
120
106
131
119
113
128
107
114
117
103
121
117
114
126
108
117
121
109
130
115
116
123
110
126
130
113
126
111
111
119
107
118
120
106
124
109
116
123
105
123
122
103
130
127
119
124
107
122
120
108
120
104
111
121
106
126
128
112
125
115
125
127
120
126
123
108
125
111
119
125
105
122
124
108
130
123
120
124
103
118
112
112
129
118
119
126
107
126
124
109
127
110
119
126
114
123
120
105
127
106
116
124
104
123
120
106
130
115
116
122
102
126
121
116
131
117
122
125
104
130
122
102
120
103
114
122
110
122
118
104
125
111
125
129
110
125
122
110
130
114
111
121
99
117
116
107
128
112
115
119
100
126
121
106
127
108
111
122
103
113
107
99
122
98
