74
69
70
76
65
73
73
60
71
65
66
77
63
68
65
57
61
61
60
70
64
71
65
63
71
66
71
76
65
70
79
65
74
67
64
72
65
63
60
49
63
62
63
68
56
58
69
62
72
77
70
79
70
76
75
73
77
71
68
69
60
58
68
62
67
66
66
69
68
72
72
65
72
68
69
75
60
62
67
63
69
71
64
65
57
61
65
68
71
67
66
72
65
71
75
61
67
64
62
59
61
63
64
60
59
60
60
69
66
76
74
68
76
77
68
70
60
63
63
67
72
68
71
72
67
76
70
65
70
65
71
77
71
74
70
67
74
68
79
72
64
72
67
64
71
70
67
73
61
67
66
68
72
64
68
66
53
68
65
59
63
58
58
65
63
66
69
67
76
71
79
76
59
61
65
62
71
68
68
75
67
74
71
73
71
66
66
75
65
77
74
71
75
66
64
69
63
68
70
66
74
65
73
75
64
72
71
63
74
67
63
66
55
58
58
52
55
49
49
59
52
72
68
63
71
70
73
84
72
73
73
64
68
63
64
71
64
70
66
61
70
67
65
73
60
59
67
69
73
69
68
72
61
70
68
63
68
66
67
80
61
62
60
57
66
66
71
77
66
71
70
65
77
64
61
65
61
66
72
69
73
72
68
72
60
69
71
65
68
66
65
76
59
67
69
71
70
71
70
73
62
66
67
65
75
66
64
68
63
72
79
70
72
70
71
76
66
79
70
71
74
66
66
79
62
73
71
66
69
65
64
69
57
66
68
70
77
72
75
82
68
78
79
70
72
69
67
75
65
74
63
57
62
61
66
82
64
75
74
70
79
80
75
78
66
78
73
71
83
71
71
79
65
75
75
71
80
73
75
82
70
86
77
74
81
73
75
80
61
68
66
65
77
74
73
82
65
81
80
80
84
73
72
83
64
77
80
67
79
71
70
76
65
74
74
71
73
66
65
79
62
73
72
66
73
74
69
77
64
74
70
71
73
62
67
78
63
73
75
66
71
65
68
76
67
70
67
65
74
64
69
84
62
71
76
74
79
81
73
80
63
64
63
64
69
67
69
78
66
79
80
74
75
75
74
85
73
80
76
72
75
71
77
78
64
73
67
68
72
70
68
76
62
73
70
81
78
67
70
73
63
71
66
65
69
62
61
72
64
75
71
76
78
75
84
86
72
83
74
69
78
69
70
78
68
79
73
82
73
67
65
73
62
81
72
71
76
71
73
80
70
77
69
70
72
64
75
75
60
72
65
64
71
61
66
77
64
74
66
67
72
63
66
77
58
79
70
70
75
67
68
80
65
74
67
62
66
62
68
73
58
69
74
70
83
71
70
82
61
72
71
70
73
69
71
75
57
71
66
68
72
63
64
82
64
78
72
73
74
69
74
76
62
71
69
67
81
64
62
64
55
66
75
73
75
74
75
86
71
89
79
70
79
73
72
86
65
75
73
72
71
70
71
81
68
79
75
70
83
72
74
83
68
76
79
74
73
67
69
76
66
82
70
69
66
68
71
82
66
77
70
76
73
75
77
76
63
69
68
69
79
72
79
83
73
79
80
72
77
68
70
74
65
79
73
76
79
71
67
81
63
72
70
71
74
74
72
74
61
70
69
74
78
70
72
78
65
76
78
76
73
66
71
74
70
85
70
74
76
63
64
72
57
69
65
70
68
70
75
78
71
84
76
80
78
70
72
75
62
68
75
70
65
61
65
77
70
79
73
71
80
69
78
88
68
79
72
71
73
73
76
75
70
80
74
76
75
69
78
86
69
81
81
75
80
70
71
73
70
71
62
58
64
59
72
80
63
71
72
69
79
77
74
79
64
79
72
74
74
61
68
75
65
78
75
69
75
74
70
72
66
74
71
74
78
65
78
77
68
75
77
73
75
71
71
75
70
77
69
76
75
68
69
72
69
78
71
67
70
60
66
72
71
79
71
71
74
70
82
83
71
82
73
61
68
62
68
73
65
77
73
71
80
70
77
76
61
76
65
71
74
63
66
72
70
72
65
61
64
65
89
78
69
79
72
76
81
75
81
76
67
75
73
73
73
61
71
69
59
71
63
67
75
71
76
83
75
77
81
85
88
72
88
82
72
82
73
72
87
73
75
73
57
74
71
74
81
63
73
82
74
84
77
71
81
66
75
78
64
77
73
75
78
62
71
68
64
72
71
67
82
63
73
62
57
66
66
68
70
67
75
75
69
88
76
68
75
61
70
79
67
74
71
68
73
68
78
80
69
81
82
70
84
64
71
75
64
68
71
-37
163
-204
86
-410
-454
-415
-461
-457
-455
-460
-457
-459
-460
-459
-456
-462
-460
-456
-462
-457
-458
-462
-456
-462
-460
-457
-463
-457
-458
-463
-456
-462
-460
-457
-464
-459
-461
-464
-458
-464
-464
-463
-462
-464
-464
-463
-462
-462
-459
-458
-457
-456
-451
-423
-368
-349
-309
-274
-248
-222
-203
-181
-147
-130
-124
-106
-94
-77
-54
-46
-31
-27
-25
-11
-4
8
4
13
16
24
20
34
26
33
37
39
39
47
47
49
57
57
56
57
59
60
55
61
61
61
66
68
69
64
62
61
66
70
68
70
66
67
67
78
70
72
68
73
73
78
78
70
68
68
68
62
64
63
57
60
58
56
59
52
49
52
50
48
51
49
57
52
52
47
50
57
55
52
52
53
53
59
48
44
42
44
44
49
51
44
50
44
49
49
51
46
50
49
48
50
54
53
46
45
44
39
45
44
40
42
44
42
42
48
42
38
40
48
42
41
44
34
32
36
32
28
43
28
41
30
35
37
43
43
40
41
42
45
44
48
38
36
36
28
43
43
42
42
46
49
45
47
41
42
43
49
45
51
47
47
53
51
52
48
54
51
52
49
52
54
52
56
49
53
49
47
52
58
56
53
49
47
51
53
53
52
50
55
56
62
62
57
59
64
62
60
59
47
58
55
60
54
61
54
67
64
67
69
62
72
69
66
75
66
64
80
72
70
73
55
67
70
66
67
62
68
74
69
79
73
67
73
64
67
80
62
71
70
69
70
63
63
66
63
71
78
70
89
76
85
97
75
90
90
84
86
80
82
92
80
93
87
78
88
76
85
99
76
93
89
83
93
91
86
98
79
97
81
83
96
79
85
89
79
86
91
80
89
88
85
96
80
94
87
85
91
80
82
91
71
81
87
79
93
88
93
96
81
95
84
90
91
84
83
92
79
90
99
88
97
81
89
93
94
93
90
85
90
88
84
96
73
88
90
87
96
90
92
99
84
92
95
86
94
89
89
98
78
93
94
87
87
79
78
82
83
82
83
82
86
80
94
97
83
96
85
93
90
90
86
86
77
83
85
80
81
73
85
89
78
88
83
83
89
87
89
91
84
88
86
83
88
77
90
92
81
88
80
75
85
87
85
89
79
92
88
96
93
83
85
89
77
86
85
80
89
86
90
91
85
92
86
91
94
87
98
92
84
88
85
84
91
84
88
90
78
91
86
91
87
78
79
89
73
92
87
82
94
80
86
93
81
89
89
87
90
83
88
92
76
89
83
78
89
78
78
86
73
81
73
79
82
78
79
90
79
93
86
82
87
87
86
89
84
85
85
76
81
80
87
90
77
92
83
85
93
89
86
91
79
85
88
86
89
81
83
88
70
90
79
73
83
81
81
92
73
86
83
82
88
77
85
85
77
80
79
79
81
76
74
77
70
78
81
87
88
81
84
87
83
91
87
86
81
77
76
89
72
81
74
78
85
76
80
78
76
83
86
80
91
77
92
90
81
92
88
86
85
82
86
83
78
93
85
76
83
70
78
91
75
82
80
82
79
80
81
83
73
74
74
78
90
78
89
90
83
87
85
75
74
74
77
83
73
90
79
82
80
76
81
88
80
83
83
78
92
79
84
87
68
83
70
78
89
73
80
83
76
85
86
76
86
73
83
81
75
83
79
82
78
74
75
84
67
75
79
74
82
82
85
91
83
90
92
90
87
75
74
82
65
81
84
72
80
69
75
74
76
81
76
78
80
72
78
90
72
83
74
73
76
74
79
82
74
84
84
76
83
61
70
83
73
86
83
76
77
76
78
82
74
75
76
70
81
71
79
85
80
81
78
76
75
82
79
80
68
73
71
75
80
71
76
73
70
76
72
63
65
61
66
75
69
70
62
64
71
67
75
70
69
77
77
75
82
74
79
77
69
76
71
84
80
69
79
70
60
65
71
66
76
68
81
83
83
86
82
84
88
77
90
81
72
77
76
73
77
69
71
70
71
71
73
80
80
70
77
78
70
85
76
75
80
68
78
74
75
76
68
68
76
61
76
76
67
81
75
76
95
77
83
83
72
77
73
72
74
67
74
79
71
88
74
74
83
74
81
86
78
85
81
79
86
78
90
86
72
83
81
81
92
82
88
89
78
84
84
84
89
82
88
89
80
96
74
83
90
73
79
88
75
84
78
75
83
73
86
76
66
81
76
73
87
70
75
81
73
83
84
84
90
89
89
92
83
91
88
79
86
75
79
91
79
90
85
83
89
84
92
92
85
89
86
87
100
79
86
89
86
94
91
83
83
77
84
86
79
91
84
89
94
96
96
92
86
91
87
84
87
79
85
84
75
86
80
78
95
80
95
93
90
95
98
88
95
83
82
85
83
96
84
90
96
85
92
96
78
88
89
89
95
90
100
91
94
99
86
94
101
86
97
92
87
96
92
90
95
81
95
87
87
97
86
90
95
82
87
92
80
94
87
88
94
89
95
93
87
97
88
87
98
73
84
83
78
90
92
86
94
84
94
100
92
96
86
88
96
81
93
100
86
98
84
86
89
89
92
92
87
98
90
96
99
79
98
89
83
92
93
86
91
80
87
88
79
80
72
73
87
77
90
96
81
94
92
93
98
91
91
92
82
90
83
89
91
81
86
89
81
84
89
87
92
84
92
90
91
96
88
90
94
86
96
91
85
89
88
90
93
86
88
85
83
90
88
90
93
84
95
92
88
98
82
84
90
79
91
90
96
91
93
94
96
80
96
90
90
93
87
85
94
90
95
91
91
90
91
95
92
81
92
88
86
92
84
83
85
81
92
91
91
90
86
84
90
80
103
84
88
94
88
89
98
84
96
88
88
87
80
89
89
76
89
82
82
100
89
92
100
82
100
89
92
93
84
84
93
82
96
84
84
88
87
89
100
83
95
93
90
99
90
100
95
87
95
93
90
104
89
94
100
82
95
93
88
97
89
91
99
81
105
91
91
96
76
84
96
72
87
81
77
84
84
87
84
73
90
90
85
97
79
81
93
76
86
90
79
88
84
84
91
78
91
86
83
87
82
78
95
83
94
94
88
89
92
93
98
80
93
89
85
95
85
84
94
82
95
97
83
85
82
86
94
82
91
89
87
90
90
94
107
86
100
93
92
98
93
92
100
79
86
83
81
91
88
88
93
81
93
98
86
90
88
81
94
84
90
84
83
88
82
83
93
74
86
79
84
90
94
89
92
82
94
87
94
98
82
87
89
75
85
85
78
83
79
84
90
79
93
85
87
90
86
88
100
78
93
84
81
84
84
84
89
76
91
87
90
91
81
81
90
77
91
88
86
91
87
86
95
87
90
87
81
88
79
89
94
82
93
82
79
83
80
84
89
77
88
80
83
87
78
85
90
76
93
93
87
95
88
89
98
82
88
81
79
88
82
90
94
78
91
88
83
93
91
82
93
81
92
89
91
90
80
88
91
76
87
85
85
90
82
84
89
89
95
89
87
91
88
95
95
78
84
84
84
87
80
75
83
71
87
85
90
92
86
89
101
80
101
88
84
87
80
80
92
83
90
86
85
86
81
86
93
83
93
86
87
94
85
88
95
81
92
91
93
95
85
86
91
81
98
82
83
84
83
87
95
84
90
83
84
81
77
85
84
73
84
78
83
92
85
89
98
76
92
85
87
89
78
85
87
77
98
84
87
93
86
85
94
81
91
84
86
89
84
93
90
75
85
81
82
94
81
85
87
77
93
88
90
88
81
86
90
76
94
84
85
89
75
76
86
70
87
78
82
86
82
94
95
86
101
86
89
101
80
85
90
73
91
88
82
89
78
83
94
81
99
84
85
94
84
94
105
82
97
85
88
91
85
89
89
80
90
81
80
90
81
85
91
80
88
92
87
90
84
85
84
73
86
74
75
83
79
82
94
75
84
79
81
92
85
87
89
73
89
79
80
89
75
78
85
75
84
86
77
86
75
75
78
62
76
79
79
81
82
82
92
78
92
86
87
88
88
84
86
79
84
80
80
80
72
77
79
67
82
80
79
77
73
78
85
85
94
85
88
86
80
81
90
71
86
77
78
79
78
78
86
77
88
81
88
94
82
85
88
74
89
85
80
83
75
80
88
82
88
75
71
77
73
83
86
75
91
79
80
82
83
80
81
68
80
76
77
79
64
75
79
69
80
78
80
82
81
89
93
81
88
80
81
84
74
88
91
76
87
78
78
84
76
80
79
64
84
78
86
84
74
79
93
76
90
83
77
87
72
79
86
74
81
81
80
80
72
78
82
68
82
69
69
82
71
81
81
74
87
77
88
88
78
87
89
79
97
76
73
80
70
80
81
78
83
82
80
87
85
89
92
77
89
80
80
88
82
82
87
75
83
77
75
86
79
82
84
72
92
87
82
85
83
83
92
69
88
83
78
83
73
85
79
68
77
77
88
93
83
88
92
80
93
85
95
91
80
85
83
77
90
81
96
85
79
83
88
71
84
77
80
83
77
88
86
80
89
85
79
94
75
84
88
77
86
83
89
84
78
71
83
76
93
84
81
87
77
83
87
75
85
75
78
82
78
89
85
81
90
82
79
88
71
85
82
72
92
81
81
87
76
86
85
76
94
81
83
79
73
83
90
79
86
79
74
92
79
86
84
71
85
81
84
96
74
83
84
74
86
85
74
86
73
78
72
62
70
66
71
78
68
78
89
78
87
85
79
86
79
82
81
69
77
75
78
84
64
68
73
65
80
80
76
83
72
83
83
75
86
78
77
83
73
76
85
70
83
77
70
75
65
74
75
73
80
76
75
84
73
78
80
71
76
75
72
77
66
76
81
80
83
81
81
90
78
89
91
89
87
80
82
85
86
86
85
81
83
77
79
84
73
86
81
76
82
79
77
84
75
81
88
84
88
80
80
88
75
86
83
77
86
81
82
87
86
87
82
70
75
70
85
79
70
80
79
71
85
87
80
84
78
95
89
87
91
75
80
80
69
81
75
72
82
78
78
86
76
92
83
80
88
78
89
88
79
85
84
76
92
82
78
80
60
74
77
80
83
75
76
87
75
91
85
73
88
74
77
88
67
77
74
69
78
71
77
79
72
87
80
79
96
78
84
85
72
82
76
77
77
77
74
85
69
90
82
67
75
69
70
79
70
78
82
71
82
76
81
83
66
84
75
74
86
72
75
83
71
75
79
73
80
77
76
83
69
82
75
72
76
79
77
93
77
85
87
81
90
80
86
82
75
74
70
70
78
74
75
81
71
84
83
82
88
78
79
79
74
83
79
69
80
79
79
91
66
82
83
79
82
82
81
82
77
85
82
73
85
73
79
82
68
80
78
77
72
70
70
71
71
86
82
76
83
79
82
93
77
79
75
75
78
81
74
78
66
81
72
69
80
70
79
81
71
82
85
77
84
79
82
86
72
91
78
74
82
70
76
89
73
79
76
71
79
81
81
85
70
89
79
81
88
75
72
82
69
78
82
75
87
82
83
85
74
82
74
76
78
74
74
93
71
88
80
73
80
81
75
83
68
80
74
82
86
76
73
82
62
82
77
77
87
79
82
85
81
87
84
80
86
81
79
93
73
84
81
77
74
81
70
79
69
78
82
80
85
86
82
94
81
92
89
84
82
75
74
83
77
80
76
71
79
76
78
86
71
82
76
78
80
84
81
87
74
81
80
85
84
77
81
81
74
84
80
77
78
78
78
86
77
83
79
75
84
78
81
76
71
77
77
74
81
83
77
85
73
79
79
94
87
82
81
82
73
84
82
74
81
78
87
84
78
85
76
80
83
76
86
81
75
86
82
78
85
77
86
85
79
84
81
87
85
80
77
80
65
86
78
75
76
65
75
77
72
76
70
67
78
74
83
82
70
87
77
80
91
75
80
81
73
77
75
71
73
73
78
84
69
92
78
82
83
78
79
82
75
82
79
76
82
73
85
80
69
80
73
79
87
80
77
86
72
86
84
74
84
74
82
80
69
84
72
71
72
68
64
82
68
80
79
77
85
78
86
82
73
85
81
75
84
68
71
80
68
80
76
77
75
76
71
71
65
78
76
70
75
73
77
87
75
80
71
74
73
76
76
81
75
81
80
74
84
69
74
76
73
78
80
73
72
70
67
76
62
72
72
72
77
71
75
86
81
81
76
67
73
75
78
80
70
82
74
77
86
75
82
79
73
80
82
72
76
71
73
76
71
79
67
78
79
76
73
82
72
77
79
74
79
73
77
74
68
75
69
73
80
74
68
67
55
71
71
67
74
64
78
80
80
86
80
74
79
67
69
77
64
75
72
74
77
68
70
71
69
72
72
75
77
70
77
77
66
82
73
72
77
64
71
75
73
74
68
66
75
61
72
80
67
80
70
72
72
75
70
82
63
66
66
63
69
60
65
71
64
76
75
69
78
74
76
79
73
78
71
72
77
67
74
76
66
73
70
67
75
73
72
76
64
72
66
72
73
68
71
75
68
76
79
73
77
71
68
72
67
76
69
71
77
64
73
72
59
63
63
57
66
66
69
70
64
79
79
81
81
80
82
84
65
81
75
73
73
61
63
68
74
78
76
78
76
77
87
84
75
82
79
79
84
77
77
77
78
80
75
78
77
71
77
81
70
86
75
74
83
76
75
79
77
80
77
68
71
62
82
75
65
75
68
71
83
74
84
78
75
85
76
80
80
68
75
75
67
86
72
74
78
72
78
77
69
68
71
74
78
67
86
79
80
85
79
80
87
75
78
81
73
83
77
80
87
68
74
73
70
88
75
73
78
64
72
80
68
77
76
77
85
73
87
80
81
88
81
75
89
68
73
76
70
78
77
78
79
75
80
84
75
86
79
72
82
68
74
86
73
80
79
72
71
67
78
79
70
80
75
77
