84
94
73
91
87
72
94
76
77
86
69
86
79
70
88
75
88
92
69
91
86
71
95
81
83
86
65
81
79
67
81
66
79
83
62
84
83
70
93
76
79
90
76
91
84
73
95
72
88
93
72
91
90
76
98
75
81
83
65
87
81
79
94
80
84
95
73
96
82
76
95
80
83
93
77
96
79
72
91
72
85
93
72
87
82
66
91
68
79
82
61
83
83
79
94
79
88
91
68
91
75
64
88
72
81
90
69
89
83
74
95
72
84
86
66
87
80
73
97
71
82
86
66
89
85
76
93
72
85
90
70
99
80
75
96
72
85
89
70
89
83
67
88
66
77
78
62
81
73
74
103
77
88
93
74
91
86
76
91
66
80
86
66
89
73
66
87
71
79
92
69
86
82
74
97
72
85
85
65
97
78
75
99
74
84
89
68
90
84
79
99
77
90
92
75
99
85
76
89
76
77
93
64
89
78
70
92
72
83
84
73
96
84
80
95
75
80
86
60
85
84
75
101
69
82
85
73
92
78
69
88
73
85
96
64
93
85
76
97
76
88
80
69
91
82
73
98
71
91
88
69
90
81
75
91
71
82
85
75
92
83
73
93
72
87
94
69
92
82
80
95
80
79
82
61
82
75
71
95
69
82
88
70
93
74
75
93
73
84
89
73
98
84
71
93
65
83
90
69
90
80
73
94
77
85
88
64
90
79
72
91
59
77
81
58
75
69
57
79
62
73
86
70
94
82
75
94
73
86
92
66
86
75
68
91
79
78
81
60
87
80
75
89
70
80
86
62
89
88
74
98
72
83
87
63
89
82
74
92
75
87
94
79
94
87
75
97
73
86
88
71
90
77
71
85
63
73
84
66
88
80
64
89
74
88
87
82
95
84
69
92
75
84
88
65
89
79
73
92
74
80
79
62
75
78
76
92
71
84
91
71
95
82
78
91
72
88
85
74
92
87
78
94
71
79
83
69
92
76
76
91
75
82
81
68
86
82
79
98
70
93
96
73
104
76
76
82
69
83
89
75
89
81
76
97
75
99
90
76
94
81
81
97
74
88
87
68
87
74
78
95
68
86
87
73
105
80
80
96
72
88
96
67
94
76
77
91
62
76
77
60
83
76
71
90
72
90
95
74
100
75
86
96
65
85
84
70
91
77
73
90
67
86
90
70
96
77
80
94
76
93
86
71
91
80
72
98
66
90
91
66
89
77
73
91
70
84
84
70
99
75
75
97
64
83
90
62
81
70
68
86
67
81
81
63
87
75
75
99
65
85
82
64
86
77
74
90
65
79
82
63
87
73
70
89
63
76
86
68
86
75
75
93
72
89
88
69
86
75
73
91
64
79
83
64
81
76
67
83
63
75
78
59
86
71
67
85
65
81
80
63
83
77
77
94
76
85
80
63
76
66
69
85
67
81
85
69
90
83
77
93
66
83
83
67
89
79
79
83
65
83
85
72
90
77
79
94
78
88
84
72
91
79
81
93
72
89
87
68
91
76
63
79
62
83
83
80
96
81
88
98
73
102
94
77
95
78
81
89
72
91
79
73
87
73
82
93
72
85
86
73
94
82
85
93
72
96
79
76
90
80
78
93
67
93
84
67
91
76
79
89
77
95
87
76
97
81
85
92
64
84
80
70
96
73
82
93
70
93
92
82
99
86
84
99
69
101
85
72
100
75
84
94
75
92
88
68
89
69
78
91
69
92
89
78
101
79
77
90
71
87
87
73
94
75
78
90
67
88
77
63
79
75
75
98
68
85
80
61
80
66
74
85
67
86
85
76
97
77
76
89
66
79
82
65
83
68
75
83
64
89
90
72
87
77
76
93
66
89
80
74
92
79
83
86
70
88
85
70
94
85
80
96
68
88
88
73
88
72
76
87
68
86
84
61
77
68
67
89
63
82
80
71
93
92
84
91
72
86
85
67
92
69
73
81
57
76
75
66
86
75
76
85
70
84
82
69
89
67
76
89
71
83
78
66
81
74
70
81
56
79
84
73
97
72
80
87
68
86
86
72
81
69
73
84
63
80
73
69
86
73
80
96
74
93
91
70
88
79
80
86
61
80
76
73
89
75
81
85
70
85
87
68
90
75
78
89
68
91
81
74
93
77
77
87
69
84
82
71
92
77
83
85
64
84
81
73
88
77
73
84
62
81
81
64
88
70
75
89
75
92
86
76
88
75
72
87
64
91
81
74
95
81
82
88
72
79
82
79
93
79
74
74
84
70
90
84
-382
-209
-449
-452
-451
-438
-447
-420
-421
-417
-413
-418
-412
-416
-417
-411
-415
-415
-415
-415
-416
-415
-417
-412
-416
-416
-414
-415
-415
-415
-415
-414
-415
-415
-415
-416
-416
-416
-417
-412
-417
-413
-418
-413
-418
-416
-420
-419
-422
-426
-433
-444
-453
-457
-458
-458
-459
-459
-460
-461
-461
-462
-464
-468
-466
-464
-463
-461
-460
-458
-458
-418
-366
-325
-288
-248
-222
-200
-176
-145
-125
-105
-79
-73
-50
-35
-16
-14
5
17
28
40
38
48
57
66
61
60
65
69
80
80
83
81
88
88
89
93
85
86
95
95
95
98
97
88
96
92
97
85
94
88
94
90
81
80
82
78
67
65
58
62
62
59
54
47
43
39
37
33
26
27
22
24
20
19
19
16
8
8
0
-10
-19
-24
-21
-30
-36
-36
-31
-39
-42
-41
-47
-52
-51
-50
-58
-60
-68
-73
-69
-74
-80
-83
-81
-77
-76
-70
-75
-73
-76
-72
-70
-65
-71
-76
-71
-74
-74
-70
-64
-64
-67
-73
-76
-80
-71
-68
-71
-63
-65
-58
-44
-42
-45
-45
-43
-43
-38
-37
-39
-37
-37
-30
-37
-24
-27
-34
-18
-17
-18
-15
-9
-9
-3
-5
1
0
9
11
10
15
12
15
22
28
19
21
26
28
35
36
38
33
35
43
45
52
47
44
49
49
46
47
50
49
53
50
61
61
64
72
81
81
80
81
90
88
84
89
79
85
89
88
89
90
89
95
100
100
94
98
95
105
101
111
110
107
107
111
112
111
110
106
110
110
108
106
111
113
105
109
104
103
109
114
109
113
113
109
113
116
111
102
109
115
116
122
120
122
126
121
121
123
123
116
121
124
125
122
130
132
133
129
128
129
132
133
128
131
121
127
131
130
131
129
123
132
135
137
145
138
134
146
131
147
146
128
146
140
140
149
129
141
144
123
141
125
119
138
120
134
139
125
149
148
141
161
136
148
150
136
153
127
124
144
129
144
141
121
138
134
130
147
133
136
144
130
154
138
134
146
133
138
139
123
142
140
128
144
120
129
142
132
147
139
136
154
134
150
151
130
149
137
128
149
130
133
140
130
147
133
136
146
137
150
154
134
158
147
138
152
137
145
146
138
154
144
142
157
142
154
153
133
152
150
149
165
142
156
154
139
159
150
146
155
137
149
151
131
159
141
142
146
128
142
142
132
149
133
124
138
122
132
134
117
130
120
119
135
118
122
123
112
131
118
113
117
100
120
116
105
130
113
117
131
120
128
127
111
127
113
110
121
104
123
119
106
125
107
115
134
116
123
125
111
136
131
134
143
125
135
143
129
161
139
146
155
135
147
152
126
152
144
147
160
137
163
154
139
159
137
136
149
121
125
117
94
115
94
92
98
67
89
86
67
90
72
69
78
54
64
69
45
64
49
43
53
37
50
45
24
46
31
33
53
29
48
41
24
55
41
38
48
27
47
43
25
50
26
32
44
25
45
46
26
55
43
43
55
36
47
51
33
57
43
40
58
33
50
48
32
56
45
40
48
31
43
45
29
55
34
36
48
30
50
49
26
50
30
36
43
31
47
42
25
49
27
34
42
21
37
41
21
48
36
31
46
27
47
47
31
61
42
44
57
38
52
51
29
52
35
41
54
41
52
55
37
58
42
49
54
39
50
51
35
57
48
45
53
26
45
42
34
57
37
38
46
30
46
42
26
50
30
35
41
26
41
36
22
41
22
32
34
19
40
35
20
47
37
35
48
30
47
40
33
46
27
31
37
13
40
35
18
40
19
30
44
27
42
38
27
50
32
44
50
26
48
40
27
55
39
46
53
28
48
42
32
55
42
50
60
41
66
67
49
64
47
49
55
37
51
49
37
62
47
59
62
44
64
73
59
81
63
66
74
55
69
73
59
77
62
65
79
62
82
77
59
77
62
65
85
68
81
79
63
87
72
80
85
68
87
80
65
92
72
78
86
67
82
84
68
89
74
82
85
67
87
79
68
94
78
83
97
73
96
91
84
103
86
97
98
73
97
90
80
108
83
95
103
85
107
108
92
115
91
103
107
82
115
102
87
109
90
97
105
84
106
101
87
111
99
103
106
89
109
103
91
122
97
101
110
90
113
105
84
107
90
101
108
93
120
115
105
127
113
119
128
109
122
114
102
125
107
114
116
96
112
110
103
132
112
117
125
106
128
132
113
133
118
118
130
115
132
130
120
139
117
126
138
118
138
141
124
143
132
143
143
131
151
142
131
156
132
139
149
130
156
155
141
163
140
156
167
147
165
159
150
173
148
160
165
143
165
159
152
174
156
167
169
147
167
161
148
179
152
164
168
154
181
171
157
186
159
173
176
158
183
172
161
184
163
168
172
149
178
166
162
180
172
175
175
188
161
180
176
169
189
168
180
188
172
191
188
169
187
170
172
184
169
191
182
171
194
180
191
194
179
192
194
179
197
185
189
194
177
192
187
181
198
184
192
200
176
197
200
184
200
187
192
199
183
198
191
178
201
182
191
186
167
185
186
177
199
185
191
196
189
208
202
199
210
190
192
198
179
201
196
185
201
185
197
197
191
202
200
188
209
196
205
208
190
203
197
189
210
191
198
203
188
203
199
191
206
191
201
207
187
207
199
190
205
188
195
202
186
200
192
180
201
183
192
192
176
194
186
187
207
187
193
200
182
195
191
183
198
182
190
194
178
205
196
188
208
185
187
202
180
200
198
191
208
189
203
199
186
210
197
192
217
188
196
205
187
209
202
195
216
188
203
210
186
203
198
186
205
188
198
215
188
210
199
195
219
197
218
214
191
208
204
185
209
189
195
203
186
211
208
200
220
198
204
204
185
205
200
189
211
190
194
206
181
199
199
187
204
193
201
203
185
205
200
188
212
176
195
205
186
203
199
185
197
178
183
189
173
201
194
185
206
187
197
215
197
208
201
189
205
192
201
201
180
200
191
180
206
190
201
205
194
205
205
193
209
197
201
207
189
208
197
194
211
191
194
208
190
200
200
195
212
198
204
205
187
208
200
200
213
185
186
194
178
193
196
188
205
186
201
203
197
216
201
196
210
197
209
208
188
202
194
187
206
190
206
205
189
206
192
192
204
183
192
200
187
204
199
189
202
186
206
198
185
198
189
185
203
185
195
202
181
202
189
184
203
190
198
194
176
200
183
183
203
178
193
200
183
214
203
194
206
184
193
190
176
194
185
178
201
180
195
200
175
199
189
180
200
184
194
194
181
199
187
184
204
177
188
195
179
198
191
181
192
185
196
200
186
203
190
180
208
180
190
193
172
190
173
172
193
176
187
190
171
199
190
186
209
184
196
203
172
195
182
178
194
177
184
190
171
192
182
174
199
179
197
192
180
200
192
187
200
183
189
190
174
197
191
182
198
177
186
192
179
200
195
186
197
181
188
194
179
191
172
171
190
167
187
188
170
188
186
175
200
181
185
189
171
194
181
176
189
168
185
186
172
191
181
176
192
181
185
187
171
187
179
179
195
182
191
187
170
188
184
181
197
171
190
186
172
194
183
179
190
172
185
182
172
192
182
173
184
167
185
182
172
195
183
177
191
174
188
191
172
195
182
177
193
167
182
180
172
193
183
177
185
172
184
182
170
190
170
174
190
167
185
185
165
182
168
174
183
167
185
180
167
194
181
187
199
171
187
187
175
189
185
175
186
160
175
175
155
195
175
171
191
174
197
197
180
194
185
181
188
166
182
179
162
191
174
173
189
162
186
182
167
189
180
170
187
159
192
180
162
186
167
171
180
162
177
178
159
186
168
163
183
165
182
178
164
190
175
179
196
172
174
175
158
192
172
162
181
159
185
175
167
179
173
176
186
165
178
180
159
188
170
168
184
163
183
178
167
189
177
174
192
162
176
175
156
191
171
174
176
160
180
179
172
184
168
172
186
161
183
184
162
183
161
169
179
160
175
178
163
180
167
169
183
159
179
176
163
192
183
181
186
165
180
181
161
175
164
168
183
162
185
174
163
184
171
175
181
165
178
176
164
182
167
171
183
155
178
166
159
188
169
170
181
160
177
181
168
185
163
170
180
160
184
173
163
179
159
166
172
153
172
175
159
183
172
176
184
168
183
172
163
178
167
161
176
149
174
168
158
180
153
170
172
152
180
169
158
179
164
165
179
157
173
166
156
178
159
173
176
149
171
165
148
178
164
163
176
153
179
169
158
182
159
171
167
150
169
167
153
171
157
163
172
151
173
168
159
175
157
164
161
150
169
168
149
176
156
161
171
147
175
165
156
174
154
162
166
152
177
168
151
178
156
166
176
153
170
165
157
178
162
168
171
153
171
161
145
170
147
158
161
143
165
158
152
169
158
163
168
154
176
170
160
178
159
167
168
147
167
158
155
171
163
163
168
148
175
163
152
174
151
163
166
149
172
166
154
168
153
158
164
147
177
163
153
181
155
167
170
153
170
163
152
177
159
167
164
142
169
156
145
163
143
157
168
145
164
159
149
175
153
163
167
140
164
149
141
155
141
149
156
139
155
146
138
164
147
156
167
136
161
151
149
164
138
150
160
134
161
156
139
164
139
148
156
138
155
147
144
160
139
151
164
135
160
151
135
156
141
148
147
132
155
156
144
159
137
148
159
134
157
155
135
156
139
148
153
135
152
147
139
159
145
146
162
127
150
142
133
155
153
152
155
137
157
154
142
161
137
142
154
131
157
146
140
155
140
142
155
136
149
153
143
161
135
147
154
132
152
146
136
155
151
151
161
139
158
155
140
156
135
143
148
143
158
151
145
158
149
150
162
140
156
153
144
163
139
159
156
143
157
151
141
153
148
147
155
134
155
154
156
166
146
151
153
139
156
149
135
153
138
144
146
130
147
136
136
153
133
159
153
141
162
154
148
160
138
144
147
128
150
138
142
149
135
145
143
131
152
149
136
154
139
156
152
137
156
141
138
150
138
145
145
130
148
140
129
151
133
147
151
133
153
139
140
150
134
142
145
124
148
134
128
146
128
147
149
133
153
140
144
156
139
148
149
129
152
140
141
163
130
148
148
132
152
142
141
151
136
144
150
127
162
145
145
164
134
155
160
138
160
144
142
164
138
154
156
134
161
141
139
158
134
145
147
133
148
142
132
151
134
147
155
130
163
142
143
160
135
149
161
126
143
132
119
140
126
139
141
126
148
138
128
152
132
134
139
123
140
138
125
145
125
128
135
114
134
127
122
138
123
127
133
115
132
128
115
130
116
125
125
110
128
126
108
130
111
114
129
115
137
130
123
139
124
133
141
128
140
129
122
134
120
122
135
114
133
125
116
130
133
136
138
121
135
136
129
149
124
132
142
123
144
137
131
146
131
140
142
131
142
134
130
148
127
131
144
125
140
134
129
133
130
130
133
120
133
132
135
146
127
134
139
137
147
141
131
143
127
132
143
133
149
135
127
145
127
136
144
131
148
134
134
142
128
141
143
127
144
132
141
148
129
142
134
126
138
134
127
142
131
139
142
128
145
131
130
144
127
140
132
119
137
129
130
146
124
133
141
128
149
135
143
153
127
141
137
119
139
136
131
145
128
149
142
132
150
135
137
149
128
143
142
126
143
135
129
144
122
135
137
122
145
128
136
147
128
140
143
121
146
130
130
141
126
135
139
120
135
120
114
133
124
134
142
126
147
137
140
161
131
148
143
124
144
133
134
146
127
131
137
119
144
133
136
148
124
139
144
127
140
129
127
140
124
139
137
118
137
127
121
136
116
124
129
116
136
127
125
139
120
133
138
118
135
119
116
130
111
122
134
122
134
128
128
143
125
138
135
119
132
123
115
135
119
127
128
115
132
125
121
131
112
124
122
107
128
118
113
126
103
113
120
100
120
107
104
115
93
114
106
89
118
101
101
114
90
102
97
91
111
95
99
107
92
110
111
100
124
109
109
123
110
121
130
118
130
115
111
121
100
123
125
110
134
125
123
137
115
130
130
116
133
124
121
133
118
131
132
118
129
117
119
134
118
130
137
119
137
128
128
142
123
132
134
121
133
121
120
132
106
120
120
108
134
130
130
140
121
140
137
130
150
131
127
136
116
127
128
119
130
122
117
128
115
128
128
115
129
119
116
132
114
129
131
119
133
126
121
129
111
125
126
112
129
115
115
130
116
128
133
116
134
123
122
137
115
124
123
109
129
119
125
140
121
133
132
120
135
131
133
140
119
131
137
124
139
127
123
137
121
136
138
123
139
126
122
131
118
126
129
120
140
129
139
144
120
137
139
128
141
133
135
144
123
135
133
126
136
121
125
130
116
137
129
114
127
117
120
134
120
137
135
121
142
127
135
145
117
135
132
118
133
123
124
138
117
136
133
131
141
128
130
142
123
141
138
123
137
126
130
140
122
135
130
123
137
123
125
138
121
138
140
123
145
124
129
140
120
135
132
123
136
116
119
130
113
135
136
126
144
130
142
153
132
146
140
123
141
125
130
140
120
135
132
117
135
114
124
133
116
131
133
124
138
123
125
132
112
134
126
112
132
116
120
133
110
121
124
108
131
120
122
128
115
135
127
113
140
123
120
128
110
125
123
117
131
121
125
131
113
136
137
118
135
122
122
135
115
132
135
119
134
121
129
137
116
132
136
122
140
123
123
135
119
133
136
126
138
125
130
142
122
134
133
121
138
128
131
146
122
133
133
116
135
126
126
128
115
133
139
125
145
129
136
144
121
142
144
131
147
128
133
135
119
134
130
123
142
128
137
145
124
141
138
125
135
131
135
142
121
138
133
122
141
118
126
130
118
138
139
123
139
127
133
139
127
144
136
128
144
125
131
140
118
132
128
119
136
124
130
141
124
143
135
131
155
131
140
138
117
131
132
113
133
116
126
129
117
133
125
116
140
124
130
144
123
140
136
127
143
126
130
138
120
135
131
126
143
120
127
128
112
136
135
121
140
123
134
