52
49
61
46
52
58
41
55
50
50
53
50
54
60
49
66
59
55
64
47
56
61
52
57
55
54
55
59
53
59
45
60
56
59
65
57
60
63
56
63
68
61
59
49
54
60
50
67
63
62
64
59
61
68
67
75
67
64
68
64
66
71
61
65
59
68
68
58
55
60
54
66
64
57
57
48
59
61
59
65
57
62
63
56
66
69
57
64
62
57
63
56
68
68
56
55
46
58
60
47
56
54
44
64
60
57
64
54
64
67
69
72
68
65
73
57
62
59
41
62
54
59
67
63
62
67
60
63
59
65
71
58
64
69
53
70
65
65
62
50
55
58
57
68
60
53
62
55
70
71
58
64
65
64
68
58
58
62
47
65
53
53
54
43
61
60
51
68
69
68
74
61
64
69
58
62
51
50
56
45
69
66
55
59
52
49
65
47
58
63
50
66
62
64
63
53
59
59
48
66
63
59
69
55
56
56
53
57
53
55
58
52
65
68
57
62
55
48
62
43
51
51
43
58
53
55
53
47
54
60
49
67
55
48
54
44
54
54
54
57
56
46
58
49
63
58
47
60
46
52
62
45
62
55
50
60
54
52
59
46
59
59
48
64
55
55
56
45
58
64
51
55
47
43
53
37
56
46
44
49
46
50
67
55
58
59
51
69
60
55
58
42
55
51
44
61
48
51
62
48
57
65
51
66
59
59
62
48
62
58
56
61
55
57
68
53
60
57
52
69
71
68
73
61
69
74
69
82
66
65
74
57
66
71
53
62
48
53
54
45
58
60
51
63
58
55
71
61
73
70
57
63
66
65
71
59
64
72
65
76
59
57
69
59
69
75
63
69
69
71
79
72
68
73
61
71
63
64
76
68
68
68
59
61
68
64
74
63
71
69
70
75
63
61
61
54
66
75
67
70
68
73
76
68
71
65
61
70
62
65
72
59
63
64
61
68
66
64
70
54
62
56
65
72
61
53
61
47
64
71
60
65
59
65
71
61
70
65
61
66
61
67
66
54
62
59
55
61
49
50
56
45
54
51
59
63
57
58
69
59
72
68
62
64
58
56
60
56
58
54
45
53
50
63
63
47
66
59
54
67
61
57
60
48
56
51
56
61
51
56
65
45
63
49
53
55
49
52
53
50
59
54
48
60
44
61
56
42
55
51
47
60
47
48
54
38
60
56
59
68
61
62
68
52
67
69
55
61
50
53
65
49
60
59
48
61
47
54
59
47
59
56
48
67
56
57
66
54
63
60
58
59
48
51
58
45
66
60
47
53
47
49
64
51
54
49
48
52
50
54
58
46
56
58
50
73
62
62
69
62
63
59
58
58
52
55
63
48
69
62
52
64
55
56
66
55
61
58
50
61
57
55
61
42
58
58
57
69
60
60
68
57
67
73
62
66
62
63
70
57
67
61
60
60
50
52
67
51
59
57
53
62
62
63
70
63
67
63
62
72
61
60
68
53
69
70
62
60
55
63
67
59
66
63
66
75
65
66
77
57
67
60
57
60
58
59
67
53
63
52
57
67
60
62
70
56
72
74
69
74
60
61
64
58
64
57
50
61
52
53
65
49
65
64
70
77
74
72
84
61
70
69
64
72
61
61
69
55
68
74
66
67
54
52
66
65
75
66
64
72
63
65
73
57
66
64
58
63
62
56
67
59
68
60
61
59
52
57
68
56
65
66
58
62
50
56
63
54
65
60
57
64
60
69
79
58
66
62
55
61
57
57
62
51
67
63
68
72
63
60
66
53
68
68
63
69
64
64
66
59
62
60
59
68
63
70
77
62
69
67
65
68
63
61
69
60
69
70
73
68
56
55
55
49
66
62
60
62
59
66
77
68
77
70
67
68
58
65
63
46
59
47
50
57
52
59
65
56
66
60
67
68
61
66
70
56
73
62
57
62
53
58
68
59
66
55
54
62
53
67
73
57
71
67
69
81
66
66
68
49
61
49
58
59
50
56
62
48
74
67
72
76
65
71
78
62
69
65
63
62
53
66
70
57
70
64
66
73
55
58
61
50
67
65
68
70
60
62
67
56
74
61
59
66
61
59
70
54
65
58
52
56
45
62
64
54
60
47
46
62
44
53
61
48
64
65
62
64
59
59
67
52
64
55
44
54
47
50
64
47
56
57
54
64
60
62
64
52
61
54
52
64
57
56
59
45
55
56
53
59
47
58
61
53
69
63
55
57
48
51
63
48
57
52
53
52
38
41
40
34
51
48
52
64
53
61
62
50
63
60
55
57
44
51
57
57
56
59
44
48
76
-443
469
-202
-460
-453
-421
-408
-403
-399
-399
-398
-398
-398
-397
-397
-397
-398
-397
-398
-397
-398
-398
-398
-398
-398
-398
-398
-398
-398
-399
-399
-399
-399
-399
-399
-399
-399
-399
-399
-399
-399
-399
-399
-399
-398
-399
-399
-400
-401
-401
-402
-404
-406
-409
-415
-424
-438
-453
-457
-458
-458
-460
-460
-461
-461
-461
-463
-465
-468
-467
-465
-463
-462
-461
-460
-459
-456
-426
-380
-355
-320
-292
-268
-250
-226
-204
-198
-185
-169
-155
-141
-130
-127
-115
-111
-103
-99
-89
-86
-90
-80
-80
-79
-74
-67
-70
-69
-71
-76
-77
-73
-73
-72
-70
-67
-70
-66
-62
-63
-61
-59
-65
-63
-56
-64
-63
-64
-66
-69
-64
-66
-75
-79
-73
-73
-74
-70
-75
-72
-68
-71
-67
-62
-66
-68
-71
-70
-71
-68
-66
-68
-72
-72
-73
-73
-61
-58
-52
-53
-49
-46
-37
-40
-42
-46
-49
-48
-51
-46
-45
-42
-41
-38
-37
-33
-35
-38
-34
-29
-29
-24
-22
-20
-19
-20
-18
-14
-14
-18
-14
-9
-12
-6
0
-2
-4
-4
-3
-2
8
14
19
18
18
16
25
29
22
29
23
27
26
33
31
39
36
38
42
48
48
42
45
51
48
47
57
54
58
60
61
61
65
66
69
69
72
70
70
81
76
76
74
75
75
86
81
84
83
85
92
95
91
91
88
92
94
89
97
91
93
96
93
94
101
87
93
90
93
93
100
97
100
100
103
107
104
111
107
112
105
107
106
116
104
102
102
98
103
108
111
112
110
109
118
114
121
117
113
121
117
115
122
115
114
113
117
112
112
112
114
118
119
119
118
129
129
122
122
123
121
124
123
121
118
114
116
115
124
119
116
120
122
121
130
132
129
130
132
133
130
130
126
123
122
120
120
124
128
126
122
115
112
118
112
118
120
114
120
120
126
124
124
122
125
117
126
125
121
125
123
127
131
124
120
112
117
122
127
130
126
123
128
126
120
129
130
125
123
121
121
130
130
132
128
128
129
121
126
122
123
120
131
122
128
124
120
126
122
122
126
124
122
119
124
121
123
124
119
116
118
116
119
126
121
123
120
123
124
122
127
124
122
115
120
116
123
119
119
113
120
106
112
109
108
118
109
121
125
119
131
130
129
133
119
125
124
107
119
113
107
120
108
110
114
106
115
108
115
121
111
113
120
107
127
105
105
119
107
108
117
105
115
113
106
115
105
113
118
104
119
113
104
118
115
109
113
95
112
107
100
108
102
101
113
94
123
108
100
113
111
112
118
100
112
108
102
117
106
114
116
94
115
110
106
114
111
107
113
96
106
108
113
117
106
108
116
106
122
115
114
112
104
110
121
99
112
106
115
112
104
111
107
100
109
105
100
113
97
102
115
99
110
104
111
116
111
109
116
105
122
110
102
110
93
106
122
102
118
106
107
113
106
110
115
97
119
107
103
118
99
106
109
96
113
100
96
106
100
101
106
88
110
100
96
106
94
102
109
90
104
93
87
97
82
88
89
69
84
86
88
93
86
96
96
89
101
102
88
98
78
86
92
75
90
83
83
87
74
77
95
70
84
80
76
91
81
88
94
77
89
77
76
86
71
74
85
65
82
76
65
73
57
67
71
65
76
66
70
78
64
68
80
55
65
64
58
64
69
69
73
63
67
69
60
75
69
67
71
57
61
63
56
64
59
57
62
50
57
54
48
60
50
55
62
43
56
52
50
57
59
53
59
37
58
56
58
62
47
55
54
46
57
57
55
57
46
46
47
45
53
45
46
48
38
47
54
44
53
52
55
57
53
52
59
42
51
40
43
43
31
40
47
35
52
51
46
52
38
41
52
40
50
39
45
45
38
43
46
33
46
37
31
45
39
47
50
38
53
44
50
52
42
41
48
29
48
39
34
39
30
43
37
33
41
38
44
56
45
56
58
46
62
49
47
46
41
47
47
36
49
44
47
60
37
46
50
34
63
48
48
59
40
55
58
49
59
50
44
57
41
57
42
39
56
50
41
51
39
44
55
41
54
50
47
61
45
52
53
33
56
52
46
56
42
53
65
54
59
55
47
51
39
58
52
41
49
55
49
63
49
51
59
48
61
52
56
58
45
58
57
45
58
55
55
67
56
63
68
67
74
66
66
70
66
74
73
64
69
68
69
82
58
60
60
47
63
61
61
64
63
68
82
67
87
74
74
83
67
76
80
70
80
76
64
72
66
76
82
66
82
72
84
91
77
87
83
79
85
86
82
81
76
84
86
75
87
72
74
75
72
75
89
75
84
81
78
86
73
87
81
70
82
72
76
86
73
88
85
72
88
86
87
93
79
94
91
84
101
79
86
91
84
94
102
81
99
85
92
98
81
96
88
81
94
94
90
98
86
89
93
87
104
94
96
89
87
96
91
92
99
90
88
100
82
97
103
82
103
87
90
94
91
92
103
86
100
88
90
107
84
104
102
93
101
97
89
95
86
92
97
87
102
85
95
104
86
102
98
84
98
93
95
103
93
100
99
84
104
89
99
102
92
103
98
93
104
106
99
108
95
104
102
98
107
95
99
97
86
97
94
83
95
96
91
106
95
104
103
94
113
103
102
104
92
100
95
83
99
98
90
105
85
98
96
102
103
100
100
99
98
108
107
96
104
97
94
105
94
100
99
98
100
96
98
99
91
105
105
94
115
103
102
111
102
108
99
101
100
93
96
100
86
118
103
91
105
91
107
108
106
115
107
95
111
101
105
106
87
108
101
96
110
100
104
109
96
103
102
95
112
104
107
112
100
118
110
105
114
106
103
115
104
107
105
93
117
101
109
107
93
107
103
101
111
101
98
112
93
108
109
103
110
101
106
112
99
118
106
105
114
103
97
112
95
111
100
100
111
109
119
120
106
117
113
104
121
108
103
118
102
114
111
103
108
101
105
111
96
114
113
100
114
115
109
123
97
111
103
100
108
105
105
111
92
101
100
85
114
96
100
108
94
114
118
109
117
114
105
116
98
114
106
104
112
103
103
113
98
105
108
103
109
110
106
114
98
110
107
110
115
105
103
107
98
104
111
98
105
98
95
107
94
116
101
99
106
99
99
114
99
105
102
88
99
93
93
97
89
106
96
93
107
95
103
102
93
110
110
95
111
94
105
106
96
111
99
92
108
101
97
111
95
110
101
95
108
103
108
110
100
109
105
99
109
98
95
105
86
106
104
96
99
97
101
99
92
99
92
93
104
86
94
102
84
104
92
97
102
102
97
106
92
104
97
95
106
83
93
99
78
97
94
92
99
86
98
98
93
106
95
92
106
91
104
104
87
105
101
91
101
93
92
104
84
103
93
100
104
93
104
105
85
101
96
90
102
94
94
103
90
96
84
85
93
92
105
112
95
110
112
103
113
105
101
108
90
112
103
106
106
105
104
106
88
108
99
97
111
101
101
107
111
109
104
102
100
101
107
112
97
109
100
99
110
99
96
101
93
109
106
108
107
103
107
112
93
117
102
96
103
99
93
109
100
109
109
103
107
100
113
117
98
109
104
103
113
106
109
116
102
115
109
108
112
101
108
117
102
124
105
105
108
105
107
114
103
108
110
107
114
106
115
113
100
104
107
103
119
107
108
112
93
109
100
102
109
100
102
110
95
124
107
109
124
107
114
124
108
119
111
111
118
100
109
107
97
115
108
106
122
105
110
122
102
121
116
111
115
106
107
117
99
122
111
103
114
98
103
122
102
114
113
106
114
107
116
124
105
118
115
102
116
98
107
108
96
104
107
99
104
101
103
114
95
121
109
106
109
99
103
112
91
106
99
99
108
100
108
112
97
106
96
102
114
105
107
116
95
113
113
105
107
97
96
105
96
109
98
98
106
92
99
110
87
108
101
97
102
100
97
102
90
106
94
97
101
93
99
103
92
109
107
101
103
97
95
107
94
107
95
97
98
93
105
115
98
109
103
105
105
104
103
107
96
107
103
103
105
99
100
108
94
110
105
103
108
101
105
106
98
110
99
100
104
96
105
109
89
104
85
95
102
98
96
104
93
113
103
113
114
97
105
105
93
109
98
95
107
92
101
99
90
104
95
102
103
93
106
109
94
112
98
96
105
100
98
103
88
106
94
102
100
86
97
104
88
108
103
96
104
97
101
106
102
106
97
94
105
88
102
102
90
105
94
98
99
101
106
110
94
110
96
102
101
93
102
101
88
107
99
93
105
92
102
103
93
103
94
97
102
93
107
107
91
108
101
100
108
97
99
106
90
109
99
104
104
95
101
100
84
110
96
98
101
93
99
102
92
104
95
97
98
93
108
105
94
112
99
97
103
91
90
102
86
102
95
105
101
94
102
103
91
117
102
100
106
98
99
107
97
106
95
102
94
95
108
102
89
104
95
100
104
96
101
101
88
103
90
100
95
90
98
92
81
100
78
89
90
85
94
99
84
106
94
103
104
91
105
98
85
102
87
94
107
90
101
98
81
100
93
102
101
91
103
102
88
119
104
99
106
94
107
112
95
113
103
102
101
90
104
101
94
113
97
99
112
100
105
107
91
104
102
99
100
90
105
104
95
121
100
99
105
98
108
119
98
110
97
101
105
94
115
109
102
112
105
101
115
98
107
109
94
110
102
100
109
98
105
109
95
119
102
102
112
97
104
113
95
114
100
98
111
105
108
108
95
111
103
103
112
98
101
111
96
113
113
106
112
107
113
117
108
121
115
112
113
97
99
110
95
117
102
105
107
112
109
109
98
110
102
103
113
100
106
110
102
110
107
103
103
97
105
108
104
112
101
109
111
101
111
116
103
115
103
107
105
99
103
104
87
103
87
99
106
97
104
103
95
115
108
106
113
97
104
103
97
101
93
101
102
92
102
100
85
101
92
97
99
93
103
100
92
111
98
104
105
91
103
98
88
109
100
102
103
88
101
96
97
107
94
99
100
89
110
101
86
105
86
88
95
91
98
97
92
109
91
105
101
84
110
105
90
110
97
93
102
85
103
98
92
105
89
95
104
86
108
100
82
100
86
91
103
92
102
101
85
103
89
101
104
88
103
96
84
103
89
93
100
84
95
97
85
96
85
90
99
81
102
94
90
107
97
99
108
97
106
106
93
107
97
105
100
85
97
92
87
110
96
91
105
91
104
106
100
105
94
99
100
90
110
103
93
110
94
95
104
83
98
97
90
103
91
103
100
91
106
102
86
113
93
99
99
89
100
99
87
98
85
90
99
88
108
98
92
109
98
99
111
97
100
98
92
106
97
101
101
91
101
97
88
107
93
105
103
90
101
104
93
110
98
100
101
91
111
99
89
104
92
103
109
91
105
96
91
109
101
102
108
95
112
102
94
118
89
100
98
86
102
105
95
112
96
99
105
91
115
102
96
107
91
96
113
91
107
100
89
107
100
100
101
91
108
101
93
112
92
95
108
91
104
105
90
108
90
98
102
93
103
93
94
106
92
99
107
88
107
99
89
101
99
95
103
84
96
95
95
107
98
98
105
96
107
107
94
107
102
96
101
92
99
93
97
106
95
103
108
88
111
103
98
109
107
101
106
93
106
100
101
110
99
99
102
74
106
108
96
105
99
100
110
100
110
103
96
104
93
101
101
85
99
96
86
94
91
87
106
88
105
98
113
105
98
98
103
91
101
101
93
102
92
98
103
97
106
99
94
102
96
109
107
94
109
104
99
110
104
101
108
97
109
102
109
105
96
100
103
90
119
99
96
104
97
100
105
98
102
99
96
109
92
108
105
89
108
103
102
117
110
108
115
97
113
107
107
102
101
106
114
97
125
112
101
99
99
104
111
100
113
109
102
113
96
106
114
95
117
108
102
114
110
108
118
99
111
105
102
114
102
107
118
98
121
105
101
101
94
99
113
96
109
104
103
115
103
117
115
100
115
103
101
118
102
102
111
87
106
98
101
109
106
104
111
96
122
111
107
117
105
105
119
100
115
103
100
108
109
106
109
87
105
101
97
115
101
102
114
97
113
111
104
106
99
97
105
77
111
100
95
106
93
100
112
96
108
106
104
108
108
110
112
95
111
101
100
111
94
103
106
96
106
102
103
99
88
101
107
91
115
97
101
109
100
101
109
96
104
100
92
106
100
103
109
89
102
91
97
109
97
92
108
80
103
98
85
102
86
99
102
89
110
91
99
103
94
101
108
82
112
95
98
101
93
102
100
92
112
97
96
104
91
98
100
85
106
103
98
94
92
99
95
98
104
95
94
110
92
103
110
89
111
94
100
100
96
96
106
89
107
93
88
98
74
86
97
74
96
94
93
101
89
101
104
91
108
93
91
101
86
96
103
79
99
85
92
100
94
98
106
86
105
93
99
102
93
101
100
85
103
100
89
103
92
90
103
88
101
94
97
99
90
102
105
87
107
100
93
104
96
92
99
82
101
87
98
96
88
98
100
88
111
103
95
108
90
98
96
94
105
90
92
98
87
98
100
82
99
86
89
94
84
92
95
86
98
88
97
96
87
100
102
83
108
92
91
100
86
93
96
88
97
90
86
98
84
106
94
80
96
82
90
97
91
98
98
86
101
94
101
99
88
101
88
83
97
84
92
95
90
93
94
90
100
93
94
96
79
104
91
83
90
91
92
102
86
90
90
81
100
84
95
98
80
99
96
87
109
88
90
98
81
93
94
85
99
77
81
89
67
86
84
79
95
90
88
105
86
99
92
77
96
83
87
89
79
87
93
79
100
77
77
90
79
90
98
81
98
88
92
97
84
94
95
81
96
86
84
98
75
88
87
76
82
83
88
94
81
88
92
78
103
83
85
90
76
84
90
72
83
81
80
91
81
91
88
79
95
86
84
92
88
85
92
80
87
88
84
92
76
85
87
74
98
80
85
86
78
87
97
70
89
81
82
89
82
90
85
77
86
82
80
87
79
82
87
73
85
82
80
