66
89
68
73
87
66
85
69
64
83
74
69
75
55
70
76
67
92
71
78
86
75
89
87
75
84
74
76
80
66
86
79
71
89
66
71
84
67
86
78
72
92
83
90
95
81
90
82
72
99
66
81
88
74
86
87
72
83
74
80
88
73
91
78
72
90
70
80
84
67
80
81
78
90
86
92
93
71
91
78
80
100
74
86
86
73
88
91
78
88
73
82
91
76
98
78
76
92
76
77
87
73
89
85
77
92
78
82
90
70
93
78
83
94
79
92
89
72
91
87
73
88
62
77
79
65
82
69
70
88
77
88
94
71
94
83
75
90
72
81
82
64
90
73
75
91
77
84
84
68
104
85
81
97
72
89
93
83
90
82
76
92
77
85
89
63
89
81
78
94
75
83
88
73
90
81
75
94
68
80
83
62
85
76
69
79
62
69
79
78
91
84
77
101
70
91
94
66
87
75
75
91
78
82
89
72
89
77
74
89
73
85
81
69
91
80
75
86
72
78
93
74
88
81
70
88
69
88
86
64
78
75
69
88
73
71
83
59
79
65
69
80
64
78
81
65
91
83
78
88
69
74
81
63
77
64
67
80
70
90
85
69
87
73
72
92
75
73
84
67
87
71
71
76
66
80
80
64
90
80
74
90
64
83
84
71
87
74
68
83
71
84
80
59
70
63
52
83
71
75
79
76
93
81
86
93
80
89
90
64
90
77
67
83
65
76
81
70
89
80
76
89
76
90
88
73
86
78
77
97
69
83
83
69
87
83
71
83
70
77
86
70
96
72
78
92
72
86
91
74
86
76
66
83
70
82
85
70
88
73
74
100
76
92
89
80
93
90
86
90
74
84
86
68
92
72
79
89
72
74
85
69
81
75
73
86
74
86
90
76
88
76
78
92
75
86
87
70
87
86
76
85
66
77
76
72
88
72
78
83
68
75
83
67
76
75
75
88
75
91
89
76
90
73
75
83
69
83
84
74
92
87
86
96
74
94
88
82
99
82
85
97
80
95
95
75
99
78
87
100
82
93
90
84
93
84
85
92
72
85
83
68
91
82
84
96
65
77
75
73
89
77
75
92
76
99
93
80
107
82
86
89
77
82
78
73
89
77
77
94
64
89
91
72
90
85
82
92
76
88
90
77
93
78
77
93
71
95
94
74
86
74
78
89
80
84
92
75
100
82
89
98
70
89
83
69
85
75
73
92
70
77
84
70
94
86
81
94
74
90
86
70
84
76
77
94
74
87
93
73
91
79
83
85
68
81
86
76
93
86
81
97
79
91
91
86
95
82
82
89
72
91
89
71
85
78
76
94
76
83
85
65
80
77
85
87
73
87
92
79
94
84
78
100
70
87
84
73
86
74
80
89
77
95
94
81
94
84
86
98
76
88
84
76
92
82
84
89
72
83
81
70
95
80
82
95
76
91
89
88
94
81
91
95
75
95
86
70
85
68
69
83
61
73
80
74
86
85
98
96
74
92
92
75
98
72
86
92
76
86
91
79
92
84
86
98
76
100
91
86
100
82
96
102
79
94
87
75
90
79
81
88
67
81
79
68
90
70
77
85
70
81
89
74
86
75
74
84
66
91
79
69
99
79
84
99
72
85
87
75
87
79
82
89
68
89
86
78
97
72
79
91
72
86
92
73
94
71
78
88
73
92
84
76
91
77
83
95
74
88
84
71
92
83
84
90
68
81
74
68
78
68
71
77
58
76
80
67
88
70
80
85
74
88
80
74
86
75
75
89
59
76
76
69
91
83
84
89
77
92
88
86
98
79
84
94
70
87
96
78
95
78
84
85
80
90
89
75
92
77
85
96
71
92
81
74
84
70
78
83
68
83
80
72
92
74
81
90
73
91
96
78
96
81
86
91
73
88
85
70
93
79
90
93
68
89
82
69
90
85
82
91
75
91
87
83
94
76
82
86
71
87
89
70
88
77
80
90
77
91
88
79
94
79
87
88
69
84
83
68
88
83
86
91
73
94
92
83
95
84
83
92
76
96
90
78
96
79
85
96
78
92
86
80
94
78
91
91
73
88
84
72
93
81
75
87
69
85
77
84
91
79
87
88
70
90
83
70
86
72
80
86
70
78
71
69
84
69
86
86
73
89
86
82
102
78
87
89
75
87
88
84
92
78
81
82
72
92
88
80
93
81
87
96
79
99
84
79
97
76
95
95
82
95
82
74
91
71
87
89
74
90
87
81
92
79
87
87
70
93
81
71
89
68
80
83
71
83
78
77
93
81
97
85
74
96
81
78
102
71
81
88
71
86
97
87
69
80
76
-440
-194
-452
-452
-452
-445
-448
-428
-421
-423
-413
-418
-413
-415
-416
-414
-414
-415
-414
-414
-414
-413
-414
-413
-414
-415
-413
-414
-415
-415
-416
-414
-414
-415
-414
-415
-415
-414
-416
-414
-415
-417
-415
-418
-415
-420
-419
-421
-427
-435
-450
-456
-457
-457
-458
-458
-459
-459
-459
-460
-462
-464
-467
-465
-463
-462
-460
-459
-458
-456
-412
-360
-325
-291
-252
-224
-197
-164
-141
-128
-101
-83
-69
-54
-37
-31
-26
-17
-2
9
26
30
38
48
51
56
70
69
74
72
74
72
76
79
80
77
82
80
78
95
89
82
85
85
87
91
92
89
86
78
79
78
86
78
74
79
75
68
74
63
57
56
52
51
50
47
51
44
43
38
27
36
22
23
18
18
17
18
12
10
3
4
3
5
5
-3
-14
-15
-20
-28
-19
-26
-35
-32
-39
-32
-33
-34
-37
-39
-44
-50
-54
-52
-53
-53
-52
-53
-52
-45
-55
-53
-54
-56
-56
-47
-49
-52
-52
-49
-44
-51
-48
-53
-53
-51
-48
-45
-37
-46
-50
-42
-44
-45
-37
-33
-31
-34
-28
-26
-28
-19
-24
-24
-21
-22
-24
-12
-11
-8
-13
-8
0
2
13
10
14
10
14
16
23
19
21
23
31
30
31
35
32
34
36
37
39
45
44
46
50
52
54
62
58
55
56
57
59
62
65
61
59
58
62
68
81
77
82
89
94
93
99
93
91
89
89
90
91
97
90
95
101
93
93
109
98
103
110
97
111
111
106
121
107
109
115
101
124
115
103
122
109
110
127
102
108
116
107
127
116
116
126
110
125
124
105
133
115
111
124
104
118
126
110
130
119
116
133
119
136
137
116
131
122
115
132
114
124
123
108
129
125
115
130
113
123
126
109
133
119
116
134
115
127
135
115
132
126
122
135
116
127
127
111
129
126
120
142
120
128
132
114
170
143
130
141
121
132
135
122
147
133
125
141
123
137
144
124
141
131
118
126
112
126
127
113
137
130
128
148
126
136
140
122
140
137
132
145
129
139
136
131
145
127
116
135
120
130
142
120
135
128
127
134
123
128
130
116
131
121
118
133
112
113
117
103
121
121
118
130
113
125
126
114
133
120
116
123
105
119
116
99
118
108
110
120
103
118
115
102
123
109
115
124
107
121
120
111
125
120
113
123
104
121
120
112
125
110
110
119
104
124
124
102
126
112
116
124
107
118
106
100
117
103
112
123
103
124
118
103
126
114
118
130
109
120
114
116
127
112
116
125
103
129
131
112
132
119
118
124
104
118
108
99
118
103
109
118
96
110
108
90
115
96
97
105
83
105
98
89
107
86
87
100
68
100
87
73
92
75
81
97
75
94
92
80
103
89
95
102
73
96
86
75
97
74
79
95
76
93
93
85
107
88
95
111
79
106
95
81
102
80
92
108
82
96
90
78
98
81
94
98
73
93
93
76
103
76
81
92
70
86
89
74
87
71
70
78
58
77
77
58
74
65
69
85
64
73
73
53
66
56
55
58
37
56
54
42
62
44
45
55
35
53
58
41
59
46
52
59
40
66
59
39
60
46
48
69
55
65
61
47
64
60
62
71
56
67
71
56
76
67
67
74
56
68
74
60
76
66
72
80
66
80
71
52
71
61
54
73
49
65
59
44
65
54
53
50
34
49
45
38
58
35
41
47
26
52
48
35
49
38
43
47
30
55
40
30
52
30
34
51
25
49
35
22
38
28
36
37
19
41
31
25
55
32
39
50
30
47
51
37
53
40
40
43
27
44
34
17
51
33
45
54
34
42
47
38
56
45
46
57
35
55
50
47
68
48
53
57
43
60
60
42
62
45
54
66
55
72
69
55
64
55
58
65
50
63
64
54
67
64
62
69
56
76
71
69
76
66
77
80
59
71
75
54
70
61
62
67
59
69
59
48
61
48
57
67
46
61
57
43
62
50
51
42
34
50
45
43
56
42
48
49
32
54
46
38
58
43
52
56
44
52
46
38
54
40
48
63
42
67
57
48
70
57
56
57
40
62
56
54
70
58
57
73
54
76
61
60
79
66
73
77
66
77
70
60
79
61
78
88
67
92
80
75
93
79
88
92
70
91
88
83
97
63
86
91
68
95
82
70
91
78
87
95
82
97
94
89
110
87
110
102
84
107
94
90
112
94
99
105
78
107
102
96
110
91
105
107
88
123
108
92
116
98
100
116
92
118
109
98
117
96
109
112
94
124
117
107
133
117
118
123
101
118
110
112
123
102
113
115
106
123
114
94
127
114
119
132
110
123
114
104
119
107
114
115
100
119
115
107
127
106
116
117
99
119
113
116
126
114
114
122
108
133
127
128
137
118
136
111
130
122
115
128
117
120
124
110
131
123
111
135
114
121
126
110
126
124
121
133
121
129
140
125
147
133
123
134
118
129
137
119
120
126
120
138
129
142
134
119
137
130
121
140
119
131
136
120
138
133
125
146
127
137
141
123
148
136
133
142
127
136
149
126
141
135
127
143
128
133
134
112
137
135
129
147
134
150
152
135
160
147
137
155
135
145
144
131
154
138
132
144
130
141
158
133
152
145
134
157
144
150
147
133
158
146
143
164
135
147
151
130
152
150
131
159
138
150
154
137
154
149
139
158
135
146
159
129
152
133
130
156
145
153
153
137
155
154
150
167
140
152
164
137
165
148
144
162
139
156
156
145
158
152
146
169
141
152
161
138
164
150
151
166
149
159
161
140
158
156
146
166
139
156
164
141
166
152
145
157
145
158
158
148
160
150
147
166
149
166
158
153
174
158
159
173
162
162
163
139
160
147
156
171
146
162
162
149
175
164
152
173
157
167
168
158
169
158
158
171
147
170
157
152
168
162
151
174
159
169
170
154
178
160
162
172
153
169
166
150
178
161
159
168
145
169
165
156
177
159
171
179
162
177
170
157
173
161
156
172
152
169
166
149
170
148
160
165
153
167
162
150
180
163
157
173
149
164
163
151
168
151
158
171
152
168
158
144
168
158
158
178
147
166
164
150
173
156
156
163
144
156
158
144
168
157
155
169
144
168
168
156
178
157
159
170
149
168
160
145
170
155
154
176
145
166
161
153
171
158
159
167
152
168
166
148
180
160
155
178
150
163
166
151
168
152
154
175
147
171
159
148
165
151
157
172
144
161
155
150
168
164
154
173
151
169
170
151
178
159
162
161
144
156
161
143
167
153
154
173
151
173
166
151
175
156
160
168
146
160
160
147
173
157
148
167
137
163
162
150
173
151
161
165
149
164
167
147
174
159
153
166
144
163
151
138
153
146
152
170
143
158
167
145
174
164
156
167
144
168
157
154
165
155
158
176
151
163
163
142
171
152
156
166
153
168
159
148
169
159
159
176
144
164
160
145
168
158
156
162
142
160
161
152
162
154
154
174
146
168
164
146
165
146
154
165
150
166
164
148
167
154
158
175
142
163
151
150
163
154
152
163
149
158
162
149
162
148
150
166
143
163
153
147
160
151
159
166
150
164
164
147
167
151
164
161
142
160
154
151
165
157
148
158
139
153
155
149
157
143
148
155
143
167
157
153
165
156
159
168
147
163
154
145
157
137
154
152
139
157
154
142
162
148
147
158
139
168
150
150
163
141
155
159
147
163
150
141
157
146
148
160
135
154
149
145
162
141
158
160
138
154
150
134
163
138
142
152
128
147
141
139
150
140
144
157
142
164
151
138
162
135
143
157
130
152
147
136
153
139
146
153
133
153
151
141
170
144
151
157
138
158
154
144
154
145
142
162
132
165
149
137
157
138
145
161
136
159
155
143
162
146
152
160
131
157
159
140
167
145
156
165
142
158
163
147
163
147
149
162
134
164
151
142
165
145
149
163
137
150
147
135
152
144
141
152
133
151
152
144
165
143
152
158
146
156
164
141
159
152
145
154
134
157
151
141
153
147
141
149
127
141
142
129
151
148
146
154
137
157
147
142
158
140
160
153
142
152
152
133
150
139
148
153
140
159
151
141
156
144
144
158
137
152
152
141
161
147
153
149
135
154
145
145
160
142
146
157
135
151
151
142
157
139
148
148
139
150
144
141
151
135
137
155
128
151
147
142
157
150
151
152
135
153
143
137
150
132
133
144
123
140
140
130
142
132
137
143
131
145
139
128
147
135
141
153
126
143
137
135
145
140
146
148
128
142
139
133
150
134
140
148
130
152
144
132
146
134
135
142
128
139
140
130
152
135
147
146
126
146
133
125
140
134
137
145
123
144
135
129
145
126
135
141
127
142
141
130
140
128
129
136
125
139
132
128
150
129
145
147
128
142
137
128
144
134
136
142
124
139
129
131
143
122
127
133
122
139
140
129
149
131
143
146
132
149
137
128
142
127
131
132
118
134
132
127
147
133
140
148
124
144
137
136
143
128
135
146
121
144
133
126
143
125
133
136
124
138
133
129
145
132
144
148
129
149
137
126
146
124
125
128
114
135
128
129
140
122
131
142
121
150
140
128
144
125
126
133
122
132
129
123
138
125
134
140
115
129
124
110
142
128
137
140
124
138
136
128
143
124
130
137
121
144
135
127
140
127
126
133
116
128
129
119
134
118
126
126
109
126
127
115
140
127
128
139
124
141
142
128
144
125
123
129
118
136
128
119
136
125
128
146
127
140
134
123
133
122
128
136
120
131
128
119
137
125
129
136
118
129
133
126
133
124
123
128
117
136
126
120
134
121
123
132
113
119
115
114
129
124
131
137
125
138
140
134
151
133
136
141
120
134
138
131
139
126
128
129
125
145
131
127
139
128
134
142
128
140
129
125
136
130
135
135
119
134
125
119
138
121
130
136
123
135
133
124
136
124
133
133
122
134
127
112
128
114
126
131
118
134
125
127
142
136
144
144
123
138
129
131
149
122
132
136
121
136
134
123
139
121
125
127
115
137
130
127
136
123
138
142
124
141
132
124
135
129
135
132
119
139
128
126
133
113
126
131
118
137
134
123
134
118
128
135
119
139
129
129
148
128
142
143
126
136
127
113
132
123
127
130
118
137
128
130
142
123
124
133
115
137
130
120
137
119
122
126
110
129
125
119
133
119
132
140
120
136
128
126
137
125
131
136
118
134
122
122
125
107
114
120
109
138
129
121
135
120
127
134
127
133
129
126
129
114
124
122
105
123
114
110
122
116
120
125
110
126
117
123
135
121
128
131
112
134
123
111
130
114
122
125
114
127
114
115
129
116
131
132
116
133
126
119
128
112
120
117
101
118
107
119
126
106
119
117
104
130
120
111
123
106
113
118
105
123
109
107
121
98
120
117
104
121
110
110
123
100
116
118
105
122
112
115
122
104
115
115
101
129
111
112
121
103
116
122
100
119
106
105
116
99
115
107
91
121
101
104
124
99
117
121
106
124
116
120
127
110
118
116
95
131
112
107
122
103
116
122
103
127
109
106
119
102
119
115
98
122
110
105
123
100
108
113
97
120
108
113
123
104
120
120
104
127
107
106
123
103
116
123
100
118
95
99
111
97
118
117
102
129
121
119
135
114
121
117
102
122
111
109
121
103
116
116
99
124
112
113
126
105
121
126
106
128
116
111
123
111
125
122
107
128
112
117
127
98
118
116
103
127
119
115
127
108
123
121
108
128
107
108
120
99
111
119
100
127
114
117
128
120
131
128
112
127
111
116
129
113
125
123
105
126
117
114
125
105
123
122
107
126
102
110
123
104
119
129
109
127
113
115
126
108
121
119
100
125
112
115
127
99
115
112
90
120
107
104
117
100
118
120
111
131
118
115
127
110
125
126
109
127
109
106
116
103
111
116
102
122
111
118
125
105
120
122
98
128
118
113
120
104
118
117
103
118
100
104
121
102
121
121
101
122
106
114
122
112
119
118
104
123
102
110
111
91
110
105
95
125
111
112
124
107
121
124
113
124
109
113
119
95
122
116
102
118
105
112
119
104
114
111
103
120
102
114
122
105
119
118
106
125
107
115
119
102
119
118
109
126
107
109
111
98
123
112
103
124
106
111
119
100
116
106
94
122
105
120
122
108
127
115
103
136
109
114
121
101
116
118
112
125
104
112
117
102
128
120
101
120
102
110
122
99
116
111
99
123
105
118
117
101
120
116
102
129
113
117
122
104
122
121
106
131
107
111
117
93
125
115
99
118
103
110
125
102
124
118
105
128
108
112
114
94
115
108
88
120
93
100
109
88
112
108
95
120
94
107
107
94
117
108
92
116
96
103
122
93
113
108
90
117
108
109
115
94
116
110
95
124
99
105
115
91
112
107
92
112
94
99
107
89
113
110
98
124
106
117
123
100
118
105
94
117
103
103
112
94
119
118
98
122
93
105
106
92
112
114
95
118
97
101
108
94
114
103
92
113
87
107
112
95
108
105
89
115
112
110
111
93
118
105
97
117
92
111
107
97
108
113
99
123
106
113
115
98
119
104
94
113
94
108
114
88
116
108
97
121
103
105
110
83
111
106
106
117
98
102
107
90
108
108
92
119
96
108
106
102
114
106
94
113
95
111
109
91
115
100
79
110
92
102
102
95
114
104
108
122
106
116
122
97
119
111
91
117
97
104
106
97
108
105
95
119
98
108
115
96
114
107
99
118
111
101
108
91
112
102
98
115
92
95
107
85
114
101
94
114
93
104
111
97
111
105
94
114
85
103
98
86
101
94
94
115
94
102
105
88
105
97
92
112
89
107
101
88
110
98
89
110
87
102
105
91
108
94
90
106
81
108
99
87
110
100
89
115
95
104
103
84
108
101
100
105
91
111
100
87
112
96
87
105
89
102
102
86
108
97
95
113
91
120
114
99
119
109
96
121
93
107
96
86
113
99
99
111
91
106
108
94
127
109
99
124
101
115
119
104
125
110
104
118
97
111
116
