83
92
68
91
93
77
94
78
80
91
71
86
78
65
94
73
82
101
67
89
85
75
87
81
78
98
61
78
81
67
93
70
74
83
65
87
91
72
87
72
75
87
63
85
85
70
92
78
87
98
71
97
84
74
97
79
80
97
66
95
94
77
99
77
88
96
68
91
97
70
97
75
79
99
73
94
87
71
94
79
90
97
71
93
93
76
100
86
80
95
71
92
83
76
98
70
77
90
58
75
86
67
95
78
84
97
77
99
92
82
100
81
91
97
69
88
91
77
96
78
81
90
74
96
89
85
100
80
88
100
80
94
98
74
101
77
84
91
78
85
87
69
83
79
86
97
69
90
87
73
98
83
87
89
74
90
89
85
95
84
89
100
73
102
89
95
104
85
93
94
82
91
90
75
92
77
89
92
71
94
82
77
96
75
83
84
68
85
82
75
91
77
89
91
75
98
79
76
90
76
75
88
71
85
80
68
82
64
87
86
68
89
75
70
90
74
79
82
65
89
85
78
93
76
89
93
68
85
74
64
83
74
78
91
70
95
82
71
91
66
87
82
64
84
77
68
95
73
78
82
58
86
82
78
85
73
78
84
69
91
84
68
91
75
84
96
68
92
82
67
75
65
72
81
65
84
82
72
101
76
90
96
70
92
87
77
89
73
76
88
72
89
77
66
92
72
81
86
68
91
88
79
96
81
85
93
71
94
82
70
99
72
83
89
66
81
90
78
92
75
82
92
75
103
82
79
91
73
79
90
68
83
81
78
91
77
86
92
72
100
82
79
102
82
91
92
74
90
88
79
95
73
79
90
72
96
78
74
86
80
90
99
76
93
90
78
97
75
85
89
75
94
85
81
99
75
88
93
73
89
88
77
99
79
83
84
76
90
80
75
91
80
91
101
70
99
89
83
104
84
87
86
65
93
84
80
93
78
89
95
75
94
92
79
95
76
85
82
77
92
83
69
84
69
79
92
65
85
82
70
95
81
87
86
70
90
83
81
95
75
81
86
62
78
72
60
74
68
73
79
76
83
84
81
97
75
92
95
72
89
77
74
89
78
73
81
65
79
83
78
92
75
82
95
77
97
83
81
95
81
90
86
77
90
83
73
83
64
82
83
70
86
77
73
92
81
85
93
74
86
81
76
86
62
76
81
63
88
78
68
87
76
84
89
75
94
81
78
91
67
90
82
69
91
80
72
95
80
87
86
66
91
73
79
92
73
85
88
79
100
82
78
86
73
81
84
70
87
76
76
96
66
86
83
71
88
84
76
101
73
89
86
71
91
79
82
92
77
85
87
78
103
85
76
95
68
90
93
76
97
83
79
96
77
94
94
73
97
79
73
102
72
95
96
72
95
89
84
99
79
92
97
74
110
88
82
103
76
91
97
77
94
84
83
96
72
90
90
68
94
83
78
105
78
96
96
83
103
95
87
104
73
85
89
68
99
82
76
91
71
82
92
74
86
81
75
97
76
89
90
74
92
77
74
91
76
82
84
66
77
77
65
85
72
82
85
77
98
84
87
100
83
94
98
72
93
84
74
90
74
85
81
65
86
78
79
100
75
88
93
76
91
87
80
90
72
87
82
74
90
79
70
85
66
76
82
65
87
74
72
87
77
84
75
73
89
79
79
89
67
78
81
64
82
76
72
82
68
85
79
73
86
74
75
84
66
82
82
61
78
71
75
83
72
81
81
64
83
68
67
83
63
72
80
64
83
76
76
86
68
82
77
68
87
76
77
90
67
83
85
65
85
75
77
86
77
89
87
73
93
82
82
92
72
90
86
70
89
83
68
78
58
67
77
67
86
75
79
89
70
95
92
71
94
78
74
87
73
84
81
66
88
73
82
91
72
92
88
74
98
82
77
88
77
87
88
76
94
78
82
97
69
89
87
71
87
77
77
92
74
87
86
74
96
79
89
93
74
86
77
67
87
77
70
92
66
82
82
77
99
81
84
98
70
96
86
76
95
80
77
97
69
94
96
73
94
82
85
88
72
88
88
73
98
75
80
98
72
95
89
77
93
75
84
94
74
96
82
69
92
80
80
100
75
92
87
75
89
81
86
89
66
89
89
74
102
82
85
102
73
92
88
77
91
82
82
96
68
100
92
81
105
84
88
105
78
95
92
75
95
84
86
96
68
90
88
70
95
83
81
93
81
96
96
78
100
82
84
99
72
96
84
71
92
75
72
91
71
88
87
80
101
90
94
105
81
98
87
77
99
78
81
94
76
88
96
71
96
81
84
97
80
101
92
85
97
79
80
100
74
70
74
90
91
-282
-448
-448
-448
-437
-439
-438
-416
-423
-413
-415
-416
-413
-413
-413
-413
-414
-413
-412
-414
-413
-412
-412
-412
-412
-411
-412
-412
-412
-412
-413
-413
-414
-413
-413
-413
-413
-413
-414
-413
-415
-415
-415
-415
-417
-414
-419
-418
-421
-426
-435
-450
-456
-457
-458
-458
-458
-458
-459
-459
-460
-463
-465
-466
-465
-463
-461
-459
-458
-456
-436
-385
-345
-312
-273
-239
-198
-181
-151
-128
-105
-88
-65
-48
-30
-17
-6
0
20
24
25
36
41
47
53
64
70
72
76
83
81
91
89
88
89
91
90
93
98
84
90
90
89
92
97
91
93
90
94
90
94
93
87
87
85
80
77
83
71
70
63
56
50
52
48
44
37
35
30
36
38
28
28
29
18
15
13
8
3
-8
-12
-12
-15
-19
-29
-32
-28
-37
-34
-33
-42
-44
-50
-48
-52
-54
-60
-60
-64
-66
-72
-70
-71
-75
-78
-77
-84
-78
-71
-73
-71
-75
-77
-66
-65
-64
-62
-68
-67
-71
-68
-69
-73
-75
-70
-74
-69
-62
-66
-57
-55
-50
-54
-42
-41
-43
-45
-44
-46
-43
-35
-38
-34
-31
-38
-25
-21
-30
-28
-26
-22
-19
-11
-8
-8
-9
0
3
7
13
6
12
15
16
19
28
25
26
25
31
29
30
42
39
43
42
38
42
48
42
45
42
45
51
56
60
62
65
72
74
78
78
77
79
83
80
84
87
81
86
83
88
90
95
93
95
98
92
96
99
103
100
100
102
97
101
109
108
110
111
111
114
122
123
118
117
122
115
118
122
118
120
119
119
119
122
118
115
115
116
114
124
127
122
125
133
134
133
137
133
133
132
132
134
135
130
126
121
127
128
133
148
139
137
149
135
142
148
129
147
133
135
148
134
148
146
128
147
130
126
150
132
141
148
129
155
149
139
161
136
148
155
137
157
141
131
147
128
135
144
122
140
142
135
158
145
150
156
138
156
148
141
158
134
145
147
126
148
150
136
154
134
140
146
135
155
143
134
154
137
148
157
133
150
140
130
150
136
140
146
127
147
135
135
151
129
141
145
127
146
146
131
153
133
141
142
127
143
137
133
151
132
143
150
127
143
132
126
141
129
137
143
120
141
131
135
150
126
131
143
121
140
140
128
150
123
127
132
117
137
130
125
139
123
136
140
119
140
129
124
136
125
127
131
115
133
126
121
130
117
127
129
113
132
126
113
133
119
126
131
121
135
125
112
130
108
119
119
99
117
107
95
124
105
111
116
97
115
109
108
120
100
108
113
93
125
107
97
118
98
106
109
93
114
103
97
114
93
114
113
92
117
99
88
113
89
98
93
82
102
89
95
104
82
97
99
86
117
99
93
113
91
107
103
88
105
92
87
106
84
111
102
84
104
86
84
103
85
99
98
77
105
89
90
98
75
85
89
67
95
75
74
84
64
74
80
55
75
65
68
83
61
75
73
58
76
62
58
74
50
56
60
41
65
55
52
63
39
53
48
29
61
37
31
47
26
41
46
24
54
28
36
39
27
45
37
23
52
36
29
57
28
49
50
33
53
44
44
58
37
53
54
31
65
43
34
52
27
43
42
16
45
17
18
30
11
22
13
-3
22
14
12
34
4
26
20
7
26
18
9
24
3
14
17
0
32
12
16
36
10
29
37
11
36
18
18
35
14
28
30
5
29
10
9
25
-3
10
17
0
23
15
4
24
4
15
20
6
28
13
8
20
-5
8
23
-1
13
3
1
22
8
24
25
8
35
17
26
41
12
25
29
9
27
25
18
35
7
30
31
18
39
23
25
39
14
35
42
18
44
34
29
43
24
39
35
14
45
28
31
40
14
30
32
0
39
23
22
38
16
32
29
20
34
13
17
28
14
30
36
15
42
24
27
35
17
31
31
16
35
16
21
35
16
35
29
16
43
24
29
39
19
37
28
30
42
24
30
46
25
50
49
26
56
36
40
55
40
54
54
40
64
53
58
65
46
58
58
38
69
55
50
61
43
49
62
58
78
67
69
83
62
86
80
61
79
62
62
73
61
71
73
57
80
62
70
83
61
76
77
61
83
71
74
82
66
79
81
66
89
71
72
86
68
93
88
72
84
79
81
97
74
87
87
68
94
75
87
94
70
89
82
71
100
78
91
112
85
107
108
89
117
95
105
96
87
114
105
93
118
101
101
128
96
110
111
94
127
103
116
120
103
121
124
101
129
113
109
125
102
120
117
106
123
105
115
119
103
127
123
103
126
108
109
135
111
125
109
102
130
116
125
130
120
134
135
118
145
124
126
140
119
135
139
129
149
142
145
152
134
147
152
131
157
129
146
163
131
155
147
136
157
153
149
157
137
157
164
139
173
145
151
156
140
158
162
141
163
142
144
155
129
154
157
139
164
141
151
169
145
163
159
147
170
163
162
170
139
167
158
146
170
142
154
163
142
162
165
147
169
149
159
166
149
166
158
153
173
148
157
173
146
164
160
132
173
162
163
164
147
168
161
157
179
157
159
166
149
163
162
142
163
141
154
162
145
158
157
151
175
153
167
173
155
176
167
146
170
153
162
163
144
169
165
158
178
155
158
170
151
180
174
157
181
160
165
173
161
172
164
152
174
155
168
170
148
180
167
149
170
156
167
167
151
165
164
161
176
151
162
165
139
182
169
158
185
160
175
181
172
185
177
168
192
176
183
184
164
186
176
170
193
179
180
184
166
183
178
173
195
172
179
180
159
196
185
169
182
166
180
187
174
188
182
168
190
171
182
183
162
187
183
167
188
166
174
184
160
181
175
168
192
177
188
180
167
193
188
172
190
168
175
185
166
180
173
156
193
173
189
189
170
191
190
171
195
176
175
188
166
187
179
175
195
178
185
181
163
188
179
168
192
179
180
196
180
193
190
171
190
176
191
184
168
183
179
164
189
163
165
183
166
188
185
181
197
179
186
189
167
188
181
164
188
169
175
191
171
186
176
171
186
178
189
192
175
183
192
177
198
182
181
183
167
186
182
175
185
174
177
185
162
186
178
166
189
165
173
184
158
183
178
167
181
171
178
182
165
183
178
172
199
178
181
177
164
182
181
164
184
170
180
184
172
192
178
164
188
168
177
183
171
182
176
169
181
168
181
179
162
182
174
175
191
170
178
177
164
175
184
168
181
163
174
178
159
181
161
155
177
160
167
172
154
176
176
165
185
165
176
177
158
182
166
159
181
153
163
159
148
174
174
162
181
156
177
174
163
180
167
160
176
166
173
181
157
185
174
163
178
160
170
172
158
185
166
164
185
164
171
179
154
183
172
159
181
152
165
163
157
172
158
151
175
157
175
177
152
185
169
161
183
167
164
165
151
170
161
157
185
155
169
166
146
170
163
157
174
153
169
168
163
176
167
155
180
151
172
174
148
176
165
160
171
158
163
163
152
178
165
160
181
160
171
172
150
168
162
155
175
157
167
172
159
178
164
148
177
158
178
169
149
171
156
157
176
161
166
169
150
175
166
157
174
149
169
159
149
168
161
152
172
151
162
168
152
172
155
155
173
145
171
160
145
166
157
157
180
159
161
160
139
168
156
155
165
149
170
168
152
179
169
154
179
156
164
167
153
169
153
149
160
137
160
158
147
163
156
151
177
150
163
162
143
168
152
158
164
148
161
162
144
167
148
141
167
142
160
158
157
168
154
151
166
147
165
163
141
165
149
146
170
141
154
151
140
159
157
164
164
151
166
167
145
178
154
148
168
141
157
161
146
164
154
153
163
142
161
159
147
169
147
152
170
144
161
152
148
158
156
153
165
141
157
157
144
161
139
144
153
144
161
159
146
162
160
147
169
143
172
151
141
167
148
154
176
153
167
162
150
167
158
158
169
140
161
154
147
170
146
151
161
140
153
160
135
161
146
147
163
137
158
151
141
163
147
149
167
143
161
155
145
167
147
153
164
136
157
154
144
169
144
143
152
135
151
156
129
154
142
150
167
141
165
156
148
168
152
153
171
141
159
155
133
159
148
146
161
136
155
154
143
162
142
147
165
133
155
164
133
161
143
145
159
146
158
157
140
164
146
151
170
138
165
168
140
167
155
150
160
135
150
152
139
158
147
137
158
134
151
156
136
159
146
148
167
143
153
157
133
155
148
143
160
130
151
150
133
151
144
132
149
133
151
153
142
161
146
146
157
136
153
153
138
154
148
145
162
144
153
152
133
149
142
146
156
135
153
148
136
155
148
140
155
145
148
152
144
158
146
149
156
138
159
152
140
154
142
142
155
143
149
154
134
159
145
153
156
138
152
151
140
160
141
139
149
132
148
146
142
150
135
140
152
136
156
148
137
152
139
138
153
137
148
145
132
149
128
148
146
131
146
148
134
162
143
149
159
137
154
149
140
155
139
152
152
130
150
145
130
154
140
144
156
139
157
149
137
155
138
147
152
129
146
148
133
160
136
142
148
124
150
146
137
151
137
142
151
130
164
142
133
154
134
140
150
126
134
137
124
135
133
139
149
130
151
145
132
158
134
136
148
125
136
142
125
139
131
132
142
122
140
131
118
136
125
125
141
122
139
143
129
149
138
138
147
123
141
142
129
154
136
141
145
125
140
148
128
147
131
138
149
128
146
138
128
142
129
135
154
132
149
148
135
150
138
135
141
122
132
136
124
150
135
139
147
130
149
150
129
150
135
138
146
132
149
141
127
141
128
139
154
128
148
141
127
143
139
138
144
129
148
142
134
157
135
137
147
124
137
142
126
147
136
140
149
132
149
148
137
158
142
148
162
131
150
145
131
150
139
137
146
124
142
145
133
153
137
138
148
129
152
147
129
147
136
138
145
129
148
143
130
150
134
141
150
126
142
140
131
151
143
143
148
126
138
134
125
135
124
127
137
121
135
138
118
136
128
130
143
130
142
138
129
143
127
132
142
120
135
135
124
141
137
130
136
118
130
134
132
146
129
135
144
123
141
141
125
138
127
128
138
129
141
132
125
139
123
132
138
124
137
135
122
138
124
125
132
121
133
131
128
139
125
130
137
124
142
142
127
134
126
130
136
121
134
127
121
143
131
144
138
124
139
136
126
144
132
141
141
124
140
136
137
148
130
139
144
130
154
141
131
148
126
136
143
127
143
134
125
141
121
127
124
102
126
119
115
138
122
128
138
122
136
133
130
140
123
122
125
106
136
123
110
125
108
120
135
119
132
125
114
131
119
132
134
112
132
125
113
135
116
118
128
106
126
121
115
136
119
122
126
107
139
126
115
136
120
120
129
106
122
115
105
128
112
123
125
101
126
122
114
136
118
121
123
103
126
124
109
131
115
117
122
104
129
126
109
124
106
111
128
108
127
120
109
130
118
123
126
107
124
120
108
133
112
118
130
110
124
120
105
123
107
113
117
100
124
115
104
124
104
114
125
97
123
119
111
129
123
122
123
103
122
113
110
135
115
120
124
101
124
121
110
120
111
119
120
103
125
110
106
121
102
109
117
97
122
114
104
122
112
117
121
104
127
109
109
130
105
113
118
101
122
114
99
118
99
113
114
102
125
110
108
126
109
123
131
112
127
111
106
122
108
114
118
98
121
107
110
126
107
117
120
110
131
129
120
133
112
118
122
110
128
123
115
132
116
122
127
103
129
121
109
132
120
125
130
113
132
120
114
125
103
114
117
98
125
119
107
132
114
122
127
118
139
126
118
134
114
128
137
112
130
123
116
135
124
126
129
114
132
118
115
132
118
125
128
115
138
132
123
138
122
128
133
120
137
125
116
132
114
124
127
103
126
119
115
133
114
121
124
101
127
114
117
129
112
124
127
109
140
128
126
137
115
124
127
111
131
120
113
130
117
131
133
111
131
120
112
131
115
118
125
110
131
118
119
125
106
120
123
105
137
122
115
135
118
124
128
113
129
118
114
132
115
133
128
104
121
104
105
132
113
123
129
116
136
127
126
135
118
132
134
112
135
119
109
129
106
121
124
109
130
125
115
132
108
126
124
109
129
118
113
137
114
122
122
103
126
113
110
121
100
119
118
101
128
116
110
124
108
119
126
107
124
107
101
118
98
117
115
95
122
106
104
134
114
121
125
101
128
120
112
123
100
109
116
102
121
102
103
122
97
109
119
88
116
105
106
115
103
118
117
108
123
111
105
128
104
114
116
103
122
115
110
113
95
110
112
97
125
106
107
123
103
111
118
101
117
103
110
119
104
116
122
103
121
104
95
121
96
108
109
101
120
119
117
124
105
120
120
105
130
113
115
125
108
123
117
102
121
108
111
124
105
110
116
102
122
109
112
126
105
127
117
101
120
116
110
123
99
115
107
100
121
100
102
116
101
125
126
107
126
112
111
125
106
120
113
101
120
99
109
122
96
116
117
104
115
116
120
125
105
120
115
109
132
110
111
123
103
118
123
100
122
102
111
124
105
122
117
102
127
109
114
120
102
117
118
99
124
109
107
131
98
115
113
108
127
114
113
127
105
124
124
101
123
104
110
122
104
117
115
105
130
114
114
129
103
117
124
104
134
119
116
133
110
121
114
110
130
119
110
127
105
131
134
113
125
108
113
126
111
124
126
107
126
109
116
128
106
120
119
103
133
114
114
134
118
126
126
110
127
111
111
123
97
126
123
107
126
113
118
127
107
119
120
108
129
119
117
121
94
118
110
98
121
106
104
121
100
116
115
105
123
105
108
123
94
127
120
106
118
103
102
116
100
112
109
97
123
107
119
126
106
124
124
108
127
108
106
121
96
116
114
100
125
104
114
126
103
123
117
109
123
101
112
127
97
114
110
96
115
102
112
111
93
113
109
94
126
102
105
120
91
119
114
104
122
105
106
112
89
113
106
85
119
100
95
118
93
117
111
106
119
116
121
122
104
124
118
101
129
108
108
122
102
120
121
105
122
107
109
121
99
122
