43
53
50
45
53
45
48
53
44
49
44
46
48
45
48
51
26
49
45
45
48
46
43
52
44
51
51
58
50
47
40
45
35
51
43
47
45
43
46
49
50
53
54
54
52
47
55
55
43
55
44
45
53
48
54
55
46
54
50
56
47
39
43
53
45
61
50
51
56
53
50
56
47
54
52
50
53
44
57
58
45
53
42
40
55
50
50
51
42
49
42
48
48
43
49
53
47
66
56
52
57
54
53
58
43
46
43
44
47
39
52
48
46
53
48
46
56
43
47
50
37
51
46
52
53
39
40
46
35
55
45
44
51
43
51
65
49
57
47
44
44
38
46
51
38
48
42
36
46
31
40
46
33
49
47
46
51
48
51
57
45
54
41
43
45
36
41
55
38
44
41
36
38
42
49
50
38
50
44
44
57
46
46
51
41
50
55
50
49
40
47
48
38
50
41
45
51
48
48
59
43
51
48
45
47
39
42
42
33
43
39
40
51
42
48
54
39
52
55
47
49
40
44
47
44
54
49
46
47
41
45
55
45
54
50
51
50
51
45
50
44
51
50
50
55
48
51
55
46
49
51
45
51
45
47
48
47
53
43
42
40
32
46
50
37
46
38
40
48
45
49
47
42
55
49
55
58
45
51
53
38
46
44
39
48
39
48
50
48
52
46
49
56
45
52
55
43
53
44
45
46
48
49
49
38
47
43
52
54
42
49
50
39
54
54
48
52
40
48
47
39
49
43
41
44
35
47
44
38
52
45
50
56
55
56
56
48
55
43
53
50
39
45
48
37
52
48
41
46
31
49
50
47
50
43
43
51
38
52
52
34
52
46
42
49
42
44
48
39
45
39
46
47
42
47
53
40
56
52
44
48
41
43
46
41
47
43
47
51
45
61
55
47
53
51
54
59
51
53
56
51
63
57
66
66
56
55
55
49
61
56
56
59
46
51
53
47
53
47
49
55
46
60
54
51
56
51
49
59
48
56
54
47
59
50
56
54
38
44
46
44
62
51
53
59
54
60
63
58
57
55
51
55
46
58
51
46
55
46
47
58
48
58
58
50
56
51
58
57
48
59
52
46
61
46
46
54
42
53
58
46
52
43
51
58
47
63
55
46
63
55
57
67
45
52
48
43
50
45
49
52
42
54
52
41
63
52
54
59
49
57
66
48
55
46
43
52
44
55
54
44
55
48
51
61
39
46
47
42
55
55
49
55
45
52
53
46
60
45
49
56
44
51
60
46
57
47
45
48
40
51
50
42
51
41
41
53
36
47
53
40
52
55
51
55
46
53
57
46
52
43
41
51
41
49
57
45
53
50
53
60
55
55
55
47
53
50
48
62
47
55
51
42
48
53
47
55
42
52
49
49
55
49
51
51
41
51
52
45
48
45
44
45
42
37
33
33
45
43
51
54
44
58
52
48
60
55
51
54
41
51
48
52
54
46
47
51
33
50
54
48
54
50
48
55
49
53
50
44
50
43
52
52
37
49
45
44
49
46
42
51
42
54
50
51
54
42
49
50
38
53
46
38
46
39
46
49
41
54
46
46
51
40
52
53
39
49
48
44
56
49
53
56
43
57
52
56
57
51
54
63
44
60
52
43
58
47
52
58
48
57
54
52
60
51
56
60
44
58
58
52
62
55
51
54
38
45
48
52
54
45
46
52
46
67
61
55
60
59
57
68
55
53
53
48
54
44
50
51
40
56
53
48
60
53
53
62
49
58
53
56
56
50
51
57
38
66
59
46
51
46
45
60
43
52
47
50
54
50
52
54
42
51
43
39
48
41
38
53
38
50
43
55
50
52
50
60
51
67
61
59
59
55
50
64
49
61
55
57
62
56
65
62
46
54
48
54
63
56
55
63
50
62
60
58
62
55
54
62
47
71
59
54
58
51
52
65
47
64
57
53
57
56
53
56
43
60
50
52
64
56
58
63
51
63
67
63
53
52
52
63
50
66
59
57
59
56
59
75
60
65
64
60
63
57
60
64
54
68
60
54
59
53
56
73
52
62
61
58
62
53
58
66
55
61
56
58
62
53
55
70
47
52
43
43
54
53
57
63
50
67
56
63
70
61
58
70
53
62
58
52
59
55
53
57
51
56
57
56
61
56
55
65
51
60
57
57
57
63
55
60
47
59
54
61
62
50
53
54
43
61
60
56
56
56
57
66
51
63
54
49
52
43
46
56
41
57
52
53
52
53
57
64
51
62
55
67
65
56
59
62
49
62
61
68
67
60
61
68
60
60
51
51
59
56
64
70
59
63
62
57
64
60
53
66
53
60
60
54
57
48
60
-208
342
31
98
93
-445
-351
-452
-459
-451
-459
-459
-457
-455
-460
-455
-455
-460
-455
-457
-458
-455
-458
-456
-455
-457
-456
-457
-457
-456
-459
-457
-457
-459
-457
-458
-459
-457
-460
-458
-458
-461
-459
-458
-459
-459
-462
-463
-465
-465
-464
-462
-462
-460
-459
-457
-457
-456
-441
-395
-367
-331
-305
-273
-258
-225
-211
-193
-184
-152
-138
-118
-103
-91
-83
-71
-64
-55
-39
-41
-37
-33
-29
-23
-19
-18
-18
-9
-11
-7
-7
3
6
9
12
12
8
20
21
19
22
24
18
29
20
23
22
24
18
16
25
23
19
23
28
22
29
20
20
27
26
23
24
24
16
18
16
22
20
30
29
29
27
24
24
32
32
23
25
29
23
35
28
34
25
28
29
30
29
25
27
26
28
25
28
29
13
20
20
27
21
27
23
22
21
23
23
27
25
25
27
26
23
26
29
26
16
14
12
16
16
16
17
16
13
13
29
23
19
20
28
22
22
24
16
20
9
12
9
11
4
-2
6
6
1
9
9
5
5
0
6
9
4
4
-2
-3
-8
-7
1
0
-3
-10
-8
-11
-4
-5
-6
-5
-2
-3
-3
6
2
5
-4
-1
-5
-3
-7
-11
-11
-12
-10
-12
-10
-12
-2
-7
-3
6
10
10
8
2
6
6
0
5
-2
-4
3
-5
7
8
-1
4
-1
-6
0
11
8
13
3
13
9
14
16
4
16
14
5
14
9
11
17
8
15
18
13
22
14
19
24
19
26
25
15
24
23
21
29
27
28
32
23
41
28
43
42
40
38
36
27
38
39
31
43
37
39
43
41
52
46
44
46
42
49
55
36
52
50
47
54
47
49
55
50
61
56
65
66
62
64
69
57
61
56
60
62
52
60
59
61
58
55
56
48
48
63
64
59
67
65
71
76
75
75
74
70
75
68
69
64
56
67
63
53
68
58
64
71
67
71
68
66
75
71
71
74
60
79
72
65
72
65
65
76
68
66
68
57
64
67
76
73
61
75
79
75
89
77
72
76
63
64
69
65
76
71
74
80
61
77
75
74
80
77
74
92
71
78
77
68
80
74
82
84
71
82
80
77
92
80
75
82
67
85
85
78
87
79
80
84
77
87
86
72
85
79
71
92
67
80
83
74
83
87
82
87
74
78
84
71
88
78
79
86
75
85
89
81
85
82
83
88
78
88
86
74
78
74
77
90
74
85
86
81
88
94
87
92
80
84
85
81
96
81
88
88
82
86
92
83
88
86
86
93
83
95
87
77
90
82
80
87
81
81
85
75
81
83
76
79
65
75
81
83
91
87
81
92
86
88
98
76
89
81
88
86
82
89
81
84
84
80
79
87
78
90
90
83
89
90
94
94
89
85
89
89
95
86
86
92
80
94
92
83
88
78
90
90
90
92
88
85
97
82
88
94
72
88
79
81
94
88
91
91
86
94
92
85
92
88
89
92
77
92
93
92
96
86
90
93
91
96
89
86
98
85
97
89
81
93
93
93
95
96
88
102
84
99
96
94
99
90
97
96
86
100
93
97
99
88
88
95
93
100
90
89
98
88
103
96
89
99
102
92
107
96
93
102
82
98
92
95
94
90
91
100
89
101
102
89
110
98
96
103
100
103
97
95
100
97
103
106
89
102
96
89
102
96
97
97
95
106
101
101
101
103
98
102
88
101
94
92
94
87
92
89
93
94
94
91
101
94
107
102
88
99
94
97
100
89
100
94
92
99
95
96
96
87
93
103
84
111
97
98
99
96
91
108
94
109
104
96
102
94
108
101
90
104
97
99
109
100
93
109
95
112
101
101
99
99
105
102
94
113
105
97
107
104
99
112
97
111
99
93
96
87
102
101
93
107
100
101
111
104
108
111
96
112
107
109
110
102
108
114
97
109
100
98
107
101
106
121
101
114
109
110
112
106
109
119
97
107
107
100
116
100
102
104
88
101
106
105
109
102
104
116
103
120
109
112
113
104
107
111
96
102
102
100
106
101
101
106
97
109
104
101
110
100
109
114
104
112
119
106
113
109
104
109
100
113
102
99
103
93
104
113
93
103
103
99
105
104
103
103
85
102
91
93
101
92
100
106
86
101
105
96
104
97
100
100
97
102
101
98
97
94
95
110
89
102
94
99
96
97
95
100
85
94
98
96
97
91
94
100
87
100
93
103
96
93
94
103
97
98
95
97
96
87
100
96
84
101
88
89
91
96
91
100
87
108
95
103
102
93
106
102
92
115
104
92
98
87
91
99
93
102
93
98
97
90
108
106
91
102
93
91
96
95
99
99
87
100
88
91
91
102
102
87
103
98
93
102
90
98
96
90
101
90
89
89
80
94
86
78
90
87
91
103
96
101
105
91
110
101
104
105
91
100
99
83
102
92
90
102
86
95
98
86
98
99
90
98
87
104
101
91
106
101
90
104
91
96
95
90
97
96
98
92
90
90
98
84
108
94
94
98
87
94
98
86
90
91
87
97
82
102
98
95
106
97
89
98
89
94
97
81
97
90
99
99
89
99
94
93
106
94
97
97
90
99
99
88
96
87
90
101
90
107
96
91
101
98
93
108
95
102
101
90
101
93
103
96
88
92
94
83
95
91
91
96
84
97
98
91
107
101
102
98
94
108
98
86
98
88
95
104
85
94
93
90
100
92
97
96
93
105
102
93
110
95
97
98
86
99
101
91
101
93
94
97
82
100
93
91
102
92
96
108
92
103
98
87
96
92
91
93
84
93
94
88
103
89
88
103
91
105
109
95
105
97
91
102
90
100
95
89
99
90
93
103
87
99
90
84
90
96
91
103
85
97
92
92
104
96
92
100
85
93
98
81
93
91
89
97
86
93
92
81
94
90
89
97
82
91
94
85
94
101
85
98
84
94
97
91
102
94
95
97
76
85
99
84
98
90
90
96
95
100
97
91
96
90
95
102
86
93
95
89
94
94
90
88
88
95
97
95
100
91
94
98
86
96
93
89
95
92
91
91
93
93
94
81
90
79
87
93
84
92
96
84
101
97
95
102
85
98
90
94
94
85
88
94
87
95
92
81
94
87
90
91
92
93
97
87
101
92
102
94
89
97
89
86
97
92
93
94
81
90
87
91
94
92
93
94
85
102
90
85
92
82
78
88
80
89
86
84
97
84
96
91
80
99
90
84
98
88
86
92
80
88
85
86
88
82
82
85
71
88
83
70
80
76
72
84
79
86
82
74
82
75
83
87
76
81
79
73
87
78
75
84
75
83
79
74
77
75
73
77
64
78
77
73
83
77
80
89
79
85
84
75
85
79
84
82
67
72
66
63
81
75
75
82
70
82
85
80
83
76
73
76
69
84
77
68
80
77
70
83
67
73
77
71
78
71
77
80
69
77
79
66
85
72
69
76
62
65
73
65
66
63
65
71
68
86
81
75
79
77
75
88
73
79
74
69
77
73
76
78
67
78
77
69
82
69
75
78
67
78
78
70
80
73
77
82
68
82
75
70
74
70
74
88
70
78
75
64
76
77
75
80
70
80
77
71
84
67
69
76
62
75
81
72
79
78
80
81
71
81
76
76
86
75
77
90
76
84
85
77
82
86
84
84
72
84
80
77
88
73
74
81
71
83
89
77
86
81
87
91
80
91
83
79
86
78
78
91
75
86
80
72
76
77
70
79
68
79
78
78
89
80
81
94
77
90
91
78
86
78
73
81
80
81
76
70
75
75
78
86
72
83
78
77
83
86
79
84
71
79
81
81
85
77
79
83
66
76
76
71
81
76
77
82
79
83
80
77
82
71
79
82
65
74
72
67
74
77
73
81
67
81
80
86
81
73
73
78
67
78
79
68
78
73
76
79
71
78
76
74
78
70
74
77
67
77
72
72
78
78
74
82
71
80
73
79
77
68
67
71
63
75
68
63
63
59
65
77
65
74
68
71
73
69
83
78
68
80
74
74
82
78
77
82
65
74
63
65
73
71
73
79
65
87
74
73
76
69
72
80
70
75
70
68
76
67
75
72
53
66
70
68
81
71
70
78
65
78
73
78
77
67
71
80
60
78
71
69
68
64
62
66
64
74
73
70
80
72
83
85
69
80
73
70
78
64
65
76
58
73
67
70
73
62
63
72
63
76
77
72
80
75
75
88
66
78
73
69
76
69
77
80
67
74
68
62
77
73
75
83
66
75
79
72
71
67
60
68
59
70
69
68
75
71
71
84
69
73
74
74
74
74
71
75
68
77
69
69
84
70
73
77
67
71
76
77
76
69
70
74
62
75
73
61
70
69
72
86
71
78
75
69
74
71
77
78
69
79
74
74
78
65
63
68
57
63
69
67
71
68
86
83
73
80
72
74
75
72
75
82
63
66
67
61
62
64
71
79
67
80
71
75
80
72
72
75
61
67
76
70
74
66
71
72
63
68
60
64
80
66
71
81
62
74
72
74
80
71
73
76
62
69
60
60
71
60
60
67
54
71
77
73
75
71
71
74
71
78
70
63
72
64
70
68
60
68
71
71
70
68
62
68
61
73
72
72
80
74
78
79
69
76
80
68
74
66
70
80
72
81
75
67
68
60
67
78
65
73
69
64
69
60
62
66
61
68
70
76
75
63
71
82
60
65
68
58
69
62
65
74
70
74
67
68
74
70
74
78
66
72
69
68
73
69
68
70
66
67
70
73
70
63
63
71
61
72
72
70
75
67
70
69
70
73
66
61
65
59
68
68
59
69
66
68
71
71
78
81
74
83
74
78
74
63
62
70
61
77
70
70
66
59
68
73
64
74
69
63
70
61
70
73
60
63
56
62
67
63
65
74
60
71
61
62
63
59
72
75
66
78
72
71
73
67
67
78
60
71
66
68
73
63
77
74
66
72
68
71
81
72
75
77
61
74
69
78
78
68
74
83
66
84
72
69
82
67
76
80
65
80
69
76
75
66
76
87
66
81
72
66
83
66
73
75
67
79
71
72
73
61
57
72
57
71
64
61
66
61
68
82
66
71
70
69
79
68
76
80
63
71
62
61
67
64
71
74
61
67
76
69
74
65
71
71
65
80
68
69
72
62
67
82
66
69
65
66
72
65
73
70
59
72
64
65
76
63
63
68
51
60
62
57
60
49
55
51
48
64
64
63
62
58
63
80
62
68
66
69
67
63
60
57
52
62
60
64
69
58
58
61
54
66
65
69
69
61
59
67
68
74
63
61
63
54
69
76
64
74
60
59
60
60
64
66
56
66
60
59
64
54
63
59
50
68
67
64
69
62
63
68
65
74
63
61
65
58
65
69
57
64
62
57
66
68
65
68
58
68
60
65
72
57
64
62
50
56
59
56
64
57
64
65
64
73
64
69
65
58
61
59
52
64
63
58
66
57
60
43
41
54
52
59
61
54
65
71
62
72
73
64
71
57
66
68
63
65
69
62
59
50
62
67
62
72
64
66
73
67
75
72
62
63
68
75
76
58
66
72
65
77
64
61
61
63
67
73
72
71
72
69
74
70
81
67
60
65
56
53
58
58
61
64
61
62
58
69
74
62
66
65
57
68
65
60
59
55
59
63
57
62
54
61
64
58
69
62
54
63
58
66
69
63
64
68
64
75
69
73
71
64
70
70
67
82
71
69
67
56
56
64
62
69
65
64
69
62
63
60
54
61
58
61
70
59
67
70
67
70
58
58
52
52
59
60
54
75
61
60
65
56
71
68
65
68
60
59
63
57
67
67
53
62
49
55
61
54
62
61
57
59
60
60
69
57
64
65
53
69
56
56
63
51
51
56
41
46
46
49
59
50
67
72
65
77
66
70
74
56
57
56
51
61
58
58
64
53
60
58
54
69
63
62
65
59
61
72
60
66
57
55
63
57
66
62
55
58
55
54
65
52
60
62
53
64
66
61
59
51
60
58
53
59
53
53
60
44
61
67
61
66
61
59
65
71
75
70
60
63
64
68
81
65
70
71
72
73
71
67
67
66
72
70
65
64
59
61
67
57
63
66
68
70
68
65
65
69
66
69
59
65
61
67
73
59
62
48
51
58
55
51
53
47
63
58
59
65
59
63
66
61
73
69
62
66
65
58
58
49
62
60
58
66
60
67
71
64
72
69
68
69
73
67
72
56
70
63
69
61
56
60
64
62
68
70
60
68
63
62
68
66
76
67
67
66
60
63
63
45
60
55
50
62
60
65
76
65
76
69
82
78
70
68
74
57
72
63
58
67
66
71
73
67
72
67
57
63
59
63
72
59
71
69
66
74
72
66
71
59
64
70
69
74
73
68
75
57
68
63
61
68
65
66
71
61
63
60
56
62
60
65
73
59
68
64
64
73
63
54
58
41
58
55
56
58
51
57
61
57
74
64
60
56
57
53
67
57
58
59
58
60
55
61
66
62
69
70
61
72
65
64
75
58
59
54
56
54
49
53
56
50
58
48
43
44
44
52
59
50
62
54
61
64
65
68
67
58
61
56
49
61
49
55
57
48
61
51
57
61
58
59
63
51
63
61
60
65
61
62
69
57
59
55
54
58
58
53
59
41
59
55
56
66
54
57
64
56
61
64
56
63
52
49
55
41
63
51
57
60
46
52
68
56
64
63
55
61
59
61
61
50
62
57
57
63
52
53
56
51
65
68
56
57
48
58
65
58
69
69
66
71
69
67
84
61
71
70
65
70
70
72
74
58
64
63
56
67
62
58
63
49
61
61
57
63
54
59
68
67
71
72
68
71
62
60
66
55
59
64
68
71
75
67
74
66
73
74
73
74
62
63
66
62
66
69
60
63
57
56
59
61
63
60
57
66
59
66
73
63
70
68
64
65
69
62
58
48
59
52
61
51
47
52
57
51
62
66
62
72
65
69
71
60
62
54
56
59
