70
60
71
64
56
73
58
62
71
64
71
74
61
71
63
64
72
57
73
74
64
77
70
75
87
71
79
79
64
81
72
73
76
64
76
76
71
82
72
72
79
63
71
78
64
78
70
73
76
64
69
68
62
72
70
70
87
68
81
77
67
79
77
71
78
63
71
76
67
80
62
57
64
52
63
70
61
73
68
73
81
73
82
74
69
81
68
69
82
60
70
74
62
71
69
69
78
68
76
76
68
83
72
74
82
66
78
80
67
76
65
68
75
67
71
66
58
71
66
70
78
66
73
77
70
78
77
68
76
58
61
57
53
67
65
66
66
58
63
67
65
76
66
71
72
67
73
70
67
71
64
69
69
57
65
66
61
70
61
58
60
50
62
66
71
76
68
73
75
62
74
72
62
73
67
70
75
69
80
72
63
68
59
68
76
63
72
66
60
72
64
65
76
58
72
70
71
76
67
71
81
63
75
67
58
63
53
57
64
57
66
67
64
76
65
77
76
60
69
69
65
77
73
70
74
56
66
64
66
75
66
68
76
62
81
72
67
77
64
65
75
58
72
69
64
76
63
63
63
48
68
69
68
83
71
73
89
69
86
81
76
79
71
71
77
62
76
72
60
70
60
57
78
65
81
79
72
81
74
76
82
65
77
73
69
79
69
68
80
65
73
73
68
71
70
72
81
62
79
75
72
80
73
68
78
61
69
68
64
74
69
75
80
62
74
70
72
84
69
71
74
61
74
75
75
78
68
70
77
61
74
69
70
75
66
64
74
53
69
67
65
73
68
69
76
60
71
71
67
79
67
67
77
63
74
77
68
73
65
65
73
62
72
63
59
63
58
63
78
66
76
74
73
79
74
75
76
64
75
61
55
67
62
65
81
61
75
78
69
76
70
74
77
66
79
71
66
78
67
71
85
63
74
67
70
80
76
74
83
62
77
78
76
87
70
74
85
58
70
74
67
77
64
63
72
55
72
68
67
79
73
77
91
69
88
82
68
77
72
67
83
63
76
66
72
79
64
67
76
61
74
78
68
76
71
70
85
72
78
73
71
77
64
72
82
63
76
71
64
71
80
69
81
65
76
69
73
75
66
72
74
58
69
77
70
76
69
74
81
75
83
74
74
82
74
76
86
58
76
77
74
83
75
75
82
66
79
73
81
81
70
71
76
58
74
75
65
77
68
74
82
72
80
77
69
77
68
81
83
67
81
75
78
80
71
61
71
62
70
70
72
75
69
82
82
69
85
75
76
82
73
81
80
68
75
66
65
68
61
76
81
68
91
74
78
87
78
76
84
68
76
71
77
77
66
75
77
59
74
65
66
80
68
71
76
62
80
71
75
73
67
81
77
62
69
67
60
72
65
65
76
55
75
72
79
81
71
76
87
68
85
74
65
77
61
65
81
61
73
74
70
75
62
65
73
58
74
67
68
85
75
81
83
68
79
82
73
77
67
73
79
66
87
68
67
71
60
66
81
66
74
72
69
74
66
71
72
56
77
70
70
85
63
73
81
64
73
72
70
77
68
72
79
66
88
73
70
79
67
70
84
59
76
74
75
83
71
78
77
71
78
74
70
82
70
71
83
72
84
82
72
82
68
75
75
67
82
75
64
71
58
59
70
58
70
67
69
79
75
84
82
75
84
75
72
79
65
76
75
63
76
74
69
69
60
72
73
64
79
68
67
76
61
69
80
61
74
65
70
75
71
74
75
59
64
60
59
73
62
70
73
60
61
69
68
70
63
61
64
55
68
64
61
70
58
66
78
58
67
69
69
82
66
68
67
49
68
62
63
73
58
63
65
56
67
67
63
66
58
64
59
56
71
61
60
63
56
66
76
63
75
66
61
70
64
70
74
59
74
72
71
71
54
60
68
58
70
72
64
76
64
76
75
69
75
77
71
80
65
74
82
58
71
66
59
70
64
75
77
63
73
72
74
78
57
67
75
63
80
72
70
75
68
68
69
62
63
63
63
71
59
70
72
62
71
69
70
73
68
71
72
61
67
59
64
70
53
61
56
56
74
72
68
78
70
80
83
72
80
66
73
73
60
72
71
65
79
69
67
70
56
66
72
60
70
62
68
71
60
66
68
59
73
67
62
65
57
62
67
61
65
59
55
62
59
73
71
61
74
65
63
66
54
60
59
52
70
63
68
77
67
76
75
59
76
67
70
74
59
70
71
66
75
66
70
71
61
71
71
56
72
65
69
70
60
68
66
63
71
66
69
74
59
67
74
58
78
65
68
70
59
67
75
62
70
62
57
67
67
61
67
68
50
134
-380
572
752
439
896
138
53
387
-268
160
83
-366
178
-309
-304
57
-452
-159
-196
-453
-55
-419
-418
-80
-455
-272
-270
-455
-137
-448
-436
-131
-456
-306
-263
-456
-161
-428
-435
-143
-120
-440
-452
-459
-456
-456
-432
-452
-414
-399
-338
-346
-315
-283
-246
-235
-212
-199
-167
-142
-133
-121
-91
-80
-62
-54
-34
-33
-20
-20
-2
-4
7
15
14
24
25
34
32
36
44
40
44
42
48
56
60
56
60
53
63
69
70
72
67
66
66
69
68
70
73
70
72
65
75
64
66
66
64
69
69
65
68
72
67
70
74
77
73
71
79
77
76
83
78
75
72
61
61
74
75
74
73
74
78
75
80
79
74
76
82
77
84
75
75
79
79
74
70
73
70
77
77
79
79
80
81
79
79
76
76
82
77
75
76
73
67
74
72
67
61
55
59
68
80
70
71
70
85
80
85
90
79
81
75
75
69
73
68
81
76
68
73
70
72
70
72
74
72
70
78
77
75
77
68
73
73
68
63
63
65
68
73
65
61
54
61
58
63
65
60
63
59
60
58
63
55
51
51
47
48
49
56
52
55
54
48
49
55
54
56
51
49
47
54
51
53
47
55
47
51
48
45
45
40
43
46
43
42
44
37
46
39
34
31
30
37
26
33
31
44
30
39
39
35
38
42
40
38
34
31
35
32
31
33
30
38
31
43
44
40
48
48
51
51
53
50
55
51
50
45
47
49
41
47
49
50
52
64
59
58
57
57
62
66
64
63
61
60
61
66
69
69
62
64
64
63
70
72
72
72
73
71
75
72
70
70
73
70
68
79
68
70
66
68
67
72
67
70
77
77
82
80
85
82
79
81
83
84
78
82
77
81
80
81
91
85
84
82
81
79
83
85
83
87
81
84
85
93
84
87
76
81
79
84
81
82
80
79
80
80
80
71
77
85
77
83
86
82
81
91
83
84
80
82
83
86
86
90
86
97
81
85
81
79
72
89
82
84
84
78
85
84
85
79
76
84
75
77
83
78
74
81
79
82
76
76
79
82
84
78
81
82
77
86
80
87
81
82
81
84
69
83
73
82
82
68
72
67
66
77
78
76
81
75
81
91
83
96
80
84
85
75
73
84
71
84
80
74
81
71
82
86
75
85
80
87
89
81
87
92
74
93
86
79
89
76
85
86
78
93
73
70
81
74
85
92
74
89
85
81
89
76
77
79
69
75
69
74
75
68
77
79
64
79
80
80
80
70
76
77
69
77
69
66
75
65
79
80
64
77
67
70
73
62
61
66
59
70
68
67
74
60
67
78
63
75
65
65
73
60
60
71
62
73
64
63
69
57
72
70
59
63
57
60
72
66
70
80
62
74
72
71
75
70
73
78
61
70
64
55
65
64
63
69
61
70
70
67
71
59
65
71
56
63
60
57
68
60
61
61
43
53
53
60
64
60
60
64
57
71
65
60
60
52
55
61
50
54
52
54
58
40
53
50
43
60
54
53
68
58
68
70
65
71
62
63
63
51
56
59
47
68
61
53
59
45
54
65
57
62
58
53
69
59
72
67
54
63
35
25
38
20
39
37
28
41
34
33
40
30
51
46
40
57
45
48
54
42
47
53
39
49
50
51
59
52
68
61
49
58
50
50
66
52
58
56
48
63
60
57
58
46
60
57
51
64
58
57
68
53
55
60
43
61
55
56
62
52
60
57
49
63
55
52
64
51
55
53
46
59
56
53
53
37
45
52
40
54
47
47
56
50
61
68
57
63
61
53
59
50
53
58
46
54
49
48
56
45
59
60
48
64
67
60
64
57
58
57
49
58
50
49
55
47
56
59
44
52
47
49
57
52
57
59
50
59
52
55
58
44
48
51
40
49
49
45
51
38
50
47
48
59
55
56
61
51
58
62
50
56
55
49
57
50
55
55
45
56
54
50
59
45
54
60
52
61
58
57
62
52
60
60
60
59
53
54
59
48
58
57
51
59
52
50
52
52
57
52
45
54
50
52
54
46
57
52
49
61
55
53
65
56
63
58
48
52
42
47
55
44
60
55
47
60
53
54
64
55
59
59
51
64
59
58
59
43
55
50
37
61
50
48
58
46
54
56
51
63
53
53
61
44
63
56
47
56
49
45
52
41
48
53
45
63
55
58
64
57
62
64
60
69
59
51
58
44
55
54
46
55
48
47
53
46
60
59
48
60
54
55
69
58
65
63
50
58
52
55
61
50
63
56
48
64
50
50
61
45
58
60
50
61
56
56
57
41
56
47
43
56
50
54
69
55
60
59
50
64
67
65
68
54
58
58
57
60
67
56
65
53
60
64
58
61
56
57
58
43
57
57
54
62
55
55
68
56
66
64
58
59
55
55
58
48
58
55
50
61
49
48
52
40
50
54
44
57
50
53
64
56
69
59
56
63
55
55
65
49
58
55
43
53
50
53
60
47
58
54
53
67
60
59
67
51
63
61
51
62
55
55
64
53
58
51
41
57
46
53
62
44
59
57
52
63
57
54
61
45
58
51
43
58
46
47
56
38
49
58
51
67
63
59
67
62
66
63
50
58
49
54
65
50
60
56
48
59
53
48
56
45
62
59
54
64
56
61
64
56
64
66
56
62
53
53
63
52
64
66
55
63
50
55
68
52
62
59
49
64
59
50
63
42
60
56
52
61
56
59
70
58
64
65
53
61
53
55
67
60
65
70
64
74
66
67
73
53
62
60
56
67
67
64
63
48
58
53
60
64
57
54
63
52
66
65
58
60
56
58
64
57
63
57
56
62
48
56
54
41
61
53
55
65
63
63
70
61
72
69
68
72
61
56
63
52
70
68
62
64
60
62
73
64
76
71
63
74
67
76
78
60
70
65
63
70
63
61
69
58
66
61
58
61
55
62
69
62
77
72
70
76
68
65
73
56
64
61
57
66
66
78
74
59
70
65
66
83
66
69
75
57
73
68
67
76
64
70
80
63
81
71
67
78
65
67
74
58
71
70
66
72
63
66
78
57
72
70
62
73
62
60
69
54
69
69
65
72
59
57
72
56
70
61
54
60
55
58
78
61
70
72
67
76
66
68
77
59
67
61
54
65
60
60
70
53
64
71
66
73
64
69
71
55
69
63
60
66
63
63
74
53
61
54
58
67
66
71
76
56
69
67
69
77
61
60
70
55
63
60
55
60
49
52
58
43
68
70
66
73
66
69
83
59
70
65
67
70
64
67
71
57
67
68
63
68
59
58
70
61
73
73
69
75
67
75
82
70
77
69
67
74
61
63
68
60
70
64
65
68
71
70
77
61
74
70
65
74
61
66
72
57
70
68
65
75
70
79
81
67
80
64
69
75
61
69
77
60
72
70
67
68
67
68
71
54
68
62
63
60
53
57
63
44
61
62
59
70
60
63
69
60
71
65
61
66
59
65
85
59
68
68
60
67
60
56
70
54
67
64
75
79
70
75
89
75
85
79
70
78
62
65
72
62
69
60
58
64
63
68
79
62
74
64
68
76
75
76
75
62
70
68
68
72
72
70
74
59
72
62
59
70
67
71
76
65
73
69
64
70
58
65
65
47
64
58
53
63
62
60
67
43
68
68
71
78
62
66
74
58
71
66
62
65
61
63
67
58
66
63
62
64
55
62
64
58
68
65
72
70
64
68
71
59
68
63
62
66
63
62
64
59
70
66
60
63
56
65
72
55
61
53
60
66
64
70
72
60
74
72
68
80
61
70
75
59
67
59
62
67
62
63
65
57
85
67
66
75
56
64
68
57
66
58
57
62
56
63
61
39
63
54
57
64
57
66
76
65
73
67
66
78
60
66
71
51
70
62
58
63
44
51
65
60
69
69
67
78
67
76
81
59
69
61
58
69
57
60
64
54
67
60
54
62
51
64
71
57
71
62
64
68
59
62
72
56
68
60
57
63
51
64
65
53
60
54
52
69
56
57
65
50
71
66
60
61
45
61
60
50
65
62
61
73
68
69
77
57
66
60
58
64
63
67
76
61
72
70
65
77
59
64
68
66
72
74
67
67
60
59
62
53
69
63
60
69
62
68
73
63
70
65
64
70
66
67
72
56
70
61
47
58
46
57
57
53
69
70
67
75
64
79
82
70
81
69
71
71
60
64
72
60
67
62
57
68
67
78
71
59
70
63
66
77
65
70
70
59
70
67
64
72
60
65
67
61
64
62
64
71
61
67
73
59
76
68
67
66
55
60
56
51
65
62
68
79
57
64
69
59
79
72
72
73
57
65
69
63
67
56
54
64
54
62
64
52
67
59
57
57
50
59
58
55
69
64
68
78
59
68
66
55
71
67
64
70
56
60
67
57
67
61
54
69
56
70
65
50
58
57
57
66
60
60
68
58
72
63
64
68
56
61
56
43
55
55
54
64
51
62
67
65
78
64
67
68
65
72
68
56
65
65
65
74
62
58
57
53
66
62
67
68
61
65
71
62
74
64
63
66
56
63
60
53
64
51
48
52
42
64
66
57
69
67
74
81
67
76
70
63
68
61
68
66
57
64
68
53
70
59
55
68
61
68
68
63
69
68
65
76
61
66
71
61
69
62
67
76
64
68
68
60
63
61
64
71
55
64
62
57
74
55
57
59
46
57
60
48
64
59
58
64
55
72
63
60
72
59
62
73
61
69
70
61
75
65
69
68
53
67
65
59
70
59
54
65
49
60
67
58
70
59
61
70
58
71
68
60
66
61
57
73
58
68
69
59
63
54
52
58
48
57
59
57
70
61
60
71
65
74
77
63
70
63
61
63
53
58
60
50
59
50
57
71
57
65
66
61
70
73
68
72
62
62
66
61
72
61
64
72
54
64
66
61
67
66
66
73
60
72
71
64
79
61
63
66
59
65
67
61
69
70
61
64
53
62
64
76
79
70
71
77
67
74
76
61
65
62
59
71
64
71
68
69
71
63
61
72
65
76
76
70
76
75
71
78
61
68
66
73
74
67
70
72
61
72
64
56
59
51
62
68
64
74
62
60
60
58
63
62
49
71
68
62
68
64
71
76
62
70
63
61
62
58
60
66
55
80
71
67
71
68
73
78
67
73
67
62
76
70
74
72
53
71
67
65
73
67
65
73
62
69
67
64
77
62
65
73
57
76
69
67
63
51
52
57
50
67
62
56
71
68
76
73
65
76
78
67
76
67
66
74
60
74
68
66
72
67
77
78
66
84
73
71
80
72
74
82
66
81
70
69
74
62
70
75
59
65
70
63
79
72
70
79
66
79
76
74
76
72
65
71
60
71
64
60
72
68
72
81
72
75
75
77
79
75
76
82
69
81
75
69
83
70
72
77
70
79
81
72
78
70
68
76
63
81
72
70
77
73
73
82
70
81
71
72
76
67
76
77
63
72
65
68
73
64
73
72
61
69
70
64
76
69
73
82
71
85
75
78
82
76
76
88
62
68
68
63
72
71
78
79
69
75
69
73
85
73
73
79
58
72
71
68
74
65
70
70
59
65
60
57
69
63
62
78
60
76
73
75
77
72
71
73
64
73
65
63
70
57
58
60
57
77
78
78
83
74
80
78
72
84
68
62
71
59
68
81
61
75
72
66
69
62
63
75
63
73
73
70
81
68
77
79
62
71
78
67
77
68
67
80
64
75
68
60
71
64
73
79
66
78
74
66
73
62
58
68
59
70
66
70
73
69
74
77
60
67
73
63
67
60
61
67
69
76
69
68
70
64
69
77
66
75
70
68
75
69
68
68
60
72
69
71
74
68
72
80
63
72
69
69
71
65
70
72
70
76
69
60
62
52
65
73
59
72
69
72
79
73
84
79
69
85
76
76
74
63
67
73
60
70
61
62
71
69
76
74
65
74
70
68
76
67
75
75
61
64
65
67
72
66
65
70
59
75
68
74
75
63
70
71
62
81
72
69
72
62
62
66
57
65
60
62
77
64
78
72
68
83
78
75
83
72
78
77
64
81
68
77
77
64
73
81
66
84
70
65
71
57
67
78
68
79
71
71
79
67
76
77
61
73
72
65
79
64
74
74
62
68
58
57
65
62
63
69
55
70
60
58
68
61
62
73
62
70
73
70
78
65
75
71
59
66
65
68
81
71
73
76
66
74
77
71
75
70
74
73
61
78
66
70
76
66
69
75
65
78
71
68
75
64
78
76
69
80
71
70
78
65
70
73
60
66
70
65
66
53
58
65
62
76
71
76
83
70
82
87
66
77
66
68
73
67
74
76
69
73
65
63
66
62
65
74
65
77
78
77
79
72
70
80
71
83
72
72
77
67
78
76
62
69
66
72
76
71
76
71
65
72
64
69
71
55
63
61
52
68
72
69
77
66
74
70
63
76
67
65
72
58
70
79
66
80
69
70
77
68
74
73
65
82
72
71
73
57
61
66
61
69
71
66
76
64
72
72
63
70
67
66
78
62
67
78
66
71
63
58
63
56
67
69
59
70
67
72
79
65
75
75
66
79
73
69
75
61
68
67
64
68
62
63
72
64
74
76
64
79
75
71
79
71
73
74
63
70
70
74
80
61
70
73
59
74
73
69
77
67
74
75
69
76
69
68
75
61
64
63
48
63
57
55
63
56
62
68
64
78
72
78
78
67
77
75
65
76
70
69
71
65
72
69
69
71
64
64
66
60
74
73
66
77
68
71
76
68
74
70
65
76
65
74
74
62
70
67
59
70
61
65
74
61
67
68
61
67
62
66
70
61
77
73
68
78
70
73
83
66
76
70
57
70
65
72
72
60
68
69
63
78
70
67
75
59
66
69
64
73
67
67
70
54
65
68
61
73
66
66
80
63
71
74
70
75
68
69
75
60
70
71
63
73
60
56
59
48
