74
72
73
67
69
73
66
73
72
56
63
61
62
68
66
67
68
63
71
69
74
72
58
61
64
54
64
62
57
63
57
66
66
68
76
68
74
80
65
78
76
65
73
65
66
70
67
71
70
64
75
66
71
68
53
63
68
64
75
69
70
73
67
76
74
70
76
68
71
76
66
80
75
67
73
65
64
75
67
71
71
64
68
64
67
74
64
67
67
67
82
73
74
77
63
73
70
64
67
61
65
71
58
75
66
71
76
66
72
78
67
74
67
63
64
61
69
73
59
66
59
54
70
62
62
72
63
75
74
69
77
65
69
70
58
72
65
61
69
63
57
67
49
60
57
59
72
67
76
80
70
82
80
72
87
73
71
75
63
72
76
72
75
65
67
72
63
79
73
68
78
69
71
83
68
80
74
68
79
73
71
77
64
76
71
63
72
62
66
77
63
72
78
67
79
71
69
75
62
71
62
51
61
56
59
76
59
67
70
65
78
75
74
75
63
70
70
67
78
73
67
75
61
69
79
68
75
69
65
70
61
67
70
67
75
70
69
80
65
78
73
69
73
71
71
75
63
72
74
69
78
63
59
64
60
68
74
64
70
61
60
68
66
77
68
72
80
74
78
87
69
80
74
70
75
70
69
77
67
80
73
76
81
71
77
83
63
77
75
66
73
65
70
79
70
73
66
62
69
66
72
79
60
72
75
70
78
72
70
74
61
74
65
71
73
64
68
68
55
64
65
68
76
68
74
82
76
88
80
77
80
70
76
82
64
80
72
70
79
70
69
72
60
76
74
80
81
70
75
79
65
80
74
67
77
65
70
75
63
75
73
65
73
63
66
79
65
80
70
70
77
68
70
81
62
72
70
71
75
69
69
78
67
86
74
70
75
68
70
75
63
64
66
63
70
64
77
73
60
71
67
61
72
67
70
72
61
66
63
64
73
62
64
77
62
80
75
70
75
66
69
73
67
75
71
66
74
61
63
64
51
63
60
59
68
64
66
72
58
74
74
71
78
69
72
78
60
73
66
62
62
54
60
73
68
79
70
70
75
69
78
79
69
76
73
70
79
66
69
75
64
79
68
67
67
65
69
71
60
80
66
75
80
71
79
84
65
79
62
59
61
55
66
72
58
68
58
58
71
62
67
75
65
81
72
69
74
61
68
74
59
76
68
68
75
66
70
77
58
67
67
68
76
65
73
81
65
81
75
69
80
66
71
76
66
80
78
73
76
61
61
65
61
76
65
68
69
59
65
76
59
75
67
68
80
72
74
79
68
83
72
70
80
61
68
77
61
73
71
66
78
66
74
79
67
80
72
70
75
69
74
86
65
78
68
63
71
71
71
75
65
78
75
73
88
74
73
79
65
80
78
72
76
73
70
68
58
62
62
62
74
68
75
83
68
84
77
79
81
79
75
79
64
73
65
70
72
60
63
62
60
73
75
73
73
65
70
76
67
77
67
71
75
63
68
74
64
75
71
70
72
64
67
74
64
76
66
74
76
67
69
75
61
73
69
60
64
56
63
68
69
77
65
66
73
67
77
78
62
73
74
67
77
68
74
75
65
85
68
77
80
67
76
73
61
68
68
70
74
63
73
76
75
76
70
70
69
63
74
76
63
77
73
74
69
65
70
67
60
70
69
72
79
61
67
76
59
77
72
72
79
68
78
87
73
80
74
67
76
55
67
77
59
70
64
64
73
64
72
77
64
75
64
67
74
59
70
74
69
82
73
66
72
63
64
74
63
70
71
71
78
68
84
73
65
74
69
65
79
72
70
70
57
67
57
60
69
61
73
80
71
90
80
76
85
67
73
75
63
72
67
68
75
64
74
71
48
73
72
71
84
67
75
74
68
77
72
71
74
65
73
76
65
80
68
65
72
62
66
77
68
77
71
80
72
65
71
72
61
63
54
55
67
57
60
60
55
71
72
67
72
63
77
74
64
77
64
77
80
70
74
80
68
79
74
72
81
66
84
79
69
86
63
68
83
69
75
79
69
75
77
75
80
62
72
69
63
72
64
65
76
62
61
68
53
66
61
59
64
59
65
69
65
75
73
68
91
69
81
77
66
79
75
72
74
56
63
60
60
72
66
65
76
61
70
77
65
77
69
70
75
68
73
70
64
74
67
62
73
55
68
69
62
71
80
70
81
66
79
79
69
79
73
65
70
51
65
72
58
64
65
60
72
70
75
78
66
79
70
73
78
55
67
69
59
67
72
66
75
58
65
68
65
69
64
65
75
64
73
78
71
75
68
70
84
-403
188
-460
-455
-452
-410
-406
-400
-398
-398
-396
-395
-395
-395
-396
-396
-396
-396
-397
-396
-396
-396
-396
-396
-395
-395
-395
-395
-395
-396
-396
-397
-396
-396
-397
-396
-396
-396
-397
-397
-397
-397
-397
-397
-397
-398
-398
-399
-400
-401
-403
-406
-411
-420
-434
-452
-457
-456
-458
-458
-458
-459
-459
-460
-462
-463
-466
-466
-465
-463
-461
-460
-459
-458
-458
-434
-400
-370
-334
-303
-273
-254
-229
-199
-191
-171
-155
-144
-141
-114
-117
-109
-107
-98
-91
-85
-87
-82
-83
-74
-71
-67
-57
-52
-62
-58
-62
-58
-55
-55
-61
-56
-65
-63
-64
-63
-61
-61
-67
-71
-78
-71
-67
-70
-76
-75
-79
-68
-75
-71
-70
-74
-84
-83
-79
-90
-93
-97
-88
-87
-85
-88
-91
-89
-89
-83
-86
-83
-91
-90
-90
-89
-94
-89
-92
-90
-91
-90
-91
-82
-85
-85
-89
-89
-98
-84
-87
-85
-79
-81
-78
-78
-74
-75
-78
-76
-75
-77
-69
-69
-76
-66
-70
-63
-61
-57
-60
-62
-53
-45
-49
-43
-44
-43
-41
-45
-43
-30
-32
-28
-30
-23
-21
-15
-16
-12
-13
-16
-15
-18
-7
-7
-9
-4
-2
3
6
12
13
25
14
23
25
30
25
29
31
34
29
41
32
32
37
36
39
49
45
52
52
57
57
67
67
67
63
64
71
78
79
78
76
75
70
70
72
85
74
90
91
96
92
103
97
101
96
95
94
102
91
101
97
102
98
101
101
102
100
108
112
115
115
113
113
113
114
118
114
122
114
122
119
124
115
127
121
128
118
120
119
126
127
127
125
131
128
130
133
138
129
131
126
132
130
129
119
126
129
129
131
136
131
136
138
138
134
139
129
140
133
138
135
141
132
140
135
137
134
133
141
135
133
138
126
136
136
137
136
141
132
140
142
146
134
134
140
137
141
144
138
141
139
138
135
140
125
136
136
139
131
137
138
136
134
139
136
136
142
137
143
149
139
144
146
143
130
130
126
134
134
139
135
136
136
134
137
144
134
135
133
140
132
139
133
143
135
139
131
134
131
133
135
134
128
132
144
141
137
140
133
138
135
137
132
133
127
129
131
137
122
116
115
119
122
128
125
131
127
137
133
140
137
133
131
132
122
116
130
129
127
133
124
124
129
127
130
139
126
141
129
140
137
124
131
134
122
136
124
118
126
118
126
134
114
126
113
119
125
118
126
125
118
130
130
123
137
122
124
121
108
124
120
124
124
117
123
130
119
135
129
129
135
121
125
133
121
129
133
126
126
121
124
128
119
128
131
128
137
124
125
127
118
126
131
126
131
121
127
133
125
139
124
122
125
116
124
135
119
126
124
119
123
113
117
124
118
125
114
116
126
121
123
131
122
129
135
130
136
123
127
128
124
125
119
113
122
123
126
140
127
131
130
128
137
132
133
135
130
136
130
122
133
127
126
129
118
123
125
126
127
116
121
123
118
129
127
125
126
118
125
129
114
121
108
119
117
113
116
109
112
121
117
117
124
113
126
125
115
119
112
110
110
100
104
109
102
112
105
103
106
91
109
110
97
105
101
104
111
106
103
108
92
106
91
99
102
83
99
95
89
93
90
87
91
87
93
94
85
97
80
88
87
71
83
81
69
77
74
72
82
80
83
77
70
86
74
85
82
69
71
76
65
76
75
71
81
63
74
73
65
72
68
65
72
60
62
69
56
69
66
61
66
58
65
71
64
74
66
68
70
56
58
65
56
69
66
62
64
53
54
54
53
55
56
55
60
49
64
69
60
67
66
63
64
63
63
61
57
56
53
55
54
47
58
59
50
69
61
58
62
57
59
63
62
62
56
54
62
49
63
57
45
58
47
50
58
55
58
61
51
64
60
73
72
61
65
65
57
64
57
54
56
51
54
60
51
62
56
63
68
62
73
74
63
68
67
62
68
59
60
63
55
66
67
75
71
60
61
65
63
79
71
73
77
70
80
80
70
79
71
73
76
68
82
78
72
89
71
71
81
68
83
81
72
82
77
81
75
72
81
78
70
90
78
86
92
81
98
96
86
92
85
85
93
81
95
89
81
96
83
91
105
83
95
100
81
94
92
92
98
81
95
100
79
100
87
95
101
85
98
102
93
110
100
97
107
93
110
101
93
108
97
101
112
92
101
94
95
108
100
99
105
102
112
113
108
122
111
115
117
108
115
120
105
118
110
107
113
106
112
115
108
117
113
112
126
109
118
120
108
124
121
115
119
112
121
121
112
122
114
114
123
112
122
128
123
125
121
122
125
126
124
121
117
120
115
119
125
111
122
122
116
124
131
133
136
128
136
134
132
139
128
130
133
121
129
131
125
129
126
126
130
125
127
122
119
130
126
130
139
125
134
134
129
138
134
134
123
133
121
133
128
135
142
132
133
134
119
133
132
126
131
125
121
132
127
129
132
125
130
127
133
142
130
141
140
131
134
125
119
128
121
129
131
132
135
130
132
135
126
138
138
129
141
135
134
141
132
141
133
129
135
125
134
143
126
133
132
128
139
135
135
140
126
134
132
132
136
124
126
133
117
128
124
113
129
129
130
139
131
138
142
134
144
135
137
141
123
132
130
127
135
135
129
138
120
126
129
132
141
135
135
142
127
140
133
131
134
127
125
134
124
129
130
125
127
117
123
124
121
132
131
129
140
130
129
137
122
126
125
125
126
117
123
129
120
136
131
125
131
128
130
146
131
138
132
127
127
121
130
136
120
131
127
121
133
128
126
134
123
128
127
123
127
124
124
131
121
137
130
129
137
128
128
140
123
131
127
127
131
131
134
134
119
126
122
122
129
125
123
128
121
135
139
131
135
129
132
142
125
141
131
132
133
122
120
128
112
129
129
126
128
126
130
138
121
135
126
125
133
123
124
133
118
131
134
123
123
117
118
129
121
132
123
124
130
124
123
144
122
134
132
126
129
128
121
126
112
122
116
114
125
119
121
134
120
130
139
132
138
130
131
134
119
126
121
116
126
117
119
133
114
123
116
118
126
125
123
130
115
129
126
122
130
119
119
126
109
125
123
117
124
116
117
121
112
124
123
121
124
117
122
128
110
122
116
108
117
115
118
128
115
123
124
125
125
114
116
126
111
122
121
115
122
115
121
128
124
123
119
115
121
114
119
128
113
123
117
116
115
118
120
125
112
125
114
126
124
119
122
125
112
124
120
116
121
118
123
126
113
121
108
111
115
108
119
126
109
129
125
122
133
126
127
133
120
134
125
127
128
122
118
121
103
125
120
124
129
123
126
133
123
128
126
119
127
117
128
132
118
130
126
121
121
109
113
120
110
124
115
122
121
116
122
128
115
131
121
116
121
107
111
116
107
121
115
112
119
110
125
131
118
130
125
118
130
120
118
125
108
123
113
118
122
112
124
129
113
131
125
116
124
113
117
127
116
129
127
122
130
122
125
126
111
121
119
118
129
123
119
125
109
121
121
124
130
123
124
127
113
128
126
120
123
115
120
130
120
126
123
124
124
116
121
120
111
122
116
116
131
117
120
126
116
128
124
122
125
116
120
124
111
130
119
113
117
104
115
128
116
122
117
116
120
117
124
127
110
123
115
115
124
110
114
121
112
117
112
110
114
106
114
119
106
130
125
123
126
122
124
134
120
125
116
117
119
115
120
116
103
114
109
115
124
115
121
121
114
122
119
118
118
108
115
118
107
120
112
115
117
102
110
116
98
119
111
114
118
112
121
119
112
122
112
112
119
106
114
113
99
121
118
111
118
103
115
120
115
126
115
112
122
105
114
119
102
117
109
108
113
107
110
114
105
115
109
107
115
105
115
117
104
117
121
114
120
111
115
116
110
119
116
108
118
108
119
116
103
115
108
111
118
108
110
114
98
115
107
108
116
99
115
115
111
120
123
116
128
107
114
114
105
114
111
112
116
106
117
119
108
118
112
106
118
110
114
115
110
115
111
116
114
105
108
115
116
119
113
109
114
105
113
114
111
114
109
107
113
100
110
111
96
110
102
91
104
97
104
108
102
111
107
108
119
113
122
118
105
119
106
106
107
100
112
108
105
112
101
104
113
102
121
112
103
119
108
115
118
106
120
114
104
115
106
111
117
103
112
109
99
111
107
111
116
107
113
118
107
120
108
104
113
96
115
106
98
108
103
107
115
98
105
109
100
116
106
113
118
98
109
103
100
111
101
100
114
94
109
107
103
111
101
103
105
93
115
108
99
114
105
102
123
102
115
103
99
109
101
108
110
96
111
113
98
116
104
98
111
97
109
111
100
110
104
106
114
106
116
115
105
120
122
115
127
109
115
110
101
106
104
106
112
98
108
112
101
120
104
109
108
99
112
116
100
113
109
105
111
96
107
102
99
115
102
107
117
103
112
115
108
116
114
114
114
100
110
109
94
120
99
101
102
90
110
117
103
110
105
110
116
106
119
112
107
113
105
99
110
100
107
113
103
113
107
113
110
102
112
105
102
116
109
111
114
104
107
116
102
113
100
107
113
108
116
105
100
108
103
104
116
99
108
108
105
115
107
109
107
96
104
102
100
118
103
110
113
97
114
110
106
118
107
111
116
109
115
113
104
120
106
113
120
100
117
145
152
162
152
147
148
134
142
143
134
144
125
127
120
116
130
136
124
125
115
115
121
113
121
116
108
117
103
112
114
97
106
109
97
106
102
104
115
98
115
110
110
115
101
107
114
100
110
110
96
104
98
99
110
101
113
107
102
114
103
113
115
95
109
108
98
109
104
102
111
95
108
98
94
110
102
101
108
94
112
106
98
111
101
105
111
108
111
101
97
102
97
97
102
89
102
102
101
116
102
107
108
102
108
111
105
105
99
99
104
88
112
99
98
104
94
97
96
97
102
101
95
106
94
112
105
92
110
99
98
106
98
95
106
94
108
103
101
106
89
104
108
97
111
104
103
106
99
99
104
88
112
96
98
109
99
114
115
105
110
103
101
114
108
107
112
95
115
112
111
119
108
109
116
102
116
110
104
109
105
109
112
93
113
101
105
114
105
114
116
103
114
108
106
122
105
108
115
95
112
108
106
110
102
99
105
87
111
99
92
111
98
104
124
106
117
112
111
116
107
107
114
96
111
101
99
114
101
104
110
99
108
113
102
111
102
108
120
100
114
107
101
108
104
104
115
99
104
103
95
107
105
107
111
96
112
104
103
111
103
107
109
98
102
106
97
107
93
105
104
93
109
102
103
111
111
112
126
102
112
109
105
117
106
110
109
100
107
104
108
112
102
107
109
90
111
110
101
109
100
102
105
106
112
110
101
109
98
101
112
95
108
102
102
106
103
97
102
96
103
101
97
103
95
109
103
94
107
102
104
107
103
109
111
108
113
106
100
101
93
108
111
100
105
102
109
112
107
106
105
95
111
102
105
106
95
107
107
95
108
96
97
109
98
102
108
100
114
106
107
118
102
110
110
99
107
103
96
104
100
97
97
80
103
96
106
104
96
102
107
100
113
112
101
113
98
104
100
97
106
103
101
103
94
106
106
94
111
105
97
110
105
111
110
99
108
98
106
106
92
101
104
88
113
96
93
101
87
104
102
97
103
104
97
108
96
107
106
90
107
94
98
102
101
101
106
93
104
104
101
111
103
107
108
99
111
101
101
104
100
101
109
100
105
103
100
105
95
108
102
94
104
101
100
107
101
100
107
96
106
104
113
106
95
106
100
95
114
102
104
103
95
102
105
96
104
97
95
106
92
111
104
102
112
105
102
114
99
102
109
96
107
99
99
99
89
104
105
96
115
104
101
112
99
109
113
98
108
100
106
110
104
112
110
99
113
98
94
113
96
109
106
99
110
108
105
109
104
102
110
94
119
100
102
100
94
105
103
89
100
93
103
103
98
109
109
102
113
103
106
112
93
103
103
90
103
100
95
108
90
100
98
87
113
97
101
103
95
105
114
97
111
101
96
105
95
106
102
90
106
95
98
98
85
90
104
87
103
94
98
101
90
102
95
91
96
90
87
100
91
100
108
94
109
97
93
98
94
104
96
85
97
93
94
103
92
97
94
92
104
97
90
99
86
99
94
92
97
91
96
100
88
103
102
87
105
97
96
102
97
100
103
88
100
93
98
102
83
95
89
85
95
98
86
92
87
93
101
92
107
98
95
105
90
102
95
92
99
95
95
95
91
91
96
86
100
90
104
100
93
99
98
92
101
100
92
99
86
103
94
100
101
89
94
94
90
103
99
91
107
95
101
102
91
105
94
94
107
89
98
92
87
94
96
83
99
88
97
100
88
108
102
100
107
98
94
102
88
105
98
86
104
92
97
97
91
97
94
89
99
94
101
102
88
103
100
88
109
97
93
102
89
100
94
100
97
93
97
100
82
104
94
91
103
92
92
98
84
94
96
84
99
84
94
101
82
101
96
88
112
99
92
99
80
95
99
90
106
95
98
103
92
111
101
91
104
98
95
110
97
97
100
88
102
87
91
100
79
98
97
87
104
94
98
103
89
100
100
95
104
94
98
98
91
106
90
89
88
90
90
104
87
103
96
99
103
102
107
100
94
104
98
93
105
90
92
102
85
97
89
95
99
92
93
99
87
105
100
91
107
93
99
104
88
97
94
95
102
96
94
100
81
103
96
90
112
96
99
107
97
112
108
97
99
93
95
100
83
100
94
92
99
85
93
105
91
106
98
93
103
101
99
100
89
100
95
97
100
94
101
103
90
106
101
86
101
90
100
102
88
104
95
97
102
95
100
103
86
103
95
89
102
95
99
103
86
99
89
90
103
92
90
97
75
98
90
85
95
93
97
101
94
105
101
96
108
99
97
105
84
98
94
92
100
100
91
103
89
100
97
94
102
93
92
104
85
104
100
90
101
89
93
99
92
100
99
93
106
97
97
104
91
106
96
96
99
100
93
105
85
101
89
92
93
84
90
98
81
99
97
91
