112
98
95
103
95
108
106
95
109
105
106
120
110
115
115
100
111
103
97
106
95
106
104
88
105
96
106
106
98
94
111
93
119
103
103
106
95
109
108
98
114
100
104
108
92
106
100
89
118
100
101
110
96
106
107
99
118
93
103
101
90
100
97
80
113
95
99
97
90
109
114
104
116
103
99
101
94
107
107
86
112
98
101
110
95
108
112
92
115
96
95
115
98
105
117
94
121
104
106
112
99
103
118
94
113
97
94
107
96
104
103
87
107
94
105
109
94
102
105
88
111
93
103
104
91
106
105
93
117
99
103
108
94
96
104
90
109
94
100
102
95
104
101
91
106
93
95
111
100
97
100
90
110
92
95
96
78
100
98
82
109
97
98
104
91
106
109
97
111
99
97
101
96
101
101
76
98
88
93
113
92
108
108
96
116
109
112
114
104
107
111
93
111
91
98
106
93
104
100
85
105
98
100
102
93
103
105
94
114
98
101
112
97
97
102
91
105
108
103
104
88
104
96
93
110
90
101
102
98
105
105
89
105
90
91
96
83
99
97
89
112
93
101
105
93
105
108
95
117
107
107
111
95
118
107
102
119
104
105
112
101
109
114
93
118
97
108
108
108
113
114
103
119
106
109
122
105
116
115
99
121
113
113
118
107
112
112
105
121
113
110
120
100
114
119
98
121
112
107
118
109
113
115
107
123
110
117
119
98
106
109
97
116
108
106
113
104
114
121
113
124
112
110
116
106
119
118
107
118
109
107
108
106
109
112
102
120
104
114
118
102
118
113
101
112
113
110
117
104
115
112
98
112
95
104
110
107
122
119
103
121
115
116
124
105
119
114
110
118
109
116
112
106
113
114
102
124
117
114
120
106
118
116
115
118
113
103
111
104
118
111
99
116
102
109
114
102
106
106
103
112
104
109
108
96
117
115
103
116
99
97
100
88
105
95
94
107
95
99
102
90
115
107
95
113
98
102
110
101
107
101
94
110
98
106
105
89
111
101
92
111
88
100
106
94
106
102
93
112
95
105
107
84
109
99
95
109
95
101
108
93
107
102
83
115
101
106
107
90
106
102
92
116
97
98
110
94
115
106
97
110
102
104
102
90
106
112
95
113
99
96
116
95
112
110
97
107
100
105
105
94
106
105
96
112
89
100
100
93
110
107
95
110
101
102
112
100
112
108
97
112
99
98
111
100
108
101
90
104
95
99
107
95
110
108
101
122
109
113
118
102
112
112
99
108
100
104
112
95
109
98
89
107
96
98
108
97
110
109
97
113
110
108
115
98
111
102
102
112
100
100
95
91
105
110
98
109
100
101
109
100
106
103
97
105
95
94
102
81
98
102
90
105
93
103
102
97
107
106
108
116
110
105
112
98
116
111
101
113
99
108
108
107
116
103
93
113
99
106
112
95
116
103
103
109
105
106
107
97
103
102
98
113
100
110
112
89
109
95
96
107
94
107
110
96
109
101
89
112
92
107
109
93
116
110
109
120
114
110
115
97
111
111
104
116
102
105
110
96
111
109
97
115
103
102
115
100
114
101
101
110
98
104
105
94
108
103
93
112
99
95
112
95
110
101
99
105
99
100
107
94
114
104
94
104
90
97
100
89
107
99
98
107
104
112
112
95
114
107
100
113
100
102
107
92
107
100
102
107
104
103
113
100
116
109
107
114
97
104
107
101
111
109
106
112
105
110
111
91
112
102
101
115
102
104
107
100
111
109
101
110
99
106
108
89
112
94
99
100
96
92
113
100
112
108
102
111
100
115
109
92
109
97
98
113
100
100
107
96
106
107
104
108
98
112
111
102
112
104
103
113
105
106
112
92
112
99
96
104
90
109
104
92
103
91
96
114
91
101
102
89
108
102
99
107
89
99
103
90
111
104
99
118
98
106
115
85
109
100
96
104
97
101
102
92
116
104
93
122
98
109
111
95
115
114
104
108
96
94
112
94
117
102
95
110
96
104
112
94
111
112
103
109
106
105
112
98
111
99
92
104
89
101
99
85
102
105
99
112
95
111
113
99
116
102
99
106
97
98
105
86
99
95
102
109
102
106
109
100
112
105
104
108
99
99
106
95
107
102
100
109
94
100
99
91
111
103
100
102
102
106
115
96
114
103
98
110
104
101
105
94
112
103
97
102
93
102
111
94
118
108
108
115
106
109
110
99
109
103
100
107
95
113
115
95
111
95
99
97
100
103
104
91
109
103
104
107
93
106
106
92
106
96
99
101
97
100
98
91
102
92
102
105
91
109
108
96
108
91
96
97
89
91
100
74
104
89
104
89
84
86
86
109
97
-223
360
705
1333
1324
1321
1318
556
730
713
48
517
35
-246
158
-443
-328
-285
-456
-366
-449
-458
-447
-453
-456
-453
-457
-456
-458
-461
-455
-456
-461
-458
-458
-459
-461
-462
-458
-459
-456
-460
-461
-460
-458
-459
-458
-459
-459
-459
-460
-462
-463
-465
-465
-464
-463
-462
-460
-459
-458
-458
-442
-391
-348
-315
-273
-245
-207
-186
-157
-136
-110
-95
-78
-64
-39
-29
-22
-11
3
10
24
24
31
42
42
54
58
59
65
71
80
74
93
89
93
86
96
88
105
96
98
97
96
94
98
100
105
106
107
106
108
112
118
115
122
104
105
103
112
99
108
107
108
106
109
102
106
102
110
112
120
110
109
108
114
105
110
110
109
105
108
106
107
104
105
98
100
96
90
102
107
97
104
103
105
102
111
104
104
98
99
102
108
101
102
102
108
100
103
105
101
100
103
99
100
98
90
97
94
98
94
99
96
85
96
87
92
88
91
84
88
78
81
84
91
84
83
83
81
80
87
85
85
76
80
78
80
79
78
78
89
74
78
82
73
73
74
74
76
73
75
74
78
78
78
71
85
72
74
77
74
72
78
69
64
59
52
56
64
68
71
69
73
70
72
77
74
67
73
69
70
69
66
70
69
64
66
63
67
68
73
72
73
70
79
74
76
75
74
74
77
75
76
73
77
72
72
74
72
68
72
76
83
80
82
86
92
87
93
93
96
85
86
86
84
77
89
84
92
85
85
83
93
90
96
90
97
92
99
104
103
98
103
95
104
101
96
98
103
102
108
106
107
100
101
106
109
103
112
108
117
113
112
115
118
105
109
108
107
108
117
125
126
117
121
123
123
132
135
135
136
131
138
137
136
132
127
129
134
130
134
133
134
133
136
129
131
122
123
125
128
128
134
129
135
131
129
135
131
136
131
129
131
129
130
138
134
129
131
127
127
132
132
127
126
120
123
123
129
131
129
132
130
127
133
136
136
138
139
134
136
128
126
127
127
124
127
133
138
134
135
138
131
133
129
125
124
122
125
124
130
129
121
121
124
120
136
132
136
135
131
139
136
133
138
127
129
134
126
138
133
128
133
120
117
122
115
127
128
126
134
132
141
145
134
143
141
132
146
132
131
136
123
131
139
120
133
121
124
133
126
132
132
123
132
126
128
142
124
133
133
125
132
130
134
138
126
130
132
120
138
129
134
136
123
132
138
129
143
133
129
131
121
128
127
112
127
121
127
133
125
131
137
134
149
142
146
147
138
150
147
141
149
138
143
148
134
148
149
140
151
136
138
137
134
151
147
139
152
137
141
147
133
146
134
131
143
138
138
141
126
140
137
132
142
126
131
143
129
141
141
125
138
127
126
131
124
139
138
131
147
134
139
153
130
148
142
128
146
141
139
144
128
142
139
138
150
136
140
144
125
136
137
125
133
130
131
135
124
126
129
126
132
125
123
134
117
129
133
127
129
127
121
127
113
128
132
128
133
122
114
112
106
121
120
112
127
123
124
132
130
139
131
122
129
118
121
121
106
117
107
98
108
100
108
116
100
112
107
110
116
104
111
112
100
113
108
98
108
97
104
109
93
105
101
95
113
98
108
108
97
112
107
103
117
105
107
108
94
108
97
95
107
91
100
102
89
110
105
99
110
98
106
110
102
109
103
98
105
92
109
105
93
112
104
101
110
95
106
102
92
114
101
100
109
98
105
111
97
114
103
98
104
91
105
108
96
107
95
93
104
86
107
109
93
113
99
97
106
89
96
94
85
98
90
92
106
92
107
106
86
108
87
93
106
89
99
103
87
109
97
88
104
87
99
98
78
98
88
87
105
82
85
90
72
89
85
87
95
84
89
97
76
102
87
84
96
79
83
94
74
89
83
77
85
75
75
82
66
85
82
75
91
83
88
97
81
97
92
90
96
83
88
95
82
97
84
83
86
81
85
98
76
95
91
87
95
92
95
95
81
94
86
86
98
82
90
94
78
92
85
84
95
89
94
97
79
103
87
92
98
76
87
94
75
87
84
84
86
84
82
88
77
97
86
93
104
87
98
97
85
100
93
89
98
85
95
100
83
100
88
91
97
80
86
102
81
101
89
93
99
90
101
98
86
100
89
95
100
86
94
99
81
96
89
89
93
83
98
96
85
103
90
95
101
83
97
98
80
104
94
101
100
101
105
110
92
110
91
102
109
92
105
104
86
115
105
102
110
93
104
102
96
110
97
97
107
91
103
108
80
114
98
103
107
101
98
107
110
117
106
107
113
100
110
116
100
118
116
106
111
100
101
114
102
120
107
107
118
110
123
128
112
123
118
114
121
109
109
117
101
116
105
111
111
102
115
123
108
127
118
120
128
120
122
125
110
123
113
115
119
114
125
124
108
122
111
119
130
123
122
132
129
138
128
135
131
120
124
126
112
129
123
118
128
118
118
124
116
133
132
135
135
124
133
135
116
130
124
110
132
125
128
136
126
139
132
134
134
121
131
141
127
148
136
142
142
131
139
141
131
140
133
130
137
126
144
138
124
133
123
124
131
128
136
136
120
129
134
134
140
126
138
142
130
152
139
147
150
142
152
154
136
146
137
139
147
130
149
147
141
155
140
144
160
134
144
144
128
150
138
146
155
130
140
136
125
144
132
136
145
132
146
151
133
154
135
141
142
133
143
140
133
151
138
131
146
125
131
133
128
148
142
146
153
140
154
163
139
170
152
152
160
140
154
161
137
153
146
141
149
144
152
156
141
158
154
149
159
144
152
155
138
153
151
148
152
137
147
151
134
153
138
146
148
142
148
157
145
156
152
154
155
148
150
150
140
153
142
151
157
141
150
153
145
158
157
153
159
144
156
153
150
159
144
147
148
141
150
159
143
158
146
144
150
140
148
148
144
152
143
141
152
141
146
150
128
143
138
143
144
135
145
139
137
145
133
132
145
133
142
150
132
147
133
139
139
137
144
142
134
146
136
142
147
133
147
144
131
139
133
141
143
131
139
141
135
147
141
148
145
132
151
146
134
142
133
139
147
139
142
140
130
149
133
143
149
130
149
148
142
155
143
142
147
134
143
142
133
150
134
136
136
116
134
137
124
139
136
135
151
142
155
149
139
158
142
157
150
135
145
151
132
149
140
132
150
141
151
152
143
153
145
143
149
136
142
144
127
142
128
132
143
133
141
137
124
135
135
144
147
129
139
142
131
154
140
144
142
129
137
134
123
131
129
128
138
127
137
136
133
150
131
134
142
130
137
141
133
143
132
138
140
124
135
137
121
147
135
132
136
124
133
139
127
137
133
136
145
131
146
138
129
142
133
135
142
132
141
141
129
140
126
133
139
125
137
130
123
136
130
130
130
118
129
139
130
143
132
142
144
132
138
134
123
130
130
132
143
126
141
137
129
140
128
137
134
125
134
129
123
143
132
134
135
118
133
136
134
146
134
139
140
133
143
136
132
145
131
136
142
120
135
131
129
139
126
124
125
114
127
122
118
143
126
132
141
128
143
146
133
137
127
122
128
120
135
134
117
130
121
120
132
119
126
121
119
137
132
129
139
117
128
122
114
134
123
125
130
121
127
130
117
132
127
128
142
129
142
140
130
138
134
127
132
120
125
127
119
140
139
132
137
124
134
136
134
146
139
135
138
121
132
140
129
141
127
128
135
126
134
134
127
132
128
130
135
123
134
133
130
140
130
133
133
130
135
129
128
133
121
123
129
114
129
134
122
128
117
119
119
120
127
120
114
125
117
130
139
120
133
129
132
138
138
133
140
129
135
127
115
125
115
123
128
123
137
135
131
140
130
130
134
125
131
133
129
140
129
141
137
124
120
122
124
135
133
131
136
123
135
133
135
134
123
129
132
123
134
130
126
141
121
118
119
116
133
130
128
137
124
133
136
126
136
128
120
135
122
121
123
107
126
119
123
122
109
120
123
111
130
124
111
130
123
128
136
121
130
128
123
125
112
122
130
112
126
120
110
130
120
127
126
116
128
133
130
137
120
111
125
107
126
120
116
130
120
123
131
120
124
131
125
139
119
133
134
122
132
127
120
134
125
126
131
121
126
128
128
133
118
120
118
117
134
126
116
123
119
124
134
127
127
123
119
130
119
127
125
114
128
124
113
128
118
122
128
118
121
118
116
123
114
122
126
119
138
134
124
136
127
133
142
121
127
117
117
129
125
134
130
122
133
135
131
143
126
123
127
112
125
119
123
128
124
121
121
109
120
121
116
124
113
124
130
120
124
122
120
122
116
117
119
105
126
114
111
121
101
111
115
111
134
129
126
134
126
128
134
122
138
123
121
126
112
122
126
114
124
112
106
114
109
118
119
104
125
114
118
127
110
120
121
110
121
121
112
124
112
123
131
115
129
122
117
126
115
119
133
115
134
128
121
131
121
123
121
107
121
112
126
134
124
128
136
117
136
134
132
141
126
133
141
132
141
137
130
136
118
121
130
117
131
128
125
125
122
118
126
118
131
137
136
146
141
139
142
127
138
135
127
133
128
132
139
134
138
130
127
126
107
123
126
110
123
114
122
124
120
124
129
122
132
129
134
141
123
129
134
119
128
124
117
130
127
131
138
129
139
130
139
141
124
135
134
123
130
126
122
126
118
123
126
107
126
119
126
123
117
115
125
117
132
133
124
128
118
122
126
112
121
114
115
118
107
117
119
108
133
126
124
134
128
138
138
127
132
120
123
120
111
119
122
108
128
117
112
117
103
115
122
115
123
114
116
118
113
128
126
110
129
119
118
119
111
122
120
109
119
106
116
125
109
122
126
106
130
119
117
123
109
118
126
114
125
116
116
129
116
124
127
105
125
116
115
123
107
110
118
106
123
112
112
120
107
117
114
103
124
114
116
121
106
111
124
110
127
120
118
126
119
130
132
119
125
121
118
130
119
121
124
111
124
113
111
110
108
113
114
103
118
114
114
123
111
121
123
108
123
118
117
123
111
124
120
100
115
107
111
125
108
116
116
106
119
117
117
116
103
114
117
106
121
112
111
120
104
112
118
103
121
116
119
120
113
123
125
111
128
122
119
126
112
117
116
108
117
112
109
116
105
122
123
116
134
126
124
126
117
127
128
115
121
113
112
118
109
121
125
116
128
117
115
121
111
120
121
110
124
124
123
124
111
122
115
109
120
110
116
121
114
124
123
107
122
109
118
122
120
130
129
119
126
114
117
124
105
117
117
106
125
122
125
130
116
121
118
114
129
122
117
124
109
126
126
112
126
112
118
124
113
122
121
108
125
116
114
124
106
120
122
112
128
124
117
127
112
123
126
118
129
123
119
124
111
129
130
123
127
118
115
123
113
117
115
105
115
114
120
122
113
122
125
115
127
123
118
126
117
123
116
110
115
111
116
122
110
127
123
116
126
118
120
121
111
118
114
111
122
117
125
128
114
119
117
110
122
117
118
122
110
123
117
114
124
110
112
119
109
123
117
106
117
107
106
110
100
113
116
113
125
120
124
126
113
126
120
110
128
119
118
121
109
121
123
117
125
117
112
122
110
129
120
108
120
110
116
127
116
122
120
110
119
108
116
116
106
120
114
105
121
113
117
121
108
119
118
114
123
109
113
109
98
114
104
98
114
106
113
127
107
116
111
106
121
109
115
116
102
119
117
110
128
111
111
120
105
117
119
107
124
108
107
114
96
119
113
107
123
111
114
127
109
126
118
112
126
117
118
123
111
121
119
106
120
106
107
117
104
119
119
108
120
117
117
129
116
126
123
117
128
117
113
124
104
114
111
101
108
109
109
116
105
115
111
111
128
117
117
119
104
115
119
106
115
109
112
116
103
115
110
108
118
107
109
122
107
120
114
110
119
111
109
113
96
109
102
97
108
97
99
102
90
111
113
108
118
110
113
120
111
124
112
104
114
104
110
117
102
119
114
103
113
105
108
115
105
121
115
115
124
111
118
121
108
120
117
106
120
108
112
118
109
118
112
107
115
109
116
117
100
114
106
101
110
105
105
109
95
113
104
107
118
108
116
117
99
114
108
102
111
99
104
106
101
115
106
104
118
101
110
115
92
113
106
102
113
101
99
104
88
111
100
103
113
99
107
116
98
114
108
100
111
102
102
113
101
116
107
92
107
90
101
109
89
111
100
96
115
101
105
114
93
115
105
105
111
97
101
109
94
111
100
94
113
102
107
113
106
118
113
105
113
109
116
117
100
113
111
104
119
110
113
117
102
113
109
114
118
109
112
119
106
126
115
113
116
106
103
112
99
112
101
102
111
102
109
108
97
116
114
106
122
112
116
121
104
121
110
111
115
105
110
121
104
129
119
113
119
104
113
121
109
124
118
115
129
120
128
132
108
119
114
112
127
112
116
122
107
119
110
106
117
107
117
122
105
125
112
110
118
106
111
121
106
119
114
114
124
116
123
121
109
121
110
110
124
107
113
117
101
119
118
114
115
107
109
113
97
117
106
106
116
101
107
114
97
115
104
104
111
101
112
119
102
121
109
108
121
105
110
115
99
116
110
101
102
88
100
107
87
113
101
99
110
102
111
122
96
116
106
106
112
104
107
117
95
113
100
95
114
101
108
116
98
116
116
109
118
109
109
121
103
122
109
108
115
102
112
117
97
112
110
110
119
110
112
118
104
122
110
113
114
103
107
112
91
111
107
104
111
103
110
113
113
126
115
114
117
108
115
126
111
125
111
113
119
114
116
116
104
120
107
112
113
99
106
116
102
117
115
107
117
106
118
114
102
117
106
103
115
103
114
119
97
112
98
103
110
106
115
111
99
111
100
102
107
98
110
109
99
116
108
109
114
105
110
110
100
104
104
106
112
