78
83
92
79
92
94
87
95
82
81
82
70
87
84
74
90
79
84
94
77
86
89
76
90
78
83
86
74
86
86
73
90
76
80
87
73
85
87
76
89
83
83
90
76
89
85
72
89
78
82
91
74
84
76
66
83
76
79
84
71
87
86
82
96
75
86
86
75
86
85
71
84
75
77
82
69
86
85
77
87
82
88
92
79
91
87
76
89
84
81
86
74
87
82
76
86
72
78
85
69
87
89
76
88
83
85
87
77
86
80
77
83
76
78
86
64
73
73
64
83
82
84
85
76
91
88
85
95
77
80
85
69
87
84
75
88
75
78
82
70
85
82
76
92
80
82
88
74
90
82
76
87
80
82
87
69
84
82
73
84
72
77
85
71
87
83
74
88
77
84
89
74
85
77
69
81
72
81
85
70
86
83
74
93
86
81
90
73
87
85
83
91
77
84
86
74
89
84
76
91
78
79
87
71
91
86
78
89
79
86
90
73
87
83
75
90
79
79
86
71
86
83
79
81
73
73
84
73
91
83
76
88
75
80
86
69
83
80
76
89
80
90
93
75
90
82
72
90
81
79
86
73
90
88
85
93
82
84
95
78
96
82
82
92
80
83
87
69
90
83
81
88
81
85
90
76
93
84
79
92
77
80
86
70
88
84
76
82
75
72
83
69
87
74
72
85
74
80
93
74
90
85
83
90
81
90
90
73
88
80
73
89
79
83
89
75
94
87
86
95
83
86
93
76
95
85
80
93
80
82
93
69
85
78
80
91
79
88
92
81
98
86
84
103
80
87
93
78
100
84
76
84
70
73
83
72
90
83
82
97
80
88
103
74
94
86
82
93
82
83
91
73
90
83
75
94
81
88
94
77
95
93
88
95
87
83
92
77
98
82
81
96
79
85
94
70
87
84
82
91
82
85
92
74
94
82
78
95
76
75
82
66
83
84
76
87
79
79
93
81
98
87
88
100
85
90
103
76
94
85
82
93
81
84
88
71
88
79
74
88
79
84
90
74
92
86
85
94
82
82
93
78
90
83
81
90
81
84
90
71
85
83
81
90
83
84
90
74
92
80
81
87
72
82
87
73
93
91
85
90
80
78
88
81
93
80
78
92
79
90
95
77
93
85
83
93
87
86
93
77
87
77
77
87
74
87
89
76
94
87
84
93
80
84
88
79
92
82
81
94
80
89
88
71
85
82
78
91
80
81
85
70
87
83
83
93
79
87
90
76
94
91
83
86
71
77
85
74
92
84
81
93
81
93
95
80
92
84
83
95
81
88
97
77
93
85
83
88
76
83
89
72
94
83
80
93
81
83
91
79
91
83
79
89
81
88
88
68
79
73
72
81
73
77
89
77
96
87
95
95
84
87
92
75
98
81
78
84
74
78
87
77
89
81
83
90
80
92
93
75
87
80
79
88
78
84
91
77
88
75
77
81
73
83
88
77
93
82
80
88
79
84
90
76
90
80
83
86
73
82
78
67
77
76
85
95
80
84
95
78
94
87
86
89
76
83
86
74
89
78
79
84
70
84
87
76
92
80
83
92
83
93
91
83
94
82
81
93
76
84
90
76
92
80
76
82
75
85
88
76
92
81
81
89
80
89
90
72
86
73
73
82
74
89
86
73
88
81
84
87
79
89
91
80
94
87
82
87
75
87
94
74
94
82
85
89
75
81
90
74
86
77
75
88
75
90
89
75
83
78
76
88
70
80
86
72
87
76
73
83
69
82
87
75
89
92
80
85
68
77
82
64
83
77
76
86
74
84
83
70
80
76
79
89
74
80
83
71
90
86
84
84
73
85
83
78
87
81
80
87
74
83
84
81
92
83
84
90
85
90
92
92
90
87
86
94
77
87
85
78
87
82
75
76
72
81
81
75
86
80
68
88
78
90
89
81
92
82
73
90
81
88
85
69
81
75
82
90
76
94
84
83
96
84
83
91
79
91
88
81
91
80
86
87
75
87
79
72
88
76
77
86
72
87
84
74
77
72
82
83
70
80
80
72
89
70
65
74
59
77
74
73
86
78
81
87
79
94
86
75
90
78
76
89
73
86
78
68
78
69
79
85
74
86
83
74
92
79
82
86
75
87
88
79
88
79
76
86
71
87
88
73
89
78
83
88
80
87
85
73
87
76
79
87
67
81
75
67
85
63
70
77
67
85
90
81
94
73
83
92
77
93
80
74
84
77
78
87
76
81
82
72
83
73
83
87
73
87
86
78
93
85
80
91
75
84
84
76
86
74
78
80
69
84
85
83
76
73
88
-180
153
-354
-458
-457
-467
-465
-464
-465
-466
-462
-464
-466
-461
-465
-462
-461
-466
-462
-463
-465
-462
-464
-463
-462
-466
-462
-463
-465
-463
-466
-464
-463
-468
-464
-464
-467
-463
-467
-466
-464
-469
-468
-466
-470
-471
-469
-469
-466
-465
-464
-463
-462
-461
-417
-380
-340
-313
-274
-240
-212
-193
-163
-138
-123
-108
-88
-74
-63
-39
-32
-25
-15
2
8
20
16
24
24
32
35
38
48
44
49
53
59
63
64
77
69
75
70
76
73
75
76
77
75
74
80
80
84
85
82
86
81
88
87
87
84
88
83
85
82
80
83
80
85
79
81
74
78
74
71
75
72
81
81
83
84
85
86
87
83
79
80
72
79
79
75
67
66
67
62
66
71
71
64
70
63
65
68
63
59
55
52
52
54
58
55
53
47
46
38
47
44
48
50
42
46
55
49
45
48
44
42
45
43
41
32
37
36
35
31
34
22
38
37
33
45
42
41
50
44
46
47
40
42
45
29
47
34
39
43
30
41
43
32
49
48
40
52
43
47
57
45
61
51
55
60
53
60
63
49
66
59
55
65
53
65
72
60
75
68
76
75
69
73
80
60
82
70
66
74
60
69
82
67
84
75
74
87
82
87
92
75
93
86
85
93
78
88
90
78
90
86
88
98
80
86
96
67
102
84
85
95
87
93
100
87
104
90
89
101
81
97
91
86
104
91
94
102
85
93
104
86
107
98
93
108
88
98
99
80
105
99
94
106
96
99
113
90
112
102
93
113
97
106
108
91
109
105
102
114
92
110
116
94
119
106
104
109
100
99
107
92
114
109
103
115
103
107
120
97
115
106
107
109
107
108
114
91
113
103
99
113
93
105
113
92
109
103
102
105
105
108
120
100
118
110
111
116
106
111
121
103
108
105
105
109
108
107
119
99
115
108
110
121
103
112
112
103
113
114
109
115
102
105
112
92
119
104
106
108
106
113
120
102
117
108
102
111
100
108
113
96
112
101
101
103
91
100
105
91
109
112
106
116
106
118
120
107
117
107
103
109
99
103
113
87
114
97
93
114
101
109
110
100
113
105
108
118
95
110
113
90
116
104
101
108
92
100
98
88
104
97
92
110
91
106
103
89
111
98
97
99
95
93
102
77
99
90
85
102
81
95
104
89
104
101
96
101
92
100
106
86
102
93
89
99
81
99
97
79
96
85
84
97
87
87
103
78
104
91
101
100
92
96
93
86
98
91
89
99
86
91
98
77
95
86
89
92
89
96
94
78
94
87
76
86
72
77
83
66
85
80
83
81
75
79
89
73
89
80
80
88
72
79
79
72
81
70
79
78
73
82
85
63
71
65
66
74
67
73
72
65
78
71
74
73
65
65
72
60
76
64
69
70
58
57
62
51
67
66
62
63
52
61
60
47
67
55
58
64
59
59
64
53
64
63
54
58
41
54
55
46
64
54
52
57
49
57
62
46
62
51
50
52
40
58
54
42
52
44
41
63
43
49
52
37
61
50
53
57
44
51
53
40
56
45
39
55
39
45
47
26
48
35
41
44
35
48
47
43
56
50
42
62
39
51
53
34
53
46
42
45
33
37
49
35
53
50
41
54
40
51
55
38
49
43
41
49
39
44
50
33
45
38
31
53
34
46
45
34
47
48
42
51
33
42
49
35
52
34
37
41
31
39
40
26
41
39
38
48
39
51
50
36
55
42
43
48
37
42
44
35
48
44
37
45
34
44
49
41
57
46
47
55
47
53
64
47
54
46
52
53
43
51
50
41
52
43
46
55
44
50
54
41
57
50
54
56
47
50
52
44
53
45
46
56
46
52
60
46
61
51
60
66
64
67
65
55
64
59
52
61
46
61
57
48
69
63
55
59
50
50
59
55
63
58
62
70
58
69
70
61
66
59
57
67
62
65
70
60
72
60
59
59
50
68
69
62
69
65
63
66
57
59
63
54
68
63
65
78
61
72
69
61
65
66
66
75
64
73
67
61
74
70
74
79
66
77
78
68
81
75
69
80
61
68
74
73
80
76
71
82
69
82
85
71
84
79
77
87
75
83
84
74
82
79
81
81
70
81
80
68
85
74
75
84
80
81
85
80
85
78
76
85
78
81
79
66
74
71
74
80
71
79
86
82
86
83
85
88
71
81
81
72
93
80
78
82
71
77
81
79
85
78
88
91
78
94
87
80
87
81
83
86
74
82
86
73
84
71
74
77
69
83
82
82
97
83
90
96
83
89
92
84
92
80
85
92
83
89
87
78
87
85
90
100
78
94
96
79
98
85
92
95
84
95
92
86
101
86
91
96
84
85
108
92
103
88
96
99
83
105
94
93
104
89
97
94
80
90
87
79
86
84
88
93
82
97
92
89
103
87
98
100
84
97
94
86
97
85
89
96
79
97
87
80
93
88
89
101
80
97
96
85
105
92
94
99
83
96
90
89
103
90
96
96
81
95
98
86
100
89
96
98
85
106
96
87
93
89
85
95
84
97
93
92
100
92
91
96
83
100
94
94
103
92
96
99
83
97
99
85
102
92
97
100
90
104
93
89
96
88
98
105
89
107
100
92
105
103
97
101
90
105
98
96
101
91
100
97
81
97
94
96
100
91
97
96
88
101
94
92
99
90
101
103
89
108
99
96
102
97
95
97
85
103
89
92
103
92
101
100
90
107
97
92
104
91
98
102
92
110
94
96
97
91
103
103
89
106
96
98
109
102
103
107
93
108
97
100
102
94
102
101
84
103
92
94
103
86
97
104
91
111
100
99
106
96
103
104
88
110
97
92
103
88
91
95
87
105
96
100
105
96
97
106
89
110
98
90
103
91
98
102
88
106
89
89
99
85
99
105
86
106
96
94
108
96
100
103
91
109
101
98
103
96
93
101
80
101
86
94
102
95
102
108
94
111
105
100
108
97
102
104
85
105
94
99
102
89
98
97
83
105
96
95
105
94
102
109
94
116
99
100
102
96
98
109
94
107
99
94
102
91
106
104
88
107
96
93
109
98
99
101
86
102
90
93
96
87
96
98
85
109
90
98
106
93
104
113
95
111
99
96
101
89
99
99
81
106
94
100
105
89
96
95
86
106
94
101
100
92
102
105
90
113
91
100
101
87
102
110
92
112
94
96
97
82
98
99
84
106
88
91
102
83
92
95
81
102
87
92
103
88
102
101
85
111
86
99
101
85
95
106
84
104
94
98
105
92
101
102
86
109
95
99
104
88
96
99
82
107
96
90
103
88
99
102
87
110
93
95
102
88
95
107
84
104
92
92
101
82
95
100
78
100
88
90
105
87
99
100
84
105
97
91
106
88
101
99
83
97
84
86
97
79
91
102
84
102
87
92
99
89
90
96
77
93
93
96
98
84
92
96
75
99
92
90
97
84
93
101
88
104
83
90
98
81
94
99
81
99
84
85
88
79
84
93
78
98
89
101
101
91
103
101
87
103
96
90
97
82
97
97
83
98
81
93
102
87
101
102
86
104
90
98
98
90
99
95
87
102
86
98
95
82
86
94
78
99
88
91
99
80
96
93
91
107
86
93
100
85
96
91
78
98
76
88
94
81
97
99
84
108
92
104
97
86
99
94
82
100
84
87
94
85
95
98
82
98
81
88
97
81
98
95
81
106
89
96
103
86
97
92
82
101
89
98
98
80
94
96
74
103
88
90
96
83
95
99
83
99
78
85
92
80
96
89
84
103
92
96
101
86
99
102
86
105
92
99
98
84
99
96
78
99
88
89
98
79
96
94
81
95
84
84
96
83
99
94
87
101
88
92
105
80
96
94
83
99
89
94
96
79
89
93
83
101
83
88
95
79
92
95
76
94
85
88
95
86
95
98
82
102
85
94
102
76
91
95
85
95
92
90
95
87
95
98
80
102
82
88
93
81
97
94
83
96
80
83
95
82
89
93
81
101
85
95
106
81
94
90
82
100
83
90
98
73
90
86
73
90
74
81
88
79
93
99
83
109
86
90
97
77
95
92
80
95
82
84
89
73
85
90
75
96
85
85
88
83
94
90
82
95
83
83
96
74
94
100
70
92
77
77
91
83
91
91
82
98
84
89
101
74
94
102
73
93
86
84
86
71
81
76
71
93
83
85
99
76
100
98
79
97
82
84
93
81
89
89
74
92
75
81
92
72
86
92
83
97
89
85
97
80
94
94
84
96
78
83
89
66
91
92
79
89
81
75
94
81
86
88
81
96
82
90
96
75
92
87
75
88
82
80
93
81
91
90
93
97
87
88
92
84
94
97
79
95
83
76
92
79
90
86
82
93
85
79
86
71
81
86
73
94
81
83
94
82
99
86
85
91
81
84
89
78
99
92
78
93
79
81
90
82
102
85
81
94
80
85
90
72
83
86
81
93
83
88
94
82
89
88
77
97
79
87
89
75
96
85
80
91
84
85
91
82
89
89
77
97
80
91
96
71
90
89
85
98
82
87
87
79
92
97
75
100
79
89
94
79
97
89
80
92
81
75
100
75
89
91
76
97
82
96
96
85
100
106
89
107
88
88
104
78
94
91
77
90
78
87
92
79
99
91
83
97
76
86
100
74
93
85
82
96
83
86
89
76
81
88
79
99
80
86
95
83
97
91
85
91
85
83
94
83
91
88
77
86
73
75
88
74
92
93
84
99
89
95
105
81
97
86
86
96
78
85
92
81
87
93
73
89
81
88
98
77
96
82
86
96
82
94
98
78
92
92
82
96
83
83
90
78
87
86
87
99
83
86
97
78
95
102
82
94
81
90
92
78
91
86
83
91
84
85
99
79
103
92
91
102
83
97
93
87
98
86
84
93
86
87
99
76
95
91
82
87
83
92
97
79
95
93
85
103
87
90
99
74
97
84
85
96
85
88
97
75
84
89
86
97
78
90
98
76
94
91
81
89
81
83
94
88
97
89
85
100
78
90
96
76
96
88
88
95
91
91
105
83
101
92
93
102
85
99
98
81
95
96
81
91
84
93
100
83
100
90
90
98
87
93
100
81
93
95
86
98
85
87
94
79
90
87
93
93
84
85
97
82
94
98
88
102
84
98
96
86
99
92
88
90
82
87
94
80
96
87
89
99
83
93
99
87
96
93
95
95
86
89
98
79
98
87
86
91
85
95
96
85
95
96
87
98
85
95
100
77
97
84
87
97
85
83
85
74
82
84
83
91
81
91
95
83
107
91
92
94
87
86
93
80
94
90
85
93
76
93
88
82
94
89
88
100
88
89
95
81
97
87
90
95
84
94
98
85
97
85
85
97
80
95
104
80
104
93
95
104
85
98
93
85
91
84
80
99
77
89
89
78
93
91
96
96
88
97
98
85
105
91
87
99
79
95
101
78
95
96
84
92
85
88
94
82
101
92
87
105
84
94
101
83
97
92
90
95
82
85
96
76
99
79
82
88
85
90
99
81
94
96
83
98
83
92
92
80
97
85
91
99
85
98
94
86
90
93
88
98
76
90
94
78
99
89
89
92
90
93
101
80
95
91
91
97
79
88
84
83
93
90
93
96
85
89
94
82
94
91
88
92
82
91
89
88
94
86
83
85
80
83
98
74
92
83
86
91
90
91
92
86
96
90
90
99
78
94
87
74
90
83
91
93
83
93
92
82
96
86
88
97
78
95
95
83
93
87
87
91
89
88
90
78
99
87
89
100
81
96
92
87
96
86
84
97
76
86
92
81
95
84
78
86
76
86
89
82
94
89
88
104
91
98
87
81
97
81
88
90
81
85
87
76
89
82
78
95
79
90
95
85
95
91
92
89
82
89
97
74
96
86
88
97
77
90
84
78
91
87
92
95
86
92
96
77
99
84
81
93
80
87
88
80
88
82
78
87
77
92
96
81
100
84
87
92
84
86
83
80
85
83
85
92
79
88
85
72
92
82
90
94
86
92
96
78
95
88
91
100
80
98
91
85
93
88
94
94
84
88
89
80
95
90
92
95
84
91
87
85
94
83
81
87
78
87
90
81
93
82
86
89
78
93
86
82
88
83
83
97
79
91
93
83
94
82
93
91
85
96
84
79
97
78
85
92
77
94
91
85
95
83
90
93
80
93
88
78
92
85
86
96
70
90
81
76
94
79
80
86
76
83
89
80
104
82
86
89
84
98
94
94
100
81
81
91
74
88
92
78
97
82
91
100
79
94
87
85
96
88
88
98
77
95
85
77
94
79
87
92
77
90
97
79
94
88
84
96
76
95
88
79
93
86
83
91
71
79
78
67
89
90
83
92
77
94
93
89
99
88
86
93
72
82
88
76
87
77
76
87
76
87
87
81
89
85
84
99
81
94
92
84
95
88
86
88
81
94
90
87
90
79
84
94
78
92
93
83
94
87
84
90
83
87
86
76
84
77
83
93
70
83
81
78
90
89
86
91
80
91
90
86
96
76
84
87
77
94
88
82
91
82
79
85
77
87
91
81
97
83
96
94
85
92
94
84
99
90
87
94
81
92
87
83
93
72
84
91
80
92
90
82
92
82
85
86
75
88
76
74
89
78
88
90
76
87
88
75
95
90
90
90
78
94
89
89
97
82
85
100
76
93
92
83
99
77
84
93
70
91
92
78
91
82
87
94
77
94
88
76
95
84
85
91
77
92
87
82
89
75
79
90
75
90
82
73
88
83
83
92
76
88
88
79
93
90
95
97
76
90
81
73
90
80
80
91
78
91
91
87
99
79
84
94
72
95
88
81
92
82
81
90
70
87
85
81
91
84
93
94
80
93
93
82
94
89
87
94
80
96
86
79
90
75
78
88
78
90
87
86
92
86
92
101
79
99
89
89
94
83
87
88
73
86
81
73
96
81
89
93
78
97
86
85
97
83
88
91
78
