77
68
79
80
86
85
72
84
80
72
85
74
74
81
70
82
82
76
84
73
75
78
65
76
77
69
82
76
78
88
73
83
81
74
83
73
80
83
75
79
80
75
81
74
69
77
69
79
77
74
78
70
74
80
70
79
75
71
81
73
78
89
77
84
79
74
78
75
82
82
70
81
83
78
90
80
83
87
71
84
79
78
81
77
76
80
66
83
76
74
83
75
78
88
72
87
81
81
85
80
83
84
70
84
79
81
90
76
77
77
66
81
74
73
76
73
82
89
76
93
82
79
87
77
84
93
75
85
72
70
71
71
78
82
69
85
80
81
95
80
81
84
67
84
80
76
84
76
84
85
68
84
72
72
85
76
77
90
71
86
79
78
83
77
80
87
70
86
76
76
81
71
69
73
68
83
82
75
87
83
87
93
80
94
88
81
86
75
77
88
68
81
76
72
80
76
80
84
70
83
77
77
87
79
83
86
71
86
85
78
84
81
82
84
73
86
76
81
91
80
82
93
74
90
84
84
86
85
81
89
69
83
73
82
83
73
77
82
75
90
92
87
92
90
90
97
79
92
79
79
86
78
79
89
76
88
80
80
79
76
78
82
68
85
77
84
86
78
84
85
74
85
81
78
83
77
82
84
74
83
72
78
85
79
84
89
78
90
77
80
83
71
77
82
69
82
80
89
88
79
82
83
72
97
80
81
83
73
78
86
76
90
75
80
85
75
84
88
72
86
76
75
83
72
81
87
73
87
80
86
88
75
87
85
70
86
78
75
82
72
79
80
70
83
71
76
85
71
82
84
67
82
75
78
85
75
81
87
71
88
81
86
91
75
80
82
66
86
76
76
82
73
82
91
79
94
80
77
85
75
81
86
71
85
76
74
81
67
76
84
67
86
76
83
86
76
80
84
68
87
74
74
82
73
81
86
68
80
66
67
76
70
81
79
66
86
81
81
92
75
84
91
77
89
82
87
85
71
76
82
65
91
80
80
89
78
85
91
77
92
81
84
85
74
85
86
70
86
75
74
83
68
78
84
76
87
79
83
86
76
89
92
75
94
81
80
82
69
75
81
68
74
68
69
81
75
83
87
74
85
82
85
95
73
82
78
65
84
73
75
83
67
74
78
63
78
70
70
75
65
79
88
70
89
76
73
82
69
79
80
70
85
76
77
84
66
76
82
71
85
83
80
87
78
87
89
70
84
73
73
80
66
78
88
67
78
73
73
83
80
86
91
76
91
81
77
87
68
78
82
71
84
81
78
83
70
76
80
65
87
78
77
84
74
84
86
72
86
76
74
82
77
79
81
68
84
76
76
79
67
77
82
72
87
81
72
82
71
80
83
69
86
73
75
80
71
82
88
72
86
78
73
85
78
79
78
70
85
77
79
85
74
79
80
70
82
78
72
81
71
79
76
70
79
74
74
81
70
83
86
73
89
78
76
83
73
81
78
72
86
76
77
78
64
71
75
66
78
73
73
77
68
80
79
75
85
76
77
85
74
89
89
73
81
69
68
77
73
82
79
72
88
78
83
91
75
81
80
70
84
78
78
82
71
78
75
64
78
71
73
80
66
83
76
69
82
73
72
76
69
78
80
67
83
74
76
76
64
71
78
68
83
73
74
88
74
85
93
81
90
79
80
80
69
83
84
70
80
71
65
80
70
80
78
68
81
72
82
86
71
79
84
67
86
66
75
89
72
81
79
72
80
79
78
86
73
89
87
75
88
80
77
87
70
81
75
70
76
72
72
78
72
70
78
72
90
78
77
87
73
83
84
68
74
71
66
80
66
81
79
74
78
69
70
80
69
79
82
70
86
80
78
86
72
79
77
72
83
74
77
80
70
77
80
67
75
73
68
82
72
86
85
72
81
73
72
79
63
73
73
63
73
71
79
79
70
87
79
78
93
83
81
87
73
91
86
75
85
75
83
84
75
87
83
76
82
75
73
80
70
81
78
70
75
78
81
82
72
79
80
69
86
67
72
82
67
83
82
70
75
67
73
81
72
79
80
67
86
70
76
88
65
79
75
75
85
83
80
84
67
79
73
73
84
75
79
81
69
84
87
76
83
73
74
86
73
84
84
73
82
70
76
75
66
80
84
71
84
79
77
85
72
87
78
76
86
67
76
83
69
81
80
67
75
67
70
78
70
76
69
70
84
76
81
84
77
79
81
74
86
76
75
74
68
72
67
76
81
76
73
83
71
83
85
76
85
74
77
76
74
80
81
65
83
72
74
78
66
81
80
74
85
75
81
82
76
85
77
68
70
72
79
64
97
-75
-208
-203
-465
-463
-464
-466
-465
-463
-465
-466
-461
-465
-462
-462
-465
-462
-462
-463
-461
-463
-463
-463
-464
-463
-463
-463
-464
-464
-464
-463
-464
-464
-464
-465
-464
-465
-465
-464
-467
-465
-467
-465
-468
-469
-472
-471
-469
-468
-466
-465
-463
-463
-453
-423
-367
-337
-291
-268
-239
-207
-185
-158
-137
-123
-104
-84
-72
-52
-26
-28
-12
-5
7
12
21
28
33
28
37
36
40
49
49
55
53
53
57
53
65
66
76
69
77
75
84
81
81
81
77
79
80
77
76
78
78
78
77
73
76
70
79
76
78
79
74
79
77
76
75
74
71
67
62
65
73
74
81
72
73
65
68
69
74
66
60
62
63
59
57
59
58
54
51
50
52
50
53
49
53
46
42
44
40
42
40
42
40
44
45
44
38
38
39
35
43
31
36
33
38
32
30
33
23
28
35
29
35
32
24
35
28
22
36
23
35
32
24
32
36
28
45
32
25
34
17
34
36
19
39
24
35
37
32
35
39
24
46
37
34
43
28
44
44
25
43
34
35
44
38
40
46
35
51
44
49
58
39
56
61
47
54
50
47
65
56
53
58
39
62
52
55
65
51
63
68
61
77
80
72
83
71
77
82
73
86
77
75
78
68
77
86
75
87
83
79
95
87
93
98
72
93
88
86
93
85
90
100
77
93
90
78
93
80
94
93
90
101
92
93
102
85
94
105
88
107
96
91
104
91
94
94
79
96
100
99
109
102
102
111
98
114
107
100
107
96
102
104
99
103
104
94
107
92
105
108
93
116
102
103
107
106
107
120
98
115
110
112
115
103
109
112
100
116
108
107
112
110
114
119
107
119
109
110
120
107
117
109
105
110
103
102
108
104
106
111
99
116
108
120
120
109
118
120
113
125
120
109
116
106
121
117
108
121
110
109
114
104
109
113
106
116
116
110
125
111
121
118
106
114
108
111
117
106
112
117
104
124
107
104
117
102
119
118
112
121
114
111
115
106
112
113
101
120
112
112
122
110
117
118
110
117
123
120
124
108
113
112
102
127
111
108
114
104
114
123
105
116
114
107
115
100
114
117
104
118
107
107
119
104
108
118
106
115
108
110
119
104
113
113
101
117
109
100
110
103
107
118
99
112
103
99
111
105
108
109
102
108
109
108
119
100
105
110
92
107
99
101
103
95
105
110
98
108
104
98
107
96
102
109
97
110
101
97
100
94
98
100
95
102
94
96
106
89
105
98
89
101
95
92
96
89
98
100
87
98
83
84
90
79
92
97
85
96
93
92
102
95
103
101
88
105
89
96
94
84
90
83
78
83
92
86
91
80
85
92
83
91
82
87
86
79
88
89
79
88
82
79
83
71
80
75
71
89
76
78
82
71
76
80
71
85
77
72
79
60
71
70
67
71
59
55
56
57
68
75
63
76
74
76
74
69
76
69
61
62
55
59
64
56
61
63
46
61
58
56
60
49
60
66
65
68
65
62
67
54
62
62
46
65
58
60
58
49
52
50
46
60
47
54
59
45
57
55
45
53
50
42
45
37
46
53
50
59
50
45
49
41
59
55
45
52
53
46
54
46
51
51
42
56
45
51
52
39
51
44
38
45
47
47
56
41
54
52
49
56
47
49
50
45
54
52
48
51
50
46
54
37
48
44
44
53
46
50
43
43
44
44
41
50
39
40
52
35
49
42
47
52
47
44
47
42
55
51
40
51
42
54
61
50
63
52
49
55
49
49
50
45
52
50
40
56
42
49
53
42
46
50
47
55
50
51
54
43
59
51
42
55
46
53
55
41
50
42
36
53
41
46
53
43
55
49
53
66
52
53
53
45
54
58
45
59
42
45
46
37
60
58
54
64
58
57
72
57
64
61
48
65
60
59
65
56
62
59
50
62
51
55
67
55
65
74
62
69
63
65
72
60
65
66
59
65
60
55
72
49
61
53
54
68
72
71
75
65
77
76
73
87
76
73
79
63
72
74
68
75
66
68
73
60
72
75
66
77
70
71
84
66
85
77
72
77
77
75
80
57
75
75
71
80
64
72
79
69
78
83
80
82
77
81
86
73
78
75
64
79
69
75
82
68
79
75
77
89
88
86
94
79
92
86
85
91
76
76
82
74
84
89
80
89
77
84
82
69
84
79
78
87
82
91
90
76
87
84
76
88
83
84
87
76
82
86
86
88
76
83
91
79
93
89
83
94
82
90
94
84
93
84
81
93
85
91
100
75
99
85
88
106
90
95
94
81
94
89
94
100
81
94
96
78
97
87
88
97
85
92
102
80
98
92
92
101
88
102
102
87
107
99
90
104
94
96
85
85
97
95
93
89
94
101
84
103
91
92
99
87
98
101
86
107
98
92
107
99
107
109
92
107
96
86
107
95
96
105
89
114
101
100
106
100
96
102
93
112
101
96
110
99
96
103
85
104
99
97
103
97
107
106
89
111
102
93
109
98
97
105
93
108
102
98
97
85
96
101
85
109
94
96
103
98
106
111
99
111
105
103
111
102
105
107
91
107
97
94
114
101
103
108
96
109
104
102
107
100
97
107
94
114
102
100
105
100
102
106
90
107
98
99
105
97
105
111
97
112
104
104
116
100
103
111
93
111
103
98
99
87
97
105
92
115
99
105
117
106
110
121
98
110
100
98
105
97
104
108
93
111
97
94
111
96
101
110
92
113
103
104
110
98
100
109
92
115
101
100
112
101
102
111
92
107
100
102
111
106
108
116
100
116
110
102
115
99
99
104
90
106
97
96
106
92
101
110
100
117
106
104
113
100
104
113
95
108
99
99
107
103
103
111
99
107
101
99
109
102
105
114
99
112
114
107
117
106
106
113
101
111
101
101
109
100
102
112
93
111
106
103
112
105
105
114
97
108
102
103
105
95
106
111
95
113
109
108
112
103
101
110
104
112
102
105
109
99
106
117
101
108
102
104
104
103
102
111
100
107
100
102
103
97
101
107
93
111
104
102
106
99
103
108
98
109
98
101
106
100
106
105
92
106
97
100
106
101
99
106
91
109
103
104
107
99
106
112
99
117
108
108
107
92
102
102
97
109
98
102
107
96
110
112
98
110
101
104
109
101
104
110
100
109
103
106
104
96
106
110
94
115
109
102
115
105
110
112
101
111
100
102
107
96
109
106
83
99
90
93
105
91
104
103
94
111
101
108
109
97
101
107
93
112
99
96
100
87
96
95
93
109
98
96
102
96
106
108
94
109
100
99
106
96
105
107
94
109
94
98
94
95
100
106
93
115
102
101
110
99
104
108
93
109
96
93
100
88
98
91
83
96
86
94
105
95
104
104
95
112
100
103
102
93
104
101
91
110
96
97
99
89
100
102
94
110
98
100
104
101
109
106
96
110
100
98
108
95
105
101
90
107
96
96
96
91
104
99
90
110
95
101
104
94
106
100
88
104
88
95
99
90
107
98
90
105
93
104
108
93
104
101
94
107
99
100
99
91
103
101
92
110
97
100
103
88
102
99
87
109
94
101
105
99
105
104
93
111
92
99
102
84
102
100
89
111
96
91
100
83
100
98
89
110
92
98
97
82
99
94
85
103
90
98
101
95
107
104
88
105
87
100
103
85
102
97
90
107
99
94
105
87
100
97
90
106
91
98
98
86
93
101
83
105
91
95
105
94
102
102
91
111
97
98
104
91
105
101
91
109
94
95
98
82
101
96
87
99
89
95
99
90
107
104
94
110
97
100
105
94
104
100
85
101
87
99
100
88
103
98
92
108
97
99
102
88
100
97
93
104
90
98
101
88
102
91
85
102
91
93
102
89
101
98
89
106
87
104
99
82
101
92
89
104
88
91
93
78
96
94
95
109
90
106
103
93
117
104
94
106
94
99
98
86
103
97
83
97
84
98
100
89
104
102
91
114
94
100
101
84
103
97
91
108
90
98
95
87
98
91
82
101
87
92
100
83
102
93
88
105
87
96
92
81
90
90
78
100
80
89
95
83
100
104
93
106
93
101
102
90
111
99
84
104
89
97
98
84
101
100
87
101
85
94
100
83
100
96
85
109
90
99
99
85
101
96
85
103
79
94
105
83
102
95
83
100
90
94
104
92
101
96
87
103
86
94
99
74
99
95
91
109
95
99
100
82
98
96
90
102
86
97
96
90
104
94
79
98
89
90
107
83
101
92
95
98
84
87
93
88
98
95
93
103
85
89
104
80
99
92
90
99
87
91
95
85
94
88
77
95
81
87
98
75
95
89
88
100
90
94
99
87
108
96
88
109
86
93
94
79
102
90
89
98
86
91
97
86
103
96
86
102
82
96
97
87
100
96
86
104
90
89
99
81
102
89
90
103
93
100
99
85
98
97
85
102
83
93
102
83
97
79
75
89
81
88
93
87
100
99
90
110
96
94
105
83
99
93
89
102
89
88
98
77
97
93
89
102
86
97
97
87
100
104
88
101
90
97
103
85
106
96
83
100
85
87
96
81
97
95
93
104
81
94
105
81
101
92
88
97
83
90
97
88
91
89
85
99
91
105
105
89
106
96
95
105
97
91
101
89
102
92
90
103
87
91
97
81
99
95
90
101
92
98
107
90
107
97
99
100
90
97
96
89
101
96
92
103
91
91
101
81
105
93
100
99
95
99
99
88
102
93
89
98
86
90
108
90
105
90
99
97
94
106
100
87
111
98
92
109
93
98
98
85
106
92
101
99
93
95
101
79
108
91
94
107
92
104
102
91
113
96
90
102
90
101
100
81
106
94
98
99
84
94
97
85
102
93
95
103
87
95
104
82
111
96
96
105
99
102
111
94
105
93
91
100
86
101
102
82
106
95
101
105
97
97
102
89
109
97
94
109
94
105
103
86
106
99
96
104
92
96
108
88
113
103
99
104
93
105
98
85
101
95
99
102
82
91
98
79
104
92
96
99
91
105
109
100
109
102
99
107
96
95
109
89
106
90
92
94
97
93
104
89
104
96
92
112
91
99
96
86
103
95
96
96
94
98
101
84
104
87
97
100
89
100
105
93
106
98
98
101
96
101
105
85
104
91
95
101
83
92
87
89
102
99
93
104
95
100
101
90
105
89
96
92
90
89
99
85
102
90
88
94
89
98
98
86
106
88
98
100
92
97
94
90
101
97
90
100
88
101
95
93
99
81
92
101
85
93
101
83
109
91
96
100
90
94
93
84
96
82
92
105
81
90
93
84
107
93
95
98
86
95
97
92
103
89
86
99
83
94
96
85
109
90
91
93
87
91
100
83
103
95
95
107
89
101
93
86
102
88
92
98
85
96
98
83
100
77
87
99
85
102
92
87
98
84
87
94
86
90
99
76
101
92
100
96
89
97
89
86
99
93
89
97
81
92
99
84
101
83
93
92
91
100
95
81
98
87
85
99
79
95
98
86
100
88
103
95
93
101
99
88
103
90
91
99
83
95
93
93
94
84
85
93
86
89
92
79
95
88
91
101
84
97
89
91
101
90
98
96
81
91
91
78
96
81
89
92
84
99
91
88
97
84
86
91
80
91
91
83
93
82
90
90
78
86
90
80
97
82
91
94
80
97
87
83
98
77
87
91
79
87
94
73
87
71
76
87
76
97
89
85
96
87
93
104
83
93
95
80
96
81
92
92
78
87
90
78
97
83
85
99
79
97
97
82
100
81
91
94
83
94
97
78
93
86
78
100
73
91
94
85
100
89
93
95
87
97
96
78
101
75
83
92
77
89
92
79
91
87
83
96
89
96
97
82
102
87
93
102
75
95
92
83
92
94
88
97
73
85
90
72
96
82
89
90
84
98
96
83
96
86
83
93
81
89
84
83
94
87
87
92
77
87
93
83
95
95
90
99
78
94
91
80
91
81
78
90
82
94
101
79
96
82
90
96
86
97
87
86
96
88
90
96
76
91
93
82
95
85
88
91
79
91
83
77
91
86
85
93
78
87
93
80
93
81
87
90
83
86
88
79
96
82
82
87
75
87
89
81
98
81
81
86
78
89
91
80
96
85
90
99
76
99
90
87
94
83
79
87
85
88
89
79
101
85
96
94
85
96
88
88
94
89
86
99
80
92
93
83
97
80
88
88
79
91
89
86
97
88
83
101
80
94
90
83
100
84
93
90
76
77
88
79
90
81
83
99
80
98
90
92
98
92
91
95
87
93
94
77
90
84
78
91
83
94
90
87
95
91
92
97
73
91
97
78
99
84
89
96
80
91
87
79
84
87
87
93
83
97
91
89
100
83
89
94
85
92
89
84
87
83
83
85
71
84
86
82
100
86
89
99
86
101
99
89
97
82
86
92
80
97
85
85
91
84
82
93
86
95
94
85
95
88
101
97
84
99
88
90
100
83
88
95
83
86
90
83
86
80
90
94
78
94
88
83
92
84
82
92
71
84
78
78
86
80
86
89
77
84
87
85
108
88
92
97
76
97
88
86
90
81
82
91
81
95
91
81
92
77
83
85
76
96
83
86
92
88
87
97
79
91
91
83
103
83
92
96
79
92
96
78
86
86
88
96
77
94
97
80
92
80
85
92
77
86
86
84
93
88
88
95
76
90
84
82
92
84
81
88
77
88
97
78
91
84
81
89
76
90
84
79
85
80
78
87
78
86
83
75
88
86
84
89
79
90
85
81
88
79
80
88
79
88
86
81
84
77
80
84
78
84
81
87
85
80
85
93
77
92
87
84
94
93
91
87
74
84
82
84
89
81
83
92
79
95
92
88
89
88
80
95
88
96
85
90
91
82
86
87
77
101
83
89
94
94
90
96
79
91
86
92
94
82
89
91
79
89
83
76
79
76
82
91
81
94
84
86
95
88
97
94
81
97
85
83
95
87
87
