76
78
83
76
81
79
74
79
72
76
71
70
75
75
79
75
71
76
77
76
81
84
82
83
78
83
77
80
82
78
78
81
72
76
84
77
83
76
79
75
74
83
78
76
81
83
81
87
78
82
78
77
77
77
78
81
79
82
77
76
84
74
75
80
72
83
82
78
80
72
75
73
74
75
79
74
83
78
82
91
73
81
69
78
77
79
75
76
75
80
80
81
88
81
83
86
75
83
83
78
80
74
71
83
77
85
86
79
86
79
85
84
78
88
84
80
83
80
76
87
76
85
79
79
79
69
76
80
71
76
80
81
85
77
82
89
84
90
84
83
85
83
87
86
76
76
76
73
82
78
76
82
73
85
82
90
85
82
78
83
70
82
83
80
89
78
77
79
71
79
79
79
80
81
83
87
77
83
78
75
81
76
78
81
77
81
76
75
69
63
64
79
71
84
79
88
88
86
84
93
83
83
85
77
80
75
89
82
72
77
69
76
82
81
81
82
76
83
84
81
81
75
80
83
77
81
79
79
81
79
72
81
68
83
79
78
81
77
89
84
75
85
79
78
82
77
73
76
65
75
68
71
71
66
73
81
82
87
82
82
83
84
82
86
71
83
75
76
76
76
79
88
73
77
74
71
85
76
79
83
71
85
85
86
83
76
77
82
71
82
73
76
84
75
77
85
69
80
82
80
83
85
83
90
79
89
82
76
81
77
78
82
80
86
92
84
84
83
80
88
79
89
79
78
80
78
79
91
73
78
82
78
84
80
80
83
73
77
73
70
80
80
77
83
81
84
87
80
86
79
81
83
76
83
80
78
77
80
76
84
70
79
80
76
80
75
71
75
73
78
80
74
80
77
79
86
75
86
88
79
79
73
74
77
77
79
78
76
79
79
78
90
74
83
74
81
79
82
78
86
77
77
80
73
81
77
81
81
74
83
83
85
84
84
77
83
78
87
76
78
83
77
81
77
69
75
72
72
69
81
76
82
75
88
81
82
78
74
81
82
75
78
79
71
73
68
69
79
73
85
79
80
83
76
79
82
77
76
78
74
81
77
78
77
71
80
74
77
76
75
75
79
75
82
82
76
84
76
78
80
77
78
78
73
74
71
69
72
59
66
73
71
79
76
78
84
76
79
85
80
78
68
71
77
67
79
74
73
76
72
69
77
78
78
80
79
84
80
84
89
81
85
81
78
77
79
75
85
75
75
75
75
77
74
76
80
74
85
80
79
79
83
75
81
71
74
69
73
76
71
77
76
72
72
77
83
81
82
80
87
75
83
78
79
76
73
75
80
77
82
80
76
75
69
66
79
73
83
77
79
81
79
78
81
77
77
80
77
82
75
80
84
76
83
73
77
72
77
79
82
77
83
81
75
75
68
77
77
71
77
75
76
78
78
78
75
70
80
79
78
85
71
76
76
75
79
82
81
87
77
79
82
71
86
79
79
80
72
77
78
75
79
76
71
79
74
82
77
77
83
79
80
81
75
75
79
75
79
80
70
72
68
75
75
67
74
78
77
78
76
80
86
75
84
86
81
88
84
86
82
75
74
73
77
83
79
82
88
79
88
88
86
81
80
78
82
79
83
85
81
81
74
71
77
71
84
78
79
80
87
83
84
79
80
78
79
82
74
76
78
66
77
73
68
65
70
76
80
78
81
81
82
86
81
85
88
82
87
84
84
81
87
82
83
72
80
78
87
86
80
82
80
82
83
87
85
82
80
81
84
80
83
76
80
79
74
72
73
74
78
79
77
80
81
83
85
80
89
76
81
80
73
74
72
70
76
73
69
74
67
80
81
82
91
80
86
86
82
87
81
75
78
77
75
78
75
83
78
74
77
71
80
88
78
83
85
84
92
87
87
90
76
80
79
81
82
79
78
85
70
78
71
67
82
77
81
82
80
83
83
79
83
72
76
77
69
75
79
76
84
81
78
77
73
80
86
81
85
85
76
83
75
85
80
76
81
80
77
80
75
78
79
69
79
72
80
82
75
83
79
78
84
80
79
82
71
78
81
74
81
80
80
83
76
81
79
74
83
79
79
85
76
77
79
72
84
80
83
85
82
83
85
77
94
83
81
83
70
78
80
78
79
80
85
83
79
87
85
76
80
75
80
85
77
84
80
79
78
72
79
79
74
79
80
77
86
80
82
84
73
75
80
78
80
78
79
81
71
80
71
65
75
72
78
85
77
88
83
83
87
85
84
88
79
85
81
79
87
76
77
77
67
78
82
77
81
77
78
83
77
88
82
75
83
79
79
88
76
79
79
72
76
74
74
85
76
83
80
76
83
80
82
75
75
78
85
82
77
106
-51
12
-83
-434
-439
-458
-465
-464
-467
-468
-466
-463
-465
-461
-461
-463
-462
-462
-463
-462
-463
-462
-462
-463
-462
-463
-463
-463
-463
-463
-463
-464
-464
-464
-464
-463
-464
-464
-464
-465
-465
-465
-465
-466
-467
-469
-470
-471
-469
-468
-467
-466
-465
-463
-462
-439
-393
-357
-314
-287
-257
-225
-198
-180
-148
-135
-110
-86
-79
-65
-52
-37
-18
-10
0
11
20
25
27
31
43
32
44
45
53
52
62
60
62
59
60
58
64
74
76
72
78
79
81
85
83
80
84
81
83
84
83
78
80
79
78
75
80
74
78
78
80
77
82
81
77
75
76
74
73
71
71
68
71
71
73
76
72
68
70
68
73
71
67
62
56
55
60
60
61
58
59
54
55
51
56
50
51
43
43
39
45
42
44
41
41
44
47
44
45
43
39
34
36
37
33
31
39
31
36
33
30
30
33
27
35
27
32
26
27
30
34
23
34
29
30
35
30
35
41
35
34
26
28
29
27
34
33
25
37
33
31
42
34
30
40
30
40
34
33
37
37
32
39
30
46
44
41
48
45
44
57
47
56
55
56
53
55
58
62
53
61
61
60
61
53
52
57
55
62
61
66
73
72
71
87
80
85
82
81
79
78
78
83
77
80
78
77
75
80
82
88
82
89
93
90
100
92
91
93
85
95
94
92
90
92
93
96
84
94
92
95
99
91
97
102
93
104
101
100
97
97
98
97
94
104
98
99
98
93
99
96
95
111
110
106
109
112
113
115
113
115
108
105
107
105
106
115
103
108
103
100
102
106
110
113
105
115
112
110
118
115
116
117
115
121
120
118
120
115
115
118
108
116
112
114
120
116
117
120
109
120
113
117
112
111
111
111
105
111
109
112
111
106
111
114
112
123
126
117
118
117
118
123
116
120
115
114
117
111
114
121
110
123
120
111
112
117
113
120
113
121
119
121
124
118
121
120
113
118
120
116
117
118
116
120
114
119
109
114
120
116
117
122
113
119
118
116
113
113
112
115
110
118
119
121
121
117
115
115
114
119
119
114
115
112
116
122
117
121
114
110
115
111
114
116
111
118
112
110
108
104
111
115
110
114
114
117
115
111
114
111
107
114
112
109
112
106
109
107
103
105
103
108
108
108
110
105
104
110
104
110
114
110
113
113
107
115
111
117
112
101
104
100
95
111
105
101
105
99
104
106
103
108
99
98
101
93
108
102
95
107
95
100
98
90
102
99
91
105
94
104
98
94
101
94
94
103
91
92
96
87
95
96
82
90
81
85
89
87
91
89
86
95
93
93
99
82
88
92
80
87
84
85
82
74
77
79
70
85
78
77
84
78
82
88
76
84
78
75
78
73
79
81
70
78
71
68
74
60
65
74
66
72
71
73
74
67
69
70
61
69
64
61
59
50
53
58
47
48
51
52
57
56
62
63
58
64
65
62
66
60
59
57
53
57
59
57
62
50
54
56
45
59
56
53
56
52
59
64
59
60
56
55
57
50
53
52
45
55
52
48
54
44
51
53
47
53
54
55
58
52
58
56
45
50
46
45
46
43
46
61
46
53
48
48
58
54
53
56
49
53
52
49
56
44
52
48
43
53
52
49
53
44
47
46
38
59
49
49
52
47
55
59
47
60
49
46
49
50
51
50
44
53
47
46
41
35
46
49
43
51
52
45
49
36
44
43
34
48
42
45
50
45
52
55
46
51
49
42
52
50
48
56
42
54
50
50
57
48
53
48
42
48
48
42
50
39
45
46
38
47
47
46
47
42
47
51
44
54
56
45
53
49
50
47
42
50
48
46
47
40
39
47
39
45
42
40
48
38
52
56
56
57
57
52
57
48
55
58
46
52
44
42
51
53
53
56
56
58
59
61
63
54
57
58
52
62
58
59
61
59
59
59
56
53
53
59
60
54
63
62
61
66
65
54
62
62
62
65
62
63
62
62
57
52
52
61
61
67
72
74
80
72
73
82
76
81
74
76
74
67
77
71
69
70
66
65
75
70
73
77
70
77
72
81
80
77
77
78
74
90
79
77
82
72
78
76
73
82
75
79
80
75
82
80
75
81
80
77
82
69
79
72
68
72
71
71
69
70
72
76
74
89
81
80
78
79
88
85
82
81
80
77
86
75
88
90
80
85
77
80
85
77
87
79
85
89
89
86
94
84
92
90
83
94
88
86
89
84
87
91
87
86
88
88
96
84
101
95
93
94
98
86
94
83
87
92
92
99
98
90
96
81
93
94
96
96
99
90
100
83
97
98
90
98
90
94
98
90
98
94
96
90
92
92
100
89
101
97
94
101
99
97
97
96
98
99
105
99
95
94
103
88
98
96
90
94
97
91
99
94
97
94
95
100
97
105
104
96
101
98
104
104
111
102
106
97
97
98
95
104
96
97
102
99
108
110
109
105
103
100
107
99
100
106
105
105
98
101
99
98
105
99
101
104
109
102
105
96
108
100
102
105
99
102
106
101
106
102
97
98
91
98
103
94
108
102
106
108
107
111
109
106
111
108
104
112
109
107
100
93
106
98
107
106
103
103
111
103
107
110
103
107
103
105
109
105
107
105
107
106
103
105
107
99
109
102
106
113
110
111
112
107
112
108
111
110
104
100
109
99
108
102
96
100
102
103
110
108
112
114
111
119
120
118
118
104
112
103
103
105
105
104
108
95
107
102
107
111
105
105
109
112
117
109
111
108
107
105
112
105
105
104
104
108
100
107
100
96
105
104
103
108
107
105
114
105
109
102
108
103
100
103
101
102
110
105
103
103
100
107
116
106
112
108
115
109
105
116
106
98
104
105
103
112
106
105
111
102
107
99
112
110
110
109
115
107
118
111
111
113
108
112
114
108
112
103
108
107
105
102
105
96
112
106
108
111
102
108
107
100
103
102
102
99
99
100
108
100
116
105
109
106
98
105
116
101
104
104
103
111
105
112
119
103
113
105
111
111
104
109
111
101
108
103
99
110
101
104
108
100
110
110
108
111
102
103
115
101
107
109
104
110
102
105
103
94
110
103
102
109
101
104
110
101
111
109
105
108
99
107
109
108
113
112
103
105
90
101
110
99
107
103
104
108
112
112
114
106
110
111
108
116
109
113
115
102
108
109
104
108
111
110
115
107
114
112
110
113
107
109
112
107
110
105
99
102
104
95
105
88
102
97
107
103
98
104
104
102
113
117
110
110
107
103
111
104
108
100
102
99
98
96
107
102
105
105
102
105
107
107
107
99
110
100
110
107
106
105
109
99
108
107
99
103
98
106
105
106
113
104
106
107
102
102
106
96
100
99
98
97
93
99
95
91
99
101
103
112
105
105
110
105
115
110
102
107
97
102
100
100
105
104
94
103
92
101
101
93
110
100
102
105
103
105
110
97
105
103
105
110
100
105
110
96
106
102
94
105
100
99
108
100
106
105
98
101
99
102
101
90
101
94
97
101
98
89
103
90
103
102
108
105
99
103
103
95
109
105
97
100
97
98
103
95
105
96
96
97
95
99
101
100
100
104
99
108
103
103
106
95
107
99
101
97
98
95
107
93
105
98
94
102
97
102
103
97
101
99
103
97
97
97
96
86
98
91
100
102
98
97
96
90
94
100
94
96
89
94
105
90
102
93
100
96
89
96
96
93
99
99
93
96
86
101
95
98
100
93
103
103
98
101
102
97
96
102
97
102
92
105
101
95
103
93
93
94
98
95
104
89
97
92
94
101
91
103
100
98
103
101
99
106
98
95
99
86
96
94
99
101
89
100
98
93
103
98
92
97
89
99
95
90
101
92
100
93
93
93
94
91
96
92
95
102
91
101
99
91
97
96
94
97
90
94
104
93
101
97
84
90
86
94
96
81
95
93
98
95
103
95
102
88
100
90
92
99
88
93
89
82
85
96
88
94
95
95
98
87
100
90
93
91
94
92
98
87
94
98
92
96
91
90
88
83
98
89
96
92
97
91
98
85
92
98
87
92
84
89
90
89
84
82
82
78
86
92
98
89
98
95
96
98
96
96
88
93
94
91
92
92
91
94
90
86
93
92
92
99
89
96
91
96
93
100
93
96
88
100
93
88
92
89
93
94
93
95
89
91
95
95
96
94
93
103
95
97
93
89
90
87
83
86
88
88
90
87
89
93
88
101
95
94
102
92
96
99
93
97
87
87
98
87
102
103
93
100
92
94
93
87
91
92
90
94
96
91
102
94
100
94
92
99
94
91
95
94
95
98
86
93
93
90
101
92
102
95
93
96
91
93
98
86
89
95
88
97
90
97
98
86
95
95
94
103
97
90
99
82
94
102
92
99
92
95
95
94
98
94
93
98
91
88
99
88
95
99
89
97
93
100
94
97
94
103
94
103
99
89
100
92
98
100
91
96
90
89
98
93
96
93
87
95
96
95
98
90
93
94
90
99
100
104
102
94
93
97
83
100
92
96
92
100
100
102
93
103
96
94
98
94
94
100
89
100
90
94
98
84
92
96
85
100
96
94
98
92
99
97
87
104
91
97
95
98
96
106
87
93
88
84
89
87
90
92
88
99
93
96
98
93
100
100
90
101
97
93
95
91
92
96
83
101
96
93
102
93
102
105
90
103
96
94
102
99
95
99
87
99
93
88
98
85
89
100
86
101
97
92
98
93
98
102
90
103
95
93
96
87
92
99
79
90
91
89
96
96
96
102
92
109
102
98
103
94
95
100
86
95
96
90
99
89
93
100
88
99
92
97
94
99
96
104
94
106
100
93
101
98
89
103
90
103
97
96
94
94
90
100
88
101
96
92
100
94
95
101
86
93
90
89
88
89
92
97
82
94
94
87
95
101
96
102
95
104
96
97
97
92
94
101
87
100
94
96
94
95
93
92
89
94
96
92
97
91
96
97
88
98
96
90
96
92
92
96
83
96
89
91
89
87
84
91
88
95
90
88
94
88
87
93
87
94
88
90
92
90
100
97
92
101
94
90
98
92
93
97
82
95
96
93
99
92
95
97
87
99
88
92
98
91
91
95
86
92
92
92
93
89
96
94
91
99
91
89
95
91
88
95
87
96
89
92
92
84
81
91
82
93
87
85
89
89
89
100
86
96
91
96
97
93
98
101
88
96
84
84
93
91
93
96
84
96
91
96
96
91
91
101
88
101
89
91
95
92
92
96
82
88
93
91
94
93
93
101
88
96
94
96
94
92
91
94
84
92
93
88
88
81
79
88
82
91
87
86
89
90
94
105
92
95
97
91
93
90
90
93
89
89
89
85
93
92
90
96
85
94
98
94
97
93
92
96
84
97
88
91
96
89
91
99
84
89
90
92
94
92
93
98
87
97
91
94
94
89
93
92
83
91
94
90
86
84
81
90
88
98
92
96
94
94
100
99
90
97
88
91
93
93
93
97
84
94
88
88
86
86
93
94
86
96
95
93
96
86
92
92
88
95
90
90
94
88
94
93
80
88
89
90
95
93
93
93
89
96
88
92
90
84
86
88
78
87
95
87
90
86
87
90
89
96
89
92
91
87
88
92
84
89
91
85
89
89
87
92
84
88
87
84
83
84
88
94
87
94
96
89
97
88
93
92
89
94
91
86
91
88
92
92
84
89
85
87
91
89
86
93
83
90
89
91
90
88
90
88
87
94
94
93
91
87
88
85
87
87
87
88
90
91
93
89
88
91
87
87
90
86
88
92
86
91
87
89
83
81
88
91
84
89
88
85
86
85
87
84
86
88
85
87
88
88
93
89
81
85
80
85
86
82
86
82
85
91
88
98
88
89
94
94
89
98
86
88
88
82
86
82
85
93
90
87
90
87
93
92
89
95
88
90
94
85
88
88
86
94
87
87
85
81
90
88
84
97
85
90
99
87
96
90
89
91
88
86
89
84
93
84
77
86
77
82
91
86
89
93
93
101
97
97
97
87
97
90
88
97
87
93
95
85
84
91
84
91
93
90
96
85
97
91
90
96
86
86
97
83
89
92
88
95
87
86
87
79
90
91
84
97
91
94
95
88
96
95
91
94
90
85
87
83
87
86
79
83
84
87
100
86
96
89
85
93
91
90
90
82
86
88
81
91
87
88
90
82
89
89
79
89
91
90
90
89
92
92
89
96
85
92
97
83
91
92
85
95
93
92
87
80
88
91
88
93
88
93
92
83
86
90
77
81
81
80
83
86
94
90
80
87
81
86
94
88
87
89
83
88
90
87
90
80
87
86
83
95
82
89
91
83
86
87
76
82
83
87
90
84
94
89
85
93
86
83
87
81
83
85
80
91
85
80
85
70
82
85
85
87
83
83
86
80
88
85
81
90
83
85
91
87
93
84
84
85
82
81
90
81
89
76
81
91
87
87
92
85
88
90
87
90
87
83
91
81
89
85
77
89
88
85
87
84
87
90
88
95
94
89
94
85
89
87
82
87
92
84
84
66
79
84
79
83
78
83
88
88
93
95
86
90
90
89
93
90
89
88
81
85
81
83
85
82
85
89
87
95
91
89
97
78
87
88
82
88
82
86
89
86
93
86
75
83
80
91
92
83
86
89
87
91
89
98
85
84
91
86
80
90
82
76
78
67
74
80
83
84
86
85
91
86
91
92
82
88
82
83
86
79
70
80
76
78
78
77
86
80
90
88
84
99
82
88
94
88
88
91
86
83
87
85
92
80
94
86
84
87
84
88
94
84
86
85
83
95
88
88
86
73
85
80
78
83
80
81
92
77
84
89
86
94
90
91
101
83
95
89
88
85
82
84
94
83
91
87
86
91
86
86
89
85
89
90
89
94
92
88
97
82
88
93
86
90
89
90
94
89
87
