88
88
84
90
83
78
88
71
82
74
79
85
79
81
84
70
82
85
82
88
77
79
85
77
85
78
79
77
73
75
88
69
84
81
80
81
78
78
81
75
87
80
84
87
80
86
91
82
88
88
81
85
78
86
87
84
90
82
80
81
77
85
92
76
88
82
81
84
80
83
83
73
90
83
83
90
82
87
88
76
84
79
80
84
75
85
85
78
93
82
82
85
78
84
85
76
86
82
84
86
79
79
78
72
86
79
87
87
79
86
88
79
88
83
80
85
74
85
90
85
90
78
80
77
74
84
87
72
89
85
83
93
91
89
94
83
98
83
92
92
79
85
83
70
87
78
79
87
78
84
88
79
89
82
88
88
79
88
90
75
89
82
82
86
76
83
80
74
91
81
86
86
80
85
90
77
95
83
81
84
76
79
84
73
83
74
71
74
67
81
84
72
88
84
86
94
86
89
85
74
82
75
77
81
77
86
85
72
90
74
80
84
75
83
88
80
89
84
85
84
79
88
84
76
89
80
83
89
74
78
78
71
84
82
79
82
75
84
85
75
92
72
72
77
69
76
79
73
85
75
77
82
75
93
93
84
92
83
83
92
77
84
81
75
84
80
85
85
74
84
83
69
87
73
80
85
75
85
86
80
88
78
81
87
76
81
81
72
84
73
77
87
67
74
73
66
85
79
77
81
65
77
82
72
90
71
77
85
72
82
88
77
94
78
84
84
69
82
80
68
83
73
80
90
73
86
84
73
89
83
80
86
77
86
87
72
86
70
75
84
74
84
92
75
89
79
80
87
75
84
82
68
84
76
78
87
67
75
75
61
74
75
72
79
69
81
84
76
90
80
83
87
78
85
89
73
85
68
70
77
65
76
81
72
83
79
84
88
74
83
80
72
84
80
77
83
75
82
83
74
78
70
73
84
73
87
84
74
86
79
79
88
79
85
85
75
85
76
80
83
65
73
74
65
83
78
80
85
77
89
88
87
97
76
82
85
74
84
80
71
83
74
75
80
72
82
82
74
86
77
88
89
75
85
85
73
86
78
78
80
68
84
82
79
86
70
78
85
76
90
87
79
92
80
82
88
74
83
75
65
80
67
78
79
66
78
73
64
88
75
82
85
73
89
83
79
88
76
74
82
73
90
84
72
89
78
80
83
68
81
84
75
89
77
85
86
72
86
80
70
89
75
75
84
69
84
85
73
84
70
73
88
74
92
84
73
87
75
77
87
71
80
79
70
83
73
84
90
74
85
84
72
91
80
77
80
67
83
82
74
86
75
77
83
69
84
78
71
83
77
76
85
68
79
82
73
85
77
79
86
75
82
82
72
90
75
77
83
71
85
87
73
81
72
69
78
68
80
73
69
83
73
80
91
74
84
83
80
88
84
90
85
75
83
78
70
86
77
80
87
76
90
90
85
91
81
82
87
74
88
82
78
92
79
79
88
70
73
76
76
85
80
81
85
71
89
84
75
90
75
81
84
70
85
83
70
78
64
67
80
69
88
79
76
84
77
86
94
80
91
84
77
90
79
78
85
66
83
75
70
81
73
81
88
73
85
90
80
92
81
79
92
75
85
80
74
86
74
78
85
67
81
76
72
89
80
84
93
77
93
94
85
93
78
79
88
70
84
83
72
79
68
66
80
74
85
82
77
90
87
85
95
75
88
80
74
81
81
81
90
76
85
81
78
84
78
81
90
81
91
87
81
92
83
83
91
83
90
83
77
87
80
80
87
69
78
76
78
85
83
80
91
76
88
79
76
82
75
79
84
73
90
86
69
83
76
79
87
81
93
84
85
86
79
90
90
77
91
84
79
88
81
74
90
75
89
77
84
85
82
83
89
74
93
89
79
89
82
88
91
79
87
76
79
85
77
83
85
68
90
76
77
86
75
82
83
70
89
81
83
78
78
80
89
73
96
84
82
84
77
79
78
72
81
75
75
85
77
86
93
74
91
80
78
87
74
80
93
75
87
78
75
79
72
80
92
71
92
83
81
88
80
82
88
74
86
78
74
87
78
88
82
68
79
81
74
89
76
79
89
72
92
83
86
91
77
85
89
75
92
83
74
80
73
72
82
69
88
79
79
84
69
84
88
76
89
82
79
94
78
80
88
76
88
77
77
76
74
81
86
80
89
80
80
90
78
83
87
78
85
75
72
76
73
75
79
63
73
69
73
89
76
82
86
81
92
92
77
87
79
77
83
68
86
77
81
84
74
83
81
74
87
81
79
87
83
85
91
76
96
75
81
79
87
88
78
114
-106
-97
-191
-460
-461
-464
-467
-463
-462
-466
-465
-461
-466
-461
-462
-464
-462
-462
-461
-462
-462
-462
-461
-462
-461
-462
-463
-462
-464
-464
-463
-464
-463
-463
-464
-464
-464
-464
-463
-466
-464
-467
-466
-465
-468
-468
-471
-470
-468
-467
-466
-464
-463
-462
-451
-411
-369
-327
-292
-258
-235
-206
-182
-149
-134
-120
-100
-84
-70
-52
-34
-24
-18
-15
-5
2
18
18
22
31
43
41
38
53
48
57
54
59
64
71
70
70
72
73
76
77
86
86
83
84
81
86
85
83
78
85
82
80
82
78
79
77
83
83
80
81
80
83
84
84
74
82
70
77
71
76
79
73
73
66
65
54
57
58
57
55
54
57
52
62
59
61
53
54
56
58
56
55
54
48
48
39
40
44
38
46
44
48
42
45
43
51
39
36
39
36
45
36
39
42
32
33
33
33
27
39
32
40
35
34
29
36
32
36
30
38
33
23
39
32
21
44
21
27
28
16
30
33
25
41
32
34
43
30
58
44
35
41
33
38
41
30
41
39
27
45
31
42
45
34
47
46
40
54
47
50
63
42
55
59
44
62
51
55
65
50
64
58
49
63
61
59
74
61
75
72
66
84
71
77
75
64
71
80
64
86
76
68
82
66
85
97
79
95
88
89
92
85
96
91
77
94
84
87
101
81
98
91
84
95
94
90
97
87
97
100
89
115
96
97
105
92
106
104
93
104
99
96
109
97
100
100
82
110
98
101
113
97
108
108
93
106
104
96
106
89
106
105
97
112
102
102
106
99
109
119
106
113
105
105
115
104
117
112
106
118
108
108
117
105
113
116
101
114
108
102
115
104
115
113
111
123
116
118
120
107
119
122
108
120
109
114
119
110
118
110
100
114
110
106
115
98
115
111
103
119
115
120
120
113
121
119
116
132
124
115
116
102
113
117
108
121
110
114
118
114
119
118
104
118
113
113
126
107
123
120
110
116
113
105
115
105
116
119
110
128
117
117
121
110
122
119
113
117
112
111
123
109
113
110
93
115
104
114
115
104
115
111
111
122
117
108
120
102
115
110
105
115
104
103
103
94
108
113
102
117
113
106
120
107
118
117
107
120
117
118
121
106
111
115
100
117
108
100
112
99
116
110
108
112
109
112
119
98
115
116
99
110
99
98
103
99
101
98
98
99
105
108
113
100
111
112
105
121
107
106
106
98
102
104
96
106
105
98
107
92
107
101
96
104
94
101
107
99
102
105
92
104
95
106
100
87
102
92
97
98
88
89
96
85
99
95
91
101
90
99
96
82
92
88
84
90
84
87
99
81
98
84
84
93
89
99
93
88
97
87
85
95
86
81
95
78
93
89
87
88
81
86
88
74
85
82
79
91
82
83
93
76
91
83
82
84
77
81
85
70
79
80
72
87
69
72
83
68
81
74
72
77
69
67
75
63
73
70
63
72
63
69
78
66
73
71
65
68
65
63
72
56
71
74
66
82
72
74
74
61
68
76
64
74
72
66
75
59
71
64
62
67
56
62
75
58
65
71
61
66
63
60
68
60
69
68
65
68
59
54
58
50
56
62
49
61
54
61
67
67
71
64
61
63
62
55
70
56
54
50
42
51
52
53
58
50
61
59
51
63
59
57
63
46
63
62
54
61
53
59
55
48
61
55
54
61
55
55
67
53
66
61
64
68
68
62
64
58
60
60
59
58
48
49
54
44
62
58
62
63
69
65
76
66
80
66
62
65
58
61
66
56
67
58
54
59
62
59
68
55
70
65
70
77
66
73
75
62
69
69
63
66
67
70
72
57
70
60
62
70
66
71
79
65
74
71
70
73
67
69
74
52
67
61
68
71
63
62
70
64
82
80
74
84
77
79
86
72
82
74
71
78
70
78
86
69
85
72
70
80
68
78
84
69
83
78
81
86
82
78
84
71
86
78
76
83
71
79
83
71
78
74
76
88
70
85
89
77
86
76
75
81
73
74
80
74
79
78
83
88
75
79
86
75
98
82
82
87
83
85
95
88
95
87
85
92
82
93
91
83
94
87
80
92
84
90
96
76
93
86
102
93
90
99
93
87
99
87
90
92
88
88
97
80
93
80
87
90
83
88
90
82
94
92
93
100
83
93
101
83
102
90
100
97
84
90
91
76
101
82
89
98
85
100
102
88
109
85
93
93
89
96
95
87
102
86
93
100
79
97
98
87
105
96
101
108
92
101
101
85
110
92
97
97
87
100
102
80
93
87
87
101
91
100
103
86
110
98
103
116
96
105
103
95
110
100
98
107
88
103
101
85
110
99
98
101
92
102
110
96
110
102
101
94
104
102
88
107
96
95
106
87
103
105
89
113
105
101
106
101
106
109
95
111
98
93
102
85
100
105
87
105
89
98
105
103
105
110
100
111
107
103
108
92
100
102
89
110
104
101
110
99
102
106
96
109
101
103
108
99
112
115
102
111
102
105
104
103
104
107
95
114
101
98
102
88
102
106
99
111
108
105
107
101
105
107
93
108
94
101
103
95
113
113
95
113
102
103
112
108
111
110
94
114
102
110
110
98
109
110
99
111
106
102
110
95
108
107
99
111
103
106
110
101
111
110
100
114
105
105
110
100
106
110
98
111
103
104
102
90
106
108
96
110
98
93
108
93
108
104
94
111
98
99
107
94
115
108
94
113
94
94
104
95
105
100
94
116
102
109
111
99
102
104
92
111
101
99
109
96
101
105
93
112
102
100
109
96
110
110
97
112
106
103
112
99
107
110
98
115
107
106
104
91
98
100
91
110
101
100
107
97
108
114
100
112
103
102
105
96
110
106
92
104
94
95
112
98
104
105
97
110
103
107
108
102
104
107
99
115
105
102
109
95
103
103
92
105
98
102
106
97
109
104
95
114
104
101
112
96
100
100
89
108
93
101
96
85
101
106
98
115
103
102
117
104
113
116
105
111
100
102
106
97
107
109
99
108
96
98
109
98
107
103
98
110
104
109
114
101
109
110
100
114
103
106
113
100
106
110
96
104
101
105
110
100
112
107
101
114
101
112
119
93
105
100
90
109
101
100
104
93
105
107
103
118
104
106
115
97
109
113
96
109
100
101
108
97
106
104
95
111
96
96
109
95
111
104
97
110
104
103
106
95
106
105
93
112
96
93
107
90
104
104
90
103
97
100
108
98
103
104
90
108
100
100
110
95
107
104
98
111
110
104
110
94
102
103
97
106
95
102
104
95
112
111
96
106
100
98
104
97
100
102
95
108
94
101
98
92
106
101
93
109
102
100
109
97
105
102
99
105
95
103
103
94
106
103
86
95
94
95
98
90
104
99
93
110
101
104
107
95
109
108
98
110
103
101
101
85
98
94
103
105
97
102
106
95
111
104
93
104
96
97
102
94
105
102
92
103
87
98
95
90
103
96
90
106
99
100
102
88
106
98
96
103
91
98
100
85
103
89
87
91
90
98
101
86
103
100
90
108
99
105
103
89
103
94
92
103
92
96
94
85
96
90
95
104
92
101
100
86
113
103
98
103
96
94
106
90
104
95
92
101
89
103
94
87
103
98
88
109
99
97
103
91
108
95
98
98
83
92
100
83
102
91
87
97
88
96
104
93
109
101
97
105
97
97
97
86
95
98
89
109
95
101
99
81
98
90
92
102
91
99
102
93
109
97
92
100
86
95
104
83
97
92
94
98
86
95
96
84
102
95
98
104
92
99
97
83
100
94
91
97
85
95
103
88
110
93
98
99
90
101
104
88
101
91
94
100
94
101
100
88
105
95
96
102
93
100
101
88
103
94
98
103
93
100
102
93
115
100
98
105
96
96
109
88
105
94
99
103
93
100
96
84
102
92
88
99
84
91
99
80
104
96
93
100
90
100
101
93
106
92
92
96
81
93
102
80
105
95
102
106
103
100
100
88
105
96
93
108
90
101
98
82
103
92
91
101
89
98
103
89
108
97
93
105
88
100
104
84
103
91
95
103
90
92
96
73
97
87
92
98
91
100
102
90
106
104
97
103
94
99
107
90
106
89
90
98
92
98
104
85
105
98
99
104
101
101
107
85
105
97
95
103
92
96
100
81
102
95
94
106
91
100
104
93
106
100
103
104
95
104
102
85
100
90
100
97
83
90
99
79
100
94
115
102
94
108
110
96
113
101
96
100
89
93
101
92
104
95
94
99
82
102
98
81
104
93
100
99
95
98
103
85
102
92
103
102
90
104
104
87
109
91
93
101
94
102
104
94
100
95
99
102
84
105
99
85
98
87
98
105
90
96
97
77
109
98
104
111
95
108
103
89
112
96
92
112
91
98
102
86
106
94
96
100
87
108
100
91
109
98
95
113
95
108
97
87
109
94
104
100
92
104
105
84
110
92
90
106
90
102
102
87
102
95
95
101
88
97
100
85
107
102
93
114
93
102
97
81
101
93
96
96
85
97
103
92
116
96
93
102
96
95
105
88
106
97
90
102
88
97
97
83
103
90
95
108
93
102
99
79
101
93
93
101
87
96
98
83
103
84
86
96
86
93
104
79
100
90
97
102
93
103
102
91
105
99
102
102
88
92
96
71
96
88
97
94
87
97
95
92
104
89
91
96
85
98
103
79
101
88
93
93
89
98
93
88
100
91
95
107
87
99
101
85
101
91
96
91
87
94
95
80
92
85
81
91
85
95
99
83
94
95
97
99
97
96
97
79
99
84
88
103
80
91
92
82
94
94
90
100
83
98
101
85
110
91
95
102
83
97
94
86
98
86
86
97
81
86
92
82
100
88
99
100
86
99
108
87
100
93
86
96
78
90
96
79
96
78
87
93
85
100
102
83
105
84
91
100
85
90
91
80
92
85
87
99
80
86
93
77
92
91
89
99
89
99
95
92
100
94
92
100
89
96
95
84
99
84
89
92
81
86
92
77
94
92
92
100
77
89
95
87
93
86
88
95
85
92
100
82
98
88
94
99
84
103
93
89
97
85
95
98
87
90
98
79
96
83
88
95
84
94
91
87
95
94
92
95
86
100
100
87
101
88
98
92
85
106
91
88
98
90
91
96
79
90
91
85
96
82
94
91
86
96
94
87
105
94
94
106
89
110
102
93
104
89
90
92
84
99
93
85
100
88
92
106
85
99
89
88
94
88
90
90
86
88
89
81
97
83
91
91
85
97
96
87
101
90
91
102
86
104
99
82
103
89
94
98
73
85
83
81
95
88
88
101
81
99
97
88
107
90
97
95
85
91
99
78
91
84
81
92
83
100
89
86
96
96
90
104
89
92
96
82
97
86
87
92
81
95
89
84
93
88
87
95
80
92
100
84
103
88
94
96
88
99
90
87
94
90
88
99
74
89
86
84
100
88
98
96
91
99
101
88
102
88
88
96
79
92
93
87
94
86
84
86
86
92
96
82
97
88
102
100
85
101
89
91
97
92
95
97
85
91
93
83
93
80
96
93
88
94
97
86
95
92
90
92
83
94
87
80
93
83
96
91
81
94
89
86
98
92
90
96
80
96
82
89
92
85
91
94
84
93
93
85
95
88
85
91
83
101
93
90
97
87
98
103
86
98
91
87
102
89
95
104
83
104
92
94
93
85
86
95
83
94
86
79
95
83
87
90
81
90
92
81
89
85
91
99
78
97
78
80
92
85
89
92
85
92
96
88
98
83
87
95
80
99
90
86
96
75
86
88
79
88
94
85
97
86
94
96
82
97
84
82
90
87
86
92
86
91
88
80
88
72
83
89
79
92
91
86
90
88
87
97
87
99
91
94
102
84
96
85
80
83
83
83
94
87
89
96
77
94
90
91
97
79
93
87
83
93
88
85
92
79
82
92
75
91
86
88
90
85
87
94
84
97
86
86
97
79
88
91
78
95
83
86
83
76
84
90
77
95
87
89
99
84
99
99
83
93
85
82
88
84
88
91
71
92
80
79
90
80
88
90
80
92
93
89
105
80
88
93
74
100
85
90
98
75
86
90
76
91
90
84
98
84
99
92
81
99
86
85
94
82
85
91
75
92
91
79
91
76
90
96
81
101
93
91
94
84
88
101
71
93
95
86
96
79
92
93
80
88
86
82
99
77
84
97
75
97
89
87
98
85
89
92
80
91
89
82
94
81
84
96
68
93
85
86
89
87
90
91
81
88
88
78
92
78
84
93
77
93
94
90
92
85
86
94
84
91
85
84
95
79
90
96
78
87
85
85
88
87
89
99
73
87
83
84
93
82
91
89
86
95
95
93
97
84
89
98
83
95
90
91
94
83
80
88
73
86
83
80
88
83
87
92
80
99
85
93
97
86
94
98
83
98
94
83
90
78
85
91
89
94
88
90
96
84
92
100
74
96
84
89
93
84
91
93
79
88
82
80
95
82
87
93
79
97
85
86
95
82
87
90
83
87
82
79
91
74
84
81
66
81
79
81
86
79
86
91
81
96
90
89
98
79
89
93
77
93
89
78
87
79
80
96
79
95
95
82
99
82
99
92
85
95
89
83
93
84
87
95
78
90
80
77
84
81
86
89
80
94
89
85
93
87
84
91
74
83
82
74
81
74
80
84
67
79
85
78
94
85
88
95
79
96
84
84
86
77
81
87
69
90
84
79
87
75
77
87
82
89
82
83
88
82
90
92
77
86
81
75
90
79
83
85
78
84
78
75
82
79
84
90
78
90
80
84
85
79
76
86
75
84
79
76
87
77
90
86
77
89
83
89
96
77
85
88
76
85
85
82
88
77
87
85
78
88
82
83
87
78
80
89
76
90
82
81
89
79
92
90
81
90
83
81
93
78
83
91
79
90
83
83
85
78
88
89
78
92
80
79
87
80
82
92
79
92
87
88
96
87
93
98
74
86
82
81
95
78
