88
75
89
80
80
84
84
86
89
77
85
80
77
81
69
73
80
70
79
80
77
77
75
84
89
82
91
84
85
88
76
82
85
71
81
74
76
80
81
81
84
69
78
75
81
85
74
81
86
77
89
84
83
82
73
77
85
75
85
77
80
80
67
78
75
67
83
74
77
82
78
81
83
69
78
69
79
80
69
84
88
73
88
79
75
75
74
80
81
73
80
76
75
79
72
80
82
66
84
73
75
79
69
76
76
67
78
72
79
82
74
78
82
70
87
79
81
83
74
84
88
76
87
82
80
84
73
83
76
69
84
72
72
79
68
78
83
73
83
82
84
88
75
85
89
77
92
75
73
78
67
75
82
72
82
80
78
85
76
90
81
69
84
75
75
84
73
79
76
64
75
68
76
77
69
77
79
69
86
78
74
77
69
74
79
68
81
76
73
76
61
65
67
62
74
73
72
89
81
86
88
78
91
83
85
88
74
81
84
74
87
71
73
72
70
80
84
76
87
81
82
84
74
84
81
70
84
74
75
86
71
81
77
63
74
72
78
84
75
79
79
70
90
75
81
80
71
82
80
62
73
67
71
73
67
79
71
68
84
74
79
90
75
82
82
74
84
73
73
75
63
71
71
67
83
68
71
73
63
74
82
69
82
77
80
87
75
87
78
70
84
73
74
84
75
82
80
68
81
74
75
81
67
81
82
75
88
76
76
78
66
77
78
67
87
75
77
84
75
81
78
71
86
76
76
84
71
81
79
70
86
76
74
83
69
78
80
76
86
73
75
74
65
83
82
70
84
75
76
84
76
80
77
69
82
74
74
80
67
83
74
65
78
71
70
79
66
75
73
69
79
68
74
83
71
83
84
73
87
81
82
83
79
80
72
67
81
74
79
84
72
83
85
74
87
79
76
85
69
82
82
82
88
75
76
78
67
79
81
73
82
74
76
85
76
85
78
73
80
72
78
81
68
79
75
65
79
63
65
75
61
71
71
79
85
77
83
84
69
85
77
70
78
70
72
78
65
70
66
64
76
71
79
79
68
81
79
72
86
71
74
80
71
81
79
78
86
70
71
76
62
81
79
74
87
76
80
86
73
84
77
70
84
72
77
80
63
75
71
65
75
62
66
84
69
85
83
79
89
74
77
86
65
84
76
68
79
71
76
85
68
77
70
67
84
72
79
82
68
80
81
74
89
73
77
84
67
79
77
71
85
66
74
76
62
77
77
68
79
66
78
86
68
82
76
65
77
67
71
77
68
75
81
72
89
71
79
85
76
82
82
77
85
76
81
90
74
87
81
74
87
75
80
87
67
74
73
66
78
76
79
86
70
88
84
78
92
75
81
86
71
85
86
76
84
70
75
81
63
83
76
76
82
74
85
83
67
79
77
70
82
76
78
86
74
88
81
75
82
69
73
81
69
80
79
68
78
72
80
85
70
78
75
73
82
73
78
86
62
79
73
69
84
79
80
84
71
86
81
80
82
77
79
86
68
87
84
78
81
74
75
82
66
78
74
71
81
68
79
89
72
91
84
80
86
78
79
93
70
85
77
70
83
69
73
89
68
84
81
78
84
78
82
94
71
85
73
73
84
73
82
87
68
81
75
70
84
80
79
91
73
95
87
84
93
80
80
86
70
83
85
77
81
78
69
82
67
84
78
81
90
86
93
99
77
92
86
77
90
83
80
88
70
92
81
78
78
72
73
87
65
90
83
78
91
80
85
96
76
91
83
81
82
79
83
90
68
83
75
66
88
80
84
88
74
91
82
86
89
78
79
84
64
84
72
72
86
79
84
85
74
88
85
84
91
80
93
94
75
90
82
82
88
80
85
89
75
89
89
83
89
76
79
88
74
90
80
84
88
83
86
94
75
93
83
78
88
75
89
87
72
84
74
70
88
73
79
86
64
86
77
76
85
69
75
78
73
89
78
78
90
78
82
88
67
83
76
80
82
72
81
80
72
88
81
76
94
76
81
82
71
91
80
83
81
74
75
92
74
94
84
76
90
75
85
96
74
89
74
81
86
79
85
91
71
87
68
69
83
71
74
81
66
78
78
82
91
81
79
94
75
93
77
75
81
81
75
82
65
76
79
75
84
78
79
88
73
90
77
76
83
73
77
83
64
83
84
73
82
66
68
79
67
83
71
72
82
73
79
92
69
81
71
75
84
73
77
79
68
76
66
69
76
68
73
86
69
86
84
85
89
78
80
82
72
81
73
73
82
74
75
82
63
72
72
78
82
76
81
84
72
74
77
85
67
55
11
-283
-213
-463
-464
-462
-465
-465
-464
-463
-467
-461
-464
-463
-462
-464
-462
-461
-464
-463
-462
-463
-462
-464
-463
-463
-464
-462
-462
-463
-463
-464
-463
-464
-466
-464
-465
-465
-464
-467
-465
-467
-466
-466
-469
-470
-471
-469
-468
-466
-465
-463
-463
-461
-430
-386
-350
-315
-273
-244
-207
-197
-171
-145
-120
-109
-92
-74
-66
-51
-38
-28
-19
-9
0
6
19
20
31
32
39
36
35
36
45
49
57
59
64
68
65
68
70
61
66
65
76
69
75
73
73
75
81
76
78
78
73
80
77
76
84
76
79
70
68
72
77
74
79
74
79
71
70
80
77
68
71
70
71
72
70
69
69
62
59
52
58
59
55
52
51
50
49
58
53
56
52
56
56
51
59
48
54
47
41
41
38
33
40
41
36
41
40
44
40
34
38
38
40
36
34
29
37
28
34
40
25
31
25
34
27
33
26
38
31
31
36
26
44
29
30
37
28
30
42
33
31
33
20
32
27
28
38
31
38
41
36
46
47
41
48
41
42
53
29
51
42
40
48
40
39
39
38
48
51
43
64
57
58
61
48
60
58
52
58
51
51
59
50
60
59
42
60
50
61
68
58
67
77
66
79
76
74
78
67
75
76
63
76
72
77
75
65
72
84
76
93
83
88
96
80
95
89
80
88
88
83
94
82
87
94
84
96
89
89
90
85
98
91
88
98
94
94
101
91
100
102
88
106
88
94
99
92
102
94
90
97
94
100
106
93
107
102
96
109
104
103
97
94
99
97
96
99
95
103
105
90
108
103
94
110
97
96
100
101
101
103
93
107
96
97
108
91
110
102
98
107
105
101
100
94
111
106
100
111
98
107
110
100
112
104
100
110
108
106
111
105
108
102
91
106
92
109
105
98
103
101
93
110
101
97
102
91
116
105
103
114
100
108
106
95
106
96
92
118
102
103
112
102
112
108
104
114
103
109
110
101
108
106
96
115
100
101
100
92
114
105
106
108
101
104
111
101
114
109
93
114
97
103
106
100
106
103
94
106
88
102
105
88
109
106
99
116
105
112
111
105
110
105
103
109
92
102
107
89
112
97
95
112
99
103
108
101
109
110
102
115
102
108
111
97
109
104
100
112
100
98
101
89
104
105
96
107
95
103
106
92
113
98
95
100
93
94
102
82
94
90
80
90
78
95
99
89
103
96
97
110
99
98
102
83
99
91
98
91
88
92
93
83
93
85
86
95
88
88
99
82
97
86
92
93
87
86
91
84
89
86
82
96
74
81
85
71
87
83
82
86
80
82
87
77
95
82
73
83
68
74
79
67
86
72
73
79
70
80
86
70
81
76
77
83
70
77
77
62
70
71
67
72
66
70
75
59
73
65
63
69
62
66
78
63
68
69
64
75
63
63
66
52
63
57
59
70
57
57
57
46
60
63
52
68
56
63
60
47
62
54
47
53
44
53
64
50
62
56
48
56
45
52
51
41
52
54
46
55
49
47
58
37
54
59
45
54
45
52
53
40
48
46
40
55
39
47
55
40
53
48
45
53
47
49
52
41
49
49
42
55
38
41
47
26
49
46
36
42
35
42
49
42
53
49
39
52
42
46
51
34
48
41
35
40
34
36
46
31
47
37
37
47
40
45
48
36
45
47
38
45
39
45
54
39
46
40
38
49
41
48
48
33
48
44
41
51
42
38
49
35
45
39
46
45
33
34
38
20
47
41
35
46
38
50
52
50
57
47
43
46
38
44
51
38
58
48
43
51
37
46
53
41
57
49
55
56
49
54
60
43
61
55
51
51
47
55
60
45
55
49
42
63
51
61
64
52
68
60
58
66
57
63
60
49
57
56
56
61
48
54
66
48
70
65
66
76
61
63
67
61
69
64
63
69
58
70
72
57
66
70
61
66
58
56
68
58
68
71
68
74
64
71
77
60
76
70
63
69
60
60
73
59
68
64
59
67
61
69
73
56
73
70
65
80
64
68
69
58
70
68
71
76
69
73
77
66
78
74
70
78
68
76
85
74
85
81
74
80
75
82
86
75
87
82
77
88
72
76
84
74
88
83
80
87
79
88
94
75
90
81
85
89
78
87
92
77
89
80
75
88
78
85
86
71
86
75
79
94
81
86
92
81
94
91
88
95
82
84
80
72
84
80
83
89
79
88
96
79
95
89
87
94
85
95
93
83
96
85
84
93
77
80
92
80
96
86
87
98
78
93
96
82
97
83
86
93
80
89
93
79
89
82
76
89
81
89
92
78
96
90
95
106
88
99
96
81
99
90
86
96
80
88
94
81
93
91
89
98
82
98
103
85
105
102
95
95
98
96
84
102
93
93
102
80
91
99
85
102
97
90
107
93
101
102
93
105
93
94
103
86
97
97
84
95
91
87
100
93
102
102
92
107
98
99
102
89
95
102
86
100
94
96
103
88
96
97
86
103
95
99
103
93
103
104
92
108
98
94
105
94
102
100
91
104
96
96
97
88
98
100
92
108
100
92
107
91
100
102
99
97
91
97
95
90
102
100
89
108
97
96
102
100
107
104
94
105
96
100
103
95
105
99
88
106
92
94
102
88
100
95
92
98
92
96
99
90
110
104
94
109
102
102
105
94
105
102
94
112
102
107
106
91
102
102
94
112
99
96
103
92
105
105
97
108
100
101
112
100
114
111
101
109
99
93
104
88
104
100
91
110
98
103
110
96
104
104
94
116
102
100
106
93
107
103
88
102
96
100
104
94
111
109
96
112
103
103
113
98
107
105
94
110
102
102
103
90
102
100
91
115
98
94
106
95
107
115
102
110
108
104
111
97
107
107
92
107
94
98
105
94
105
105
95
110
103
104
108
100
106
105
97
111
100
98
106
96
104
105
91
103
100
101
107
95
110
105
98
110
102
103
109
93
108
104
94
106
101
97
96
83
97
94
98
106
99
100
105
98
108
111
94
107
96
91
104
89
108
97
95
107
94
97
100
88
109
101
94
111
108
102
105
95
111
96
94
110
93
103
105
94
108
103
91
101
93
103
108
96
105
103
96
111
100
95
108
84
102
93
88
99
94
98
94
83
97
89
92
108
92
98
103
87
107
99
91
102
92
99
102
91
105
99
90
106
92
97
97
88
106
99
89
106
105
98
105
90
106
98
90
105
89
93
100
85
102
96
83
95
87
92
100
85
98
92
88
101
86
92
94
86
98
93
89
106
96
97
102
87
100
90
95
101
89
94
100
90
102
97
89
105
92
98
99
92
103
98
90
103
89
94
97
81
98
95
92
102
95
97
101
87
102
93
93
102
89
94
103
88
103
90
86
93
85
88
96
84
93
96
87
102
89
102
98
87
99
93
93
105
87
91
91
76
89
85
87
99
85
92
98
87
106
92
95
102
89
97
100
87
102
92
95
100
87
98
92
85
104
89
92
104
90
96
100
86
106
90
97
97
91
97
99
84
104
87
85
91
78
86
98
82
97
91
95
100
92
103
99
84
98
86
82
98
84
92
97
73
93
85
87
97
83
92
99
82
105
91
91
102
83
94
102
81
102
90
90
99
83
89
93
75
94
88
85
103
82
94
101
82
98
91
85
98
80
85
94
81
99
83
83
92
79
92
105
85
102
94
94
101
89
91
94
80
99
84
84
97
80
88
93
80
88
91
87
97
85
91
99
86
100
84
87
96
82
86
98
76
91
88
83
92
82
84
88
75
93
91
87
100
84
88
102
83
99
87
78
91
83
90
98
82
104
92
86
99
80
91
103
78
95
87
93
98
90
98
94
84
98
86
87
95
86
97
95
81
93
87
86
93
87
92
98
82
102
92
92
99
80
93
100
79
94
94
96
96
90
89
95
77
100
84
86
92
79
87
90
81
99
88
89
97
87
97
99
83
103
85
85
97
68
88
95
81
95
89
93
95
95
94
98
75
100
86
94
95
84
90
98
76
90
86
81
95
86
92
93
86
100
87
91
100
81
94
102
79
97
88
87
99
78
86
88
71
92
79
89
93
86
97
98
83
107
91
94
101
82
92
97
83
97
86
86
92
82
90
100
79
99
83
89
96
92
96
95
81
97
90
92
97
90
94
99
76
99
84
84
93
89
89
103
80
99
91
92
103
82
98
90
78
93
86
83
92
83
85
95
76
95
88
94
99
84
99
95
86
103
88
94
91
87
91
98
78
97
84
87
92
80
87
93
84
97
89
91
100
86
101
98
76
97
80
92
91
83
95
93
81
95
86
80
96
82
93
97
79
97
79
87
93
82
90
89
77
88
84
84
96
78
91
92
77
88
89
93
92
83
89
91
77
105
84
87
96
74
91
96
78
94
87
88
98
76
90
94
78
99
81
87
105
82
96
93
82
96
86
85
96
78
92
91
77
99
78
81
88
79
85
93
77
92
84
81
95
81
89
92
77
96
88
95
102
84
92
94
75
90
89
84
97
79
94
95
84
100
87
88
94
82
89
102
78
103
87
84
90
86
89
96
79
94
94
89
101
80
90
99
72
100
86
86
93
86
91
95
84
89
82
79
91
79
87
98
73
100
81
93
100
96
90
101
79
99
86
89
97
76
85
85
75
92
91
92
90
82
89
97
79
103
87
91
96
81
93
93
84
97
86
84
90
82
87
98
78
99
83
94
100
85
97
95
89
97
92
88
95
80
93
89
78
90
77
82
85
81
95
96
81
98
92
94
102
87
94
93
82
87
84
94
97
85
88
89
77
92
87
88
95
80
95
96
86
98
87
89
98
78
93
96
75
98
83
87
97
76
86
90
83
95
88
92
99
79
92
92
79
94
84
84
88
75
89
93
85
92
83
81
97
81
100
98
80
98
87
92
93
88
90
96
77
94
89
89
98
78
85
87
77
87
80
89
93
81
85
95
85
99
86
84
94
86
95
86
77
90
84
82
89
81
79
89
77
94
82
90
91
81
88
91
81
92
88
87
97
80
92
97
89
103
83
85
87
82
92
89
73
93
91
93
102
86
93
94
85
95
88
96
91
88
90
93
80
92
85
84
95
83
96
94
94
100
87
84
95
85
98
94
84
99
84
88
94
79
85
77
78
87
81
82
90
81
95
95
85
102
88
97
95
94
99
95
88
89
81
78
87
78
95
91
84
88
83
90
97
83
90
91
82
99
81
89
95
83
93
88
81
93
81
89
93
82
90
99
80
99
85
93
96
80
96
84
83
89
81
84
90
71
75
81
76
97
85
89
92
85
96
96
87
99
83
84
94
78
89
104
79
93
80
83
84
82
91
91
80
97
85
88
104
84
97
88
83
95
85
93
93
82
88
92
79
92
84
89
94
85
97
96
84
93
91
89
91
83
85
87
73
89
77
82
86
66
86
85
80
94
96
86
100
81
96
90
85
93
79
84
88
83
94
95
81
90
85
82
86
82
93
90
84
93
87
91
92
83
92
91
84
92
87
80
90
76
91
80
83
85
82
81
91
86
92
93
81
93
87
92
93
82
98
83
87
97
90
95
97
82
95
92
89
100
83
90
90
80
97
87
93
93
88
87
91
78
93
88
85
91
78
86
85
86
90
88
83
99
87
96
95
85
101
89
90
100
83
90
94
88
96
89
89
93
82
90
95
77
98
85
84
94
87
91
94
88
96
91
88
103
89
103
93
78
92
83
83
94
87
88
98
82
101
97
91
102
86
96
93
84
100
91
89
95
83
86
94
85
101
92
89
99
87
104
94
89
97
94
89
103
84
91
100
80
102
82
83
88
79
86
89
85
94
93
87
101
88
97
99
92
106
96
87
96
88
92
93
82
91
87
87
106
87
91
98
87
104
96
95
103
96
93
102
84
108
93
102
100
87
93
101
88
101
95
100
98
93
102
103
88
105
92
96
102
89
94
96
85
97
90
86
93
84
91
105
86
110
93
100
104
98
98
97
84
100
89
88
95
89
96
91
81
98
78
90
100
89
92
99
86
105
97
93
102
84
95
98
85
103
89
94
98
86
89
98
77
103
92
95
97
90
99
98
89
103
95
93
102
87
97
102
83
108
95
93
102
84
101
104
94
107
93
96
101
89
101
108
84
104
92
96
96
93
96
96
86
104
87
94
108
90
100
102
86
105
106
95
104
90
97
100
87
108
100
91
106
86
96
98
82
102
96
86
97
86
88
97
80
97
83
89
97
81
91
100
86
105
101
91
102
82
96
97
89
104
90
96
96
94
99
103
89
102
93
94
103
93
99
99
84
99
82
94
99
89
93
102
83
99
95
93
101
84
94
98
89
101
94
93
100
84
91
96
73
97
84
86
93
86
93
95
87
101
90
101
100
90
96
101
87
108
90
88
91
78
88
96
89
100
89
97
99
87
105
105
86
102
91
97
96
89
97
96
80
107
85
92
99
84
95
100
83
107
95
99
98
83
96
94
84
99
83
85
95
80
88
86
73
91
89
86
96
86
101
100
89
106
90
98
96
83
92
97
80
103
88
85
91
75
88
98
79
97
84
90
97
85
101
94
82
100
86
88
103
87
99
97
84
96
86
92
97
85
95
102
83
105
91
93
101
83
93
98
81
95
91
86
94
83
85
93
73
97
88
92
106
87
103
96
85
101
88
94
96
80
95
99
81
104
88
88
90
81
92
99
81
98
86
88
96
85
96
95
84
99
87
87
96
81
92
98
79
96
84
85
96
83
91
95
86
101
84
89
94
81
86
91
75
88
83
82
88
81
90
90
78
94
88
87
99
78
92
91
81
95
91
88
89
79
89
87
79
95
86
81
85
75
84
94
79
92
88
88
93
87
97
92
78
93
86
87
97
81
94
95
83
95
90
83
93
81
91
88
78
94
80
79
89
74
85
87
79
92
84
88
94
84
91
86
68
89
79
81
