78
59
76
68
66
80
64
74
90
67
84
77
73
76
62
65
79
56
70
74
67
86
61
67
76
64
84
82
77
85
72
71
84
62
78
69
64
79
62
65
82
61
69
66
60
64
56
64
77
56
78
70
71
86
71
76
80
63
77
79
73
83
69
76
78
65
81
68
73
81
73
73
86
70
79
74
70
79
67
74
80
60
81
78
75
87
74
75
80
64
85
78
74
81
69
82
83
74
86
77
73
81
69
79
88
69
86
73
72
78
70
73
80
63
78
76
74
86
71
75
81
63
80
74
75
85
71
82
81
63
79
64
67
75
58
70
80
62
85
71
75
81
75
78
84
68
84
75
78
82
63
70
75
62
80
76
74
85
75
77
85
73
90
70
78
82
71
81
85
70
82
71
69
79
71
80
89
66
85
72
79
86
69
76
74
66
82
72
70
78
62
67
63
54
71
60
61
75
70
78
86
70
91
80
79
90
75
79
80
63
80
77
76
82
69
75
77
59
84
75
70
81
64
78
83
71
84
73
70
81
61
72
80
64
87
68
65
80
74
72
79
66
80
73
77
86
72
79
79
59
79
67
63
70
64
75
76
67
83
68
74
87
71
84
83
68
85
73
71
78
67
75
79
65
83
73
81
80
64
73
69
57
80
71
75
78
64
74
78
63
81
65
72
79
66
78
78
67
81
68
67
77
63
74
81
67
86
71
79
78
65
73
76
66
93
76
79
87
71
84
86
69
87
67
74
82
66
79
78
64
80
70
79
90
68
80
83
66
83
71
77
83
66
78
77
62
89
71
77
82
67
81
86
74
88
72
77
85
68
81
79
63
83
70
72
84
56
71
72
56
72
65
73
81
67
85
83
65
92
74
74
81
64
77
85
58
71
60
57
74
61
72
77
60
79
72
77
90
65
75
77
63
81
73
74
82
63
68
71
57
80
71
72
83
68
82
88
69
84
70
72
80
69
77
74
60
75
66
63
70
54
65
79
69
85
80
77
85
72
83
84
69
85
69
73
80
60
72
81
59
74
64
71
83
73
81
81
68
86
71
78
87
69
81
79
68
79
72
74
79
63
67
71
58
76
65
72
77
61
72
80
66
83
69
70
72
61
65
68
55
76
63
67
77
62
72
81
69
87
75
77
83
66
82
81
67
82
65
72
77
63
74
83
64
82
68
67
79
66
77
76
64
86
70
78
83
64
79
76
64
84
70
71
80
64
77
70
57
72
66
70
77
62
73
72
55
76
61
57
70
61
71
71
62
82
71
73
79
59
68
76
62
79
69
70
79
63
77
80
74
88
70
78
85
65
85
82
62
79
70
68
79
69
79
77
65
86
70
79
84
66
74
76
63
79
68
72
80
62
73
77
64
79
69
66
74
58
71
73
62
81
77
72
87
68
80
80
66
89
74
79
78
59
66
75
64
85
68
75
86
67
80
82
69
83
68
73
79
70
86
79
69
84
66
65
79
64
78
79
66
85
69
77
80
61
73
73
57
81
67
71
80
60
68
70
57
66
62
70
77
60
79
78
66
88
76
74
88
67
77
72
61
73
64
66
72
53
66
68
60
79
63
69
79
63
78
79
70
82
68
77
80
61
80
76
66
79
66
70
78
66
83
74
67
88
73
78
85
64
79
73
61
77
59
62
72
58
76
74
62
75
66
75
83
62
81
81
67
84
69
73
84
61
75
75
64
83
71
76
78
58
71
69
60
83
67
73
83
63
79
88
71
81
70
74
77
65
81
78
69
82
65
69
77
63
76
77
67
84
74
73
80
60
70
73
65
86
67
75
85
67
83
81
65
78
67
73
80
66
76
75
64
84
71
77
80
65
80
72
64
81
73
74
80
60
68
70
67
80
65
72
76
64
79
76
66
81
66
71
78
66
79
73
69
77
66
73
71
60
74
72
61
73
71
69
82
63
81
77
77
88
74
75
82
64
85
75
65
77
62
73
78
72
84
75
74
88
76
88
84
66
84
72
69
84
75
81
78
61
76
65
70
81
67
74
82
67
86
80
73
84
67
77
81
66
81
72
65
80
61
64
66
51
71
63
60
80
70
76
87
68
89
77
71
85
64
72
80
62
82
69
64
76
57
72
85
68
86
79
72
88
71
83
81
65
81
73
68
84
65
73
78
59
74
71
69
85
67
75
79
63
85
78
69
86
68
77
83
63
76
69
64
80
61
78
80
64
89
83
77
94
72
78
86
69
85
75
74
85
68
75
83
70
90
72
68
80
61
70
77
62
81
69
73
82
72
85
85
66
81
73
66
86
69
77
78
62
75
67
63
76
68
71
75
75
79
89
73
76
124
-307
-89
-456
-465
-460
-461
-466
-464
-460
-466
-461
-460
-464
-461
-461
-462
-460
-462
-461
-461
-463
-461
-462
-463
-461
-463
-462
-462
-463
-463
-463
-464
-462
-464
-463
-463
-465
-463
-464
-465
-464
-466
-464
-467
-469
-471
-470
-467
-466
-464
-464
-462
-461
-434
-401
-361
-321
-281
-257
-228
-194
-174
-148
-131
-111
-87
-69
-62
-40
-33
-14
-21
-9
-3
2
7
20
27
31
39
39
47
54
49
59
63
60
58
62
62
62
66
75
72
67
71
69
75
80
72
77
78
78
77
85
80
87
78
81
78
78
78
78
79
77
70
69
82
64
66
71
68
79
74
80
78
79
76
69
74
75
66
67
66
63
59
59
54
55
47
54
51
57
51
49
51
49
50
46
50
42
39
43
38
42
48
41
35
34
27
38
29
40
37
31
35
32
31
41
29
32
24
34
24
28
22
21
23
23
12
24
13
11
26
16
29
29
27
39
18
14
32
12
24
27
10
30
14
19
30
17
31
20
5
27
20
24
30
15
24
30
16
42
23
25
36
16
27
33
17
42
26
26
35
13
36
35
19
44
24
33
47
34
39
45
24
59
34
37
43
26
54
53
40
62
48
44
54
47
56
63
46
71
57
57
67
54
70
71
56
71
67
65
84
67
74
76
56
78
71
77
85
71
85
89
77
96
81
79
94
74
88
95
73
93
86
82
89
75
85
91
74
94
81
77
99
73
90
89
71
95
93
92
98
78
96
100
83
109
87
85
98
80
102
100
84
107
94
99
106
91
104
105
86
114
92
100
110
86
101
103
86
105
100
102
109
93
105
108
96
120
102
100
109
97
104
112
101
110
101
103
111
89
103
105
93
114
95
103
115
102
112
119
104
120
110
109
119
97
113
110
101
118
102
93
111
97
111
117
100
120
107
112
118
103
114
108
98
114
106
105
121
99
108
109
92
113
99
108
111
98
106
114
101
119
109
108
114
96
114
116
100
116
98
103
107
97
106
106
98
128
113
113
125
102
121
121
110
125
112
107
112
99
111
114
100
119
101
105
107
96
116
118
101
116
108
109
117
103
114
116
96
123
102
107
117
99
111
111
99
110
109
107
122
97
111
116
98
123
103
103
109
95
108
108
92
115
98
104
115
96
113
107
101
117
109
107
112
97
107
111
95
117
110
100
112
91
117
105
100
112
96
99
102
91
108
108
91
117
98
100
109
94
109
101
89
106
96
95
108
86
105
99
84
106
90
96
102
89
101
96
95
107
92
97
99
79
104
97
83
107
90
101
96
85
95
89
81
98
81
90
95
80
91
90
84
97
84
83
91
78
90
91
80
94
78
81
86
71
93
82
76
88
77
79
87
74
89
82
70
92
73
88
86
73
83
79
70
82
68
70
77
59
71
71
68
87
70
80
85
70
86
79
68
83
66
70
73
55
66
61
54
66
59
66
73
60
68
70
58
78
59
60
65
50
64
65
60
66
53
52
59
43
63
59
46
68
55
61
70
55
65
56
50
56
46
50
57
38
53
41
32
58
34
45
54
40
56
62
54
66
56
53
64
41
61
52
36
53
39
45
52
32
41
41
31
57
36
46
53
34
55
47
41
60
44
49
54
37
47
51
41
58
36
37
46
34
55
46
41
54
45
48
58
39
51
45
34
49
32
38
39
27
49
39
30
51
34
42
54
34
47
45
39
53
40
46
49
36
51
43
37
50
37
45
60
29
51
36
33
50
41
48
44
34
49
46
35
54
35
39
47
30
48
43
36
49
36
41
45
25
56
44
33
51
30
51
48
27
56
38
33
48
41
40
48
31
59
47
38
50
28
47
44
33
48
50
36
51
40
43
52
29
55
39
38
50
35
46
51
30
47
37
29
56
40
44
50
27
55
39
42
52
33
43
44
30
51
44
32
54
32
39
43
31
52
39
37
44
32
39
51
30
58
49
38
61
48
53
56
39
58
50
44
50
35
40
56
37
60
52
43
62
47
58
61
47
56
55
48
61
41
57
69
46
64
55
45
62
61
57
63
48
66
69
65
78
60
58
68
52
69
63
56
62
53
53
63
40
59
60
56
72
62
71
80
68
89
78
70
78
70
69
77
57
73
69
72
78
61
65
74
65
83
74
77
84
71
76
86
65
80
69
68
78
65
79
77
64
79
74
62
81
72
76
87
68
91
80
84
88
76
78
85
71
89
78
67
84
70
77
81
66
90
79
85
95
83
92
94
75
90
85
78
95
75
89
89
74
93
83
84
83
85
94
78
106
87
88
101
79
95
100
81
98
85
84
100
78
90
98
73
97
77
83
98
78
90
95
77
98
87
82
97
78
85
87
72
100
79
88
100
84
93
107
76
98
88
87
102
81
99
97
78
105
89
93
105
83
90
105
79
105
94
91
101
78
93
99
80
109
89
94
105
84
96
108
81
102
88
94
103
91
99
103
83
101
89
83
102
84
91
98
73
100
87
92
99
86
100
106
83
106
94
96
104
89
98
101
78
102
93
96
101
96
97
111
91
111
103
101
110
94
103
103
90
110
102
100
101
90
95
107
88
114
96
102
108
93
110
116
98
110
104
101
108
97
104
110
89
106
88
97
96
89
101
103
91
116
114
107
115
105
114
113
97
116
96
102
107
98
106
111
91
103
100
100
111
100
109
108
93
111
102
103
111
97
99
109
88
115
103
101
106
89
103
103
93
116
99
101
111
96
107
112
91
115
93
107
109
91
103
99
87
105
94
100
104
91
114
111
95
121
103
102
110
96
105
108
95
116
101
99
110
96
108
109
87
111
98
103
114
104
108
116
98
118
106
110
113
97
108
109
91
117
103
102
109
91
98
102
96
113
100
101
112
106
115
114
96
115
101
102
108
102
109
112
101
120
106
113
111
97
113
113
95
118
105
103
113
101
110
109
96
116
103
105
114
106
117
114
90
114
100
107
114
100
110
108
98
119
107
113
109
100
107
109
95
122
104
103
111
95
106
102
93
112
98
100
101
92
111
105
94
116
95
110
115
101
111
111
99
115
98
101
100
87
111
103
91
117
94
105
108
96
107
109
96
107
97
99
105
91
116
103
88
109
90
102
110
94
107
105
96
112
100
105
110
91
111
108
89
120
98
101
102
87
102
96
84
109
91
101
106
88
112
108
97
116
100
104
113
91
108
101
90
112
90
99
102
81
104
101
91
113
96
102
110
93
114
113
95
115
97
97
107
94
111
103
88
108
87
101
113
92
112
108
99
116
104
106
113
92
109
105
90
113
92
99
102
82
100
99
84
108
97
102
109
96
109
106
91
111
91
102
108
90
108
106
93
114
100
98
103
84
107
105
94
117
100
105
111
95
114
113
91
112
95
99
105
92
108
100
85
110
90
98
104
88
101
100
89
111
96
98
102
82
101
93
90
108
88
97
101
86
105
103
87
114
94
101
105
92
109
99
92
115
93
103
104
88
107
99
91
115
96
100
103
83
105
101
93
107
94
104
105
87
112
105
88
111
94
99
104
94
109
104
89
109
87
96
101
83
103
95
92
109
89
99
102
82
105
97
93
114
94
105
109
86
112
99
81
108
91
96
102
88
109
97
86
109
90
100
101
85
104
99
88
111
93
95
102
76
100
97
87
106
88
92
102
85
109
99
83
108
88
94
105
83
102
95
81
100
83
90
97
77
99
91
84
112
88
102
104
87
108
99
91
106
89
92
100
79
102
92
78
101
86
92
101
84
102
95
90
108
92
98
100
83
102
93
88
113
91
93
97
77
92
97
86
106
88
97
101
85
113
100
86
109
88
96
100
82
99
91
82
97
79
89
97
81
107
95
93
117
94
102
104
86
103
95
90
102
83
95
100
79
101
87
77
94
87
93
106
82
99
91
86
105
89
97
100
80
103
89
87
111
84
91
97
74
95
97
87
104
83
94
105
82
106
91
87
102
77
88
99
72
96
85
86
100
84
93
105
87
110
99
90
114
88
98
103
83
103
98
86
102
82
93
100
81
100
89
82
99
81
96
101
79
100
98
88
110
90
96
101
82
101
92
86
105
85
94
98
79
97
95
86
106
83
96
103
82
103
93
87
101
83
91
105
84
103
97
87
108
88
89
99
79
99
89
88
103
87
95
103
82
100
97
86
104
87
96
101
88
102
88
86
94
90
95
105
79
102
97
88
107
94
98
101
80
104
97
93
108
90
98
95
78
98
90
87
99
82
90
97
83
104
95
97
103
92
102
109
86
109
97
92
99
85
91
95
82
100
90
93
104
86
96
104
87
106
95
96
99
86
98
98
87
104
87
86
95
86
100
99
80
103
91
91
101
90
95
98
75
100
89
93
100
80
93
91
68
90
80
78
98
80
94
101
85
112
97
93
104
88
101
97
77
103
91
94
105
81
93
97
81
107
94
98
102
90
101
99
85
111
90
88
103
81
96
95
83
99
84
85
95
85
98
99
78
101
90
86
105
85
91
97
75
97
85
90
95
79
88
97
73
107
89
93
107
88
102
103
86
110
91
94
100
80
97
101
77
104
88
95
103
85
92
98
77
102
90
90
102
85
94
104
78
108
83
87
92
80
89
99
81
99
86
85
97
76
94
99
76
103
84
89
100
82
94
98
74
98
87
94
100
87
100
98
85
110
86
94
103
82
94
103
79
103
87
94
99
81
97
92
83
100
87
92
107
80
83
94
79
103
92
95
100
84
89
101
81
107
85
91
101
80
97
101
82
107
82
87
97
77
93
98
77
102
87
92
103
78
99
97
84
113
96
94
106
86
99
97
75
100
72
82
92
83
97
99
80
104
84
93
114
84
96
94
77
104
86
94
105
76
91
94
76
103
92
87
98
79
91
99
78
106
82
92
98
77
94
97
72
101
84
83
94
77
91
95
75
99
89
100
102
86
98
103
80
109
99
84
96
75
94
96
76
93
80
85
96
78
91
104
77
105
85
93
102
81
99
93
75
100
87
94
104
70
89
93
73
102
88
94
101
83
99
99
89
104
87
89
100
76
91
93
68
93
76
82
87
77
88
95
84
100
87
96
99
81
93
92
77
97
84
85
92
80
93
99
75
93
79
87
93
79
95
93
80
102
88
93
104
82
94
100
79
102
85
100
98
81
85
96
75
103
88
88
98
77
100
88
82
101
80
82
90
72
89
89
73
97
83
87
100
75
94
97
81
111
79
92
96
78
91
94
73
100
80
86
88
75
95
95
82
94
78
76
96
75
95
93
75
103
81
90
99
75
91
89
76
96
81
86
97
74
88
87
66
99
77
85
86
74
85
85
76
93
84
75
95
79
101
87
80
103
88
89
95
75
82
94
73
97
83
86
95
76
95
91
78
104
87
88
94
77
88
98
72
94
82
77
93
77
95
89
75
91
86
81
103
69
91
91
76
98
78
86
94
79
87
85
74
85
79
79
88
70
82
90
77
102
83
88
96
77
93
93
78
91
83
79
96
64
84
83
75
91
83
80
96
78
93
95
76
97
78
90
94
75
92
93
80
93
81
77
87
73
89
90
74
97
76
90
100
72
85
87
76
92
86
78
90
71
83
83
69
87
73
88
95
80
98
97
82
105
86
83
91
74
94
85
76
98
75
86
94
76
84
91
79
99
87
89
99
75
101
91
86
98
79
87
97
74
91
95
74
96
73
82
95
76
95
90
80
94
83
87
95
75
90
86
68
89
79
79
88
72
89
82
75
89
84
86
98
74
94
88
79
100
81
90
92
80
88
89
78
92
86
86
95
72
91
86
81
96
79
90
97
77
96
96
85
102
82
88
97
75
100
91
82
92
84
83
91
83
94
92
79
99
78
91
96
77
91
86
75
86
84
87
96
77
94
90
82
90
75
84
88
78
90
90
72
95
84
87
92
79
95
89
81
96
82
95
87
76
83
85
78
96
77
84
91
76
92
88
88
93
82
81
90
77
93
88
78
90
72
83
85
79
88
78
75
86
81
87
86
75
100
85
78
102
80
91
91
81
96
81
80
86
78
85
94
73
100
83
84
93
83
93
94
81
90
88
79
98
76
91
92
70
89
78
79
100
71
82
87
79
91
90
81
96
74
86
87
71
100
80
78
90
72
75
84
70
89
83
78
102
81
97
94
86
99
88
81
98
77
82
92
77
94
89
70
87
68
82
87
74
93
84
77
91
78
83
96
71
94
86
77
96
82
88
89
76
86
81
76
100
74
82
90
75
92
88
83
92
80
86
88
71
87
82
74
91
71
83
93
74
101
92
88
98
90
93
100
80
99
84
84
100
76
88
90
81
95
93
84
92
76
87
95
75
97
83
89
98
80
95
96
78
93
88
79
91
79
89
92
71
89
77
79
94
78
84
87
77
90
89
80
93
72
81
86
74
93
82
88
99
79
88
93
72
92
88
81
95
82
91
93
82
92
86
89
97
80
87
92
76
99
83
79
96
68
88
93
83
93
86
88
96
77
91
95
72
97
80
83
93
85
88
93
77
87
83
78
97
73
84
83
68
94
83
83
92
79
91
99
81
98
88
81
99
72
87
92
66
91
84
81
90
81
88
97
70
100
84
83
97
71
89
88
74
92
88
79
90
71
81
96
76
94
84
79
95
85
95
95
74
92
85
77
76
77
85
94
69
88
74
75
89
78
84
90
78
99
93
86
105
80
92
95
83
95
84
83
91
80
90
91
69
92
85
86
100
78
94
93
82
95
88
92
89
82
85
96
71
97
80
74
88
73
79
86
81
91
83
83
93
80
95
96
69
95
81
82
89
74
84
84
67
82
75
72
88
73
90
88
75
102
78
83
88
80
84
91
72
84
