80
79
87
80
82
85
84
84
82
79
78
74
78
83
74
85
83
83
84
84
79
79
78
86
81
82
82
81
81
83
78
86
84
79
83
78
78
83
80
81
78
74
77
77
85
87
77
82
82
80
80
84
80
82
77
84
82
80
82
82
79
82
76
82
79
80
81
76
74
78
74
82
79
82
81
81
83
87
78
85
80
79
81
73
75
74
69
77
79
80
80
84
83
88
83
88
81
79
81
76
78
84
81
85
82
78
78
74
82
81
75
83
80
81
86
82
84
83
78
80
81
83
82
81
82
78
69
79
72
76
80
80
84
87
87
91
86
88
89
82
90
86
77
83
78
80
83
78
76
75
76
85
82
84
85
80
83
83
80
90
78
77
80
76
76
80
76
81
72
70
75
65
77
79
71
78
75
75
83
74
79
81
70
79
75
71
71
68
75
73
69
79
71
74
84
79
84
92
81
89
85
83
84
76
81
81
75
81
79
83
90
78
81
80
72
82
82
81
80
78
81
87
80
89
81
80
82
76
78
88
76
86
77
76
80
72
79
84
75
86
83
86
92
84
80
82
73
81
82
79
86
80
82
88
78
85
78
78
85
84
84
89
77
83
84
82
85
80
82
84
76
85
81
82
84
73
76
74
69
80
84
77
83
77
82
84
81
88
80
79
80
78
80
85
76
82
76
75
80
73
81
82
78
81
77
78
82
76
84
86
77
87
89
82
85
80
88
85
80
80
71
72
80
75
81
84
78
82
83
84
86
83
83
81
76
80
79
85
87
77
80
80
71
82
83
81
83
79
91
88
88
87
83
79
82
77
80
82
78
86
78
73
78
66
72
75
68
82
77
80
82
83
89
90
80
87
82
80
84
76
82
83
76
79
74
72
79
76
84
81
75
86
81
78
86
79
79
81
71
82
77
81
80
74
77
77
68
81
80
76
84
76
79
81
79
84
80
77
82
69
77
72
65
76
74
69
78
73
76
82
78
84
82
85
86
76
79
85
71
82
78
74
77
73
79
81
77
79
76
69
78
71
78
78
68
80
79
79
85
80
79
80
73
78
79
77
82
77
76
76
64
78
80
78
78
75
80
84
74
84
78
73
76
72
82
77
76
82
80
81
84
76
76
84
77
82
78
86
85
77
81
81
79
85
79
81
81
78
79
88
80
81
75
76
79
80
81
84
81
85
85
84
94
84
86
87
80
90
83
84
87
81
79
81
74
85
78
79
82
72
76
79
77
89
78
79
85
78
83
84
74
82
80
79
78
66
69
72
69
76
75
73
78
75
78
84
77
83
77
78
80
71
80
82
74
76
72
69
78
75
79
80
72
80
78
79
88
78
78
73
73
80
81
74
84
76
78
73
69
72
75
75
79
71
82
97
81
90
88
86
92
82
85
80
76
82
88
78
83
76
73
83
78
85
88
82
85
76
86
86
84
84
83
80
85
72
83
90
79
83
77
76
75
79
82
83
79
83
85
82
86
80
80
81
76
79
78
77
77
72
77
77
79
75
79
80
86
79
83
89
79
85
79
77
77
77
77
78
75
80
79
81
81
73
75
73
77
82
82
78
82
78
79
85
83
79
77
79
78
72
82
78
78
78
78
76
76
79
80
81
77
86
82
86
83
78
80
78
73
84
81
76
81
79
87
83
83
86
77
80
83
77
80
80
75
87
82
81
83
75
83
77
79
85
81
84
80
73
75
74
72
85
81
79
77
76
86
81
84
81
79
75
85
76
86
83
77
82
75
74
74
73
82
76
75
79
80
83
85
74
85
77
78
88
82
85
87
81
84
80
76
76
72
70
84
73
87
79
79
86
91
84
89
82
85
87
81
85
86
84
84
71
82
74
76
82
82
78
83
77
81
84
81
87
78
81
83
78
84
79
77
79
77
73
76
68
75
75
74
81
75
83
88
83
89
82
86
87
79
76
81
74
82
79
77
79
73
77
83
80
85
85
88
87
84
82
92
80
83
80
82
83
85
82
86
77
81
78
78
88
81
85
88
80
90
87
86
87
79
75
82
75
77
77
78
82
72
76
85
72
82
85
85
90
89
89
92
80
90
78
84
88
80
83
86
82
86
84
80
81
75
79
89
77
89
80
87
86
82
86
88
78
84
82
80
87
86
85
83
74
84
78
81
87
81
80
91
79
87
90
81
88
76
80
85
72
81
80
84
83
83
81
93
74
89
79
79
84
82
85
84
74
81
79
79
81
78
71
81
71
82
80
73
75
73
75
78
77
80
80
77
85
86
83
88
72
82
77
75
79
83
79
84
74
77
75
74
84
74
76
78
76
81
76
76
77
76
72
77
80
80
83
-12
120
-148
-219
-410
-462
-461
-465
-466
-467
-463
-466
-463
-462
-463
-462
-462
-462
-462
-461
-462
-461
-462
-462
-462
-463
-463
-463
-463
-462
-463
-463
-463
-463
-463
-463
-464
-463
-464
-464
-464
-464
-464
-465
-465
-467
-469
-471
-471
-470
-468
-466
-465
-464
-463
-461
-430
-381
-342
-306
-268
-243
-213
-195
-169
-148
-126
-105
-90
-84
-63
-45
-31
-21
-16
-3
6
17
25
29
35
28
42
41
48
48
62
58
60
53
57
59
69
74
73
76
78
83
82
87
94
78
86
83
83
80
79
76
73
74
72
72
70
78
78
86
85
83
92
86
90
81
82
75
82
75
75
71
73
77
74
77
69
66
65
76
71
73
73
65
75
69
70
71
62
58
55
56
54
54
53
52
47
44
38
38
51
46
45
43
42
40
43
39
38
36
31
38
31
41
29
30
36
28
34
28
33
29
41
34
36
32
33
29
33
33
27
29
35
20
31
29
26
28
34
25
32
19
26
28
33
32
25
32
35
30
38
38
34
32
29
33
34
25
41
32
34
35
32
25
45
38
40
42
37
40
40
43
49
43
48
46
54
57
56
60
66
67
68
67
58
56
55
63
66
64
78
68
74
74
79
74
79
68
78
74
73
80
76
78
77
74
72
78
80
86
81
81
89
79
89
90
86
93
82
89
90
90
91
88
88
87
82
86
90
83
93
86
88
91
94
92
95
97
95
102
96
103
92
100
95
94
99
95
96
88
97
96
101
98
105
107
98
108
100
106
106
99
105
102
103
106
110
105
109
100
105
108
111
115
106
112
114
108
114
117
114
113
106
106
116
107
114
109
108
104
107
106
107
107
111
112
114
119
121
116
121
111
115
109
111
104
110
109
114
109
112
110
106
106
106
109
116
114
118
116
115
114
118
119
118
108
116
113
116
116
113
114
111
108
107
109
125
117
116
114
120
113
124
118
114
113
110
109
110
110
110
115
111
113
110
115
114
112
122
118
120
117
118
111
114
115
118
117
117
119
111
115
115
113
120
110
109
109
110
111
116
109
112
111
108
113
110
122
111
108
110
105
108
110
112
111
108
98
108
102
108
111
104
106
101
103
112
105
103
109
98
103
108
99
113
107
111
110
100
106
94
101
101
98
98
108
101
106
104
103
110
100
104
101
99
103
105
101
111
102
93
102
93
105
104
96
100
98
99
97
95
104
100
91
100
99
94
109
94
102
94
91
93
86
97
95
92
95
102
97
105
99
99
99
95
104
104
99
98
94
93
94
83
87
88
85
95
93
94
95
89
93
95
95
93
92
89
91
84
88
90
82
94
86
84
83
79
85
92
83
85
82
85
89
83
89
82
82
83
80
80
76
70
75
74
65
71
69
75
73
67
74
70
75
78
76
77
75
64
62
67
60
59
59
65
72
67
58
55
54
61
61
57
63
57
63
64
62
65
62
58
57
51
55
55
54
56
50
47
50
40
50
53
48
60
46
54
51
52
49
47
39
45
38
40
42
37
44
44
39
41
39
40
53
40
44
42
40
43
37
38
45
32
43
40
36
41
38
40
45
36
35
37
25
42
34
39
39
30
45
35
31
43
35
29
39
25
34
33
28
36
27
31
33
18
34
34
24
33
33
21
31
28
35
27
25
31
26
29
33
21
34
34
22
33
27
23
30
24
30
28
31
32
29
33
36
20
36
29
26
31
30
30
36
27
33
28
26
31
36
32
36
28
42
34
28
42
33
30
39
25
38
33
28
38
33
31
35
23
36
30
34
32
33
33
36
36
41
40
35
43
40
48
47
38
46
41
35
39
35
35
42
38
50
45
48
52
48
50
54
45
54
49
48
52
48
49
57
47
54
50
43
54
51
57
55
48
56
52
51
62
56
51
58
49
58
53
53
57
49
45
49
41
49
49
49
56
51
53
65
60
69
69
62
62
59
57
61
51
60
59
56
63
57
53
63
58
68
71
70
76
71
71
77
69
76
70
68
74
69
70
82
70
76
70
65
70
71
72
79
70
78
76
75
84
77
72
81
68
78
80
73
79
77
73
79
72
77
78
81
86
85
86
100
78
86
85
80
82
87
83
90
82
90
88
84
86
80
77
90
84
92
96
86
92
90
89
96
85
92
90
87
90
88
86
97
83
86
86
86
88
94
92
95
88
93
91
92
94
90
86
91
85
95
92
91
91
93
93
97
90
93
94
93
95
91
91
99
86
100
93
96
92
98
89
96
88
96
97
96
94
95
93
96
89
98
101
95
103
97
99
105
98
98
97
96
99
93
102
103
93
102
95
94
95
100
93
98
88
98
96
96
97
96
99
101
93
106
100
100
102
99
101
98
92
99
92
100
102
97
102
106
99
105
102
102
99
100
97
101
96
103
104
106
103
97
93
102
96
106
103
100
104
103
105
110
106
108
106
104
105
101
105
108
99
100
93
96
92
96
95
107
95
107
104
106
108
108
110
112
105
113
105
99
101
102
101
105
98
103
102
104
108
105
109
108
103
111
109
108
109
108
105
109
102
106
107
108
104
101
101
102
98
109
106
100
107
110
108
111
108
111
105
104
102
97
106
103
98
103
99
102
101
100
104
111
108
110
109
111
111
108
109
106
103
112
109
108
108
108
108
107
99
105
96
101
106
103
107
107
105
109
108
108
108
104
106
105
100
107
105
105
104
96
100
97
97
109
104
104
107
102
107
108
99
103
98
99
100
96
105
104
99
109
101
103
110
100
105
107
99
105
105
104
105
103
108
108
102
110
103
104
104
98
105
108
96
105
94
104
107
101
105
106
101
111
104
106
116
102
104
108
100
107
106
107
109
99
102
104
97
109
103
100
105
98
104
110
102
108
103
106
108
105
114
111
105
114
104
100
103
91
100
102
96
103
106
104
108
102
103
104
97
102
99
98
102
101
101
108
95
105
92
97
105
105
106
109
101
106
106
107
112
100
104
104
97
105
106
103
105
97
96
93
92
100
95
99
100
96
104
107
102
108
106
106
106
108
105
105
96
103
98
99
101
93
106
105
103
105
110
104
106
104
109
111
104
110
106
104
105
101
107
110
103
103
99
98
103
104
106
105
97
108
106
111
114
101
109
105
98
103
98
99
102
91
103
98
92
109
104
106
108
104
114
111
106
111
105
103
105
99
102
102
100
107
104
106
103
92
105
102
100
109
105
104
108
101
107
106
104
105
102
100
104
98
109
107
94
106
96
93
109
100
103
107
101
108
104
107
107
94
104
101
92
109
100
96
105
100
102
100
98
108
105
103
106
99
107
105
97
108
101
101
104
99
102
103
94
108
95
103
99
91
101
100
98
106
100
96
102
100
102
106
97
103
98
96
100
93
106
101
93
101
96
91
107
101
99
101
89
106
96
97
100
97
97
99
90
108
101
104
106
100
100
101
94
99
94
98
97
96
102
102
100
103
98
90
110
96
97
99
95
107
101
98
97
92
97
100
96
108
99
97
106
101
109
108
101
104
103
101
105
99
113
105
97
103
94
93
105
96
107
97
96
103
105
105
106
99
103
103
97
105
93
100
98
92
95
97
87
89
96
95
101
94
105
96
94
92
100
94
104
91
100
94
94
102
96
92
104
86
93
99
92
101
93
95
101
91
101
103
93
104
95
98
95
91
96
94
90
94
88
89
102
87
103
96
93
106
100
99
101
93
97
89
92
96
85
89
101
88
93
100
82
89
87
94
95
96
93
103
93
103
95
94
102
85
96
91
93
97
95
95
96
86
91
97
92
103
94
96
100
96
98
97
90
93
93
93
99
100
94
104
95
100
92
96
96
92
102
95
94
97
95
95
100
88
98
97
96
96
91
96
95
96
91
95
85
90
95
96
99
96
99
96
95
100
96
103
96
90
100
96
88
97
96
88
98
88
97
89
103
96
91
95
95
88
102
95
93
98
89
96
96
95
100
93
97
92
94
93
92
86
100
88
90
98
95
101
99
97
101
93
101
90
95
94
102
88
105
94
93
86
92
96
94
98
96
95
97
100
99
100
99
87
100
95
95
102
96
94
97
86
90
88
90
97
89
94
108
87
106
98
97
94
98
93
102
92
100
89
91
96
85
99
89
91
98
92
99
97
93
95
105
89
102
95
97
98
92
100
97
90
102
91
89
93
90
92
105
88
98
90
94
97
88
102
97
92
95
96
87
101
86
89
95
86
94
88
95
98
94
96
100
90
105
97
94
99
85
89
97
92
93
91
96
91
96
90
96
88
98
93
92
103
95
101
97
95
104
94
92
94
93
90
97
86
99
85
92
88
84
95
96
89
98
91
97
95
97
96
93
87
91
87
91
96
89
92
98
87
93
96
89
102
95
95
101
93
99
89
98
93
92
94
103
88
98
93
97
94
92
93
93
88
98
90
97
97
95
95
101
89
102
97
93
100
88
95
99
93
101
89
94
93
89
96
100
86
100
88
99
92
94
100
101
87
99
97
94
105
94
101
108
90
101
92
98
97
95
98
100
92
105
97
97
103
95
100
100
88
99
91
102
95
98
89
102
83
100
99
91
99
91
99
98
90
100
89
92
93
90
85
97
88
100
85
86
89
76
87
90
84
90
93
90
97
88
94
100
84
98
88
98
90
94
97
96
85
89
92
86
96
90
98
98
91
104
95
98
96
90
99
98
86
96
92
92
97
90
90
90
86
94
93
99
89
95
94
100
86
97
91
95
96
88
91
91
90
92
90
82
83
78
84
96
81
92
94
98
96
96
91
104
88
98
92
93
90
84
93
94
85
99
84
89
93
95
93
96
89
105
95
95
98
86
102
93
89
94
91
93
96
91
90
93
81
92
92
97
90
90
99
96
95
107
96
88
98
86
86
96
83
97
90
92
95
88
94
97
91
101
93
94
102
90
93
96
81
99
88
97
91
93
94
99
86
98
88
83
95
92
97
99
88
101
93
94
96
88
91
97
84
94
92
90
102
87
92
90
83
90
93
93
97
88
87
94
85
100
88
87
92
88
94
94
88
93
95
86
93
91
85
92
82
91
87
88
97
84
92
97
86
91
97
87
93
87
89
92
85
97
83
85
90
91
91
97
79
92
91
92
98
88
93
93
88
92
92
95
98
90
90
95
81
82
88
77
85
77
83
88
90
94
94
90
93
91
93
103
87
95
91
91
89
85
84
88
85
92
92
87
95
91
99
91
88
94
92
93
92
89
91
92
87
87
89
81
86
85
96
94
90
90
92
93
96
94
88
95
88
96
88
93
96
79
87
85
78
81
89
89
93
92
92
101
90
102
92
98
89
86
90
92
86
90
89
85
87
86
84
88
81
95
84
89
91
86
91
99
86
93
94
86
92
83
88
94
89
91
84
88
85
88
91
94
86
92
86
88
96
90
93
91
79
85
80
83
88
86
84
91
81
90
94
90
97
90
97
92
96
89
95
89
89
93
90
94
87
95
91
91
89
85
86
86
83
87
93
92
93
90
92
94
87
93
89
86
88
88
87
92
91
88
88
84
84
84
93
92
86
92
91
88
87
90
87
89
86
93
91
91
96
88
95
90
86
90
89
84
87
84
88
92
87
91
87
91
89
87
90
89
87
87
89
87
87
84
89
85
82
90
82
91
86
88
88
88
87
92
91
87
88
81
88
87
85
84
81
81
77
80
87
83
79
82
80
84
94
84
94
89
89
92
89
91
91
84
87
85
76
90
79
84
94
81
94
91
90
94
94
92
90
89
95
90
85
94
90
90
92
81
85
84
85
88
92
91
94
91
96
94
91
101
85
90
92
85
90
93
85
84
80
73
78
74
89
90
85
91
87
93
100
88
94
92
86
90
82
86
89
83
91
83
80
86
79
86
92
87
89
97
88
96
88
95
97
89
95
92
89
90
89
88
95
89
88
86
82
94
92
93
92
89
92
93
88
94
89
84
88
80
85
89
91
93
86
88
86
89
95
97
91
93
91
91
97
87
98
88
92
93
95
92
92
90
95
93
89
91
82
87
92
86
89
92
93
92
92
92
93
87
95
88
83
87
85
90
93
83
93
81
82
84
94
89
93
82
88
85
87
90
80
85
89
86
93
95
94
97
88
90
95
85
97
87
90
88
89
100
97
85
97
88
89
96
91
92
100
82
98
89
93
88
84
89
88
89
96
89
88
97
89
94
100
86
96
90
90
91
91
95
100
79
92
90
83
92
90
83
90
82
87
96
91
95
91
89
97
80
95
91
85
93
84
85
90
81
90
91
88
94
85
97
97
87
101
92
92
98
92
91
95
87
95
95
92
94
84
84
92
87
95
90
89
92
92
92
100
88
92
93
91
93
88
90
94
79
82
80
75
86
90
92
97
88
104
98
101
95
95
93
94
86
96
86
90
91
90
85
91
79
90
90
93
91
91
94
93
89
94
92
88
94
89
86
92
85
92
90
90
86
87
83
90
87
99
89
91
97
89
95
103
86
93
88
89
83
84
86
88
82
88
85
83
95
89
91
95
86
91
89
90
92
86
86
90
81
92
87
87
89
87
87
94
82
88
89
90
92
87
92
96
80
95
91
89
95
87
85
91
82
91
92
86
88
81
80
90
82
94
88
86
91
88
84
95
79
86
81
79
92
88
90
96
85
93
90
84
91
88
89
92
81
90
91
86
91
89
85
90
81
90
87
85
91
89
84
96
77
84
88
87
90
92
90
96
84
93
94
87
92
86
89
93
86
89
93
87
87
85
81
89
86
90
88
87
89
87
89
99
89
94
94
93
94
96
90
98
83
88
85
82
83
84
87
91
85
91
93
92
95
92
89
97
87
95
91
90
89
