77
69
71
67
74
79
76
78
84
76
82
71
83
72
74
75
76
71
81
71
77
76
70
74
74
79
83
71
83
78
76
82
78
74
78
70
78
79
80
80
82
83
80
76
85
76
77
79
77
78
87
76
84
80
91
83
83
81
82
78
80
81
79
81
75
73
78
70
80
81
79
80
79
73
85
82
88
83
79
82
79
81
90
80
90
80
80
80
82
78
78
73
77
77
80
85
83
90
87
82
99
86
83
87
83
82
81
71
77
69
73
77
71
80
85
80
85
80
79
87
80
80
80
72
85
78
82
83
76
74
74
69
79
86
79
82
79
78
86
77
84
73
75
79
75
77
76
77
76
71
65
72
67
74
78
72
85
84
87
88
84
82
90
77
82
85
72
76
70
73
77
71
77
75
72
79
76
78
87
72
83
80
80
82
80
81
81
73
77
81
79
81
71
73
79
65
83
78
78
78
78
80
85
85
82
80
76
76
74
78
80
66
81
78
80
79
80
82
91
81
84
84
88
86
76
79
83
73
82
78
74
78
80
83
85
76
79
70
72
76
73
80
79
74
81
83
82
79
74
78
78
72
79
75
83
81
74
75
75
69
81
84
77
79
75
77
78
74
79
71
75
77
80
85
83
78
88
84
77
79
70
78
79
71
83
74
78
77
76
78
80
74
89
78
78
81
72
83
83
73
76
71
69
75
74
80
79
70
84
76
78
87
73
78
80
74
77
75
77
80
70
73
74
61
78
70
70
70
64
72
75
74
82
80
75
83
75
84
76
70
82
77
73
75
65
66
75
69
76
77
75
81
76
81
81
72
82
74
76
75
74
76
87
73
78
72
66
77
75
82
82
79
85
88
82
91
81
78
84
74
87
81
82
78
81
73
73
66
71
80
80
82
77
84
93
79
90
86
81
81
81
82
80
66
81
79
75
83
71
73
80
78
80
81
79
81
80
79
84
75
82
78
75
80
74
75
81
75
73
76
67
75
78
75
79
71
79
76
75
86
79
76
76
73
75
78
70
77
73
79
76
72
81
80
85
83
82
83
85
78
83
82
73
79
74
77
75
71
73
76
78
79
74
73
78
76
83
84
77
83
76
82
83
82
83
79
77
78
74
78
83
73
81
73
70
75
74
79
76
76
75
74
76
77
71
71
76
67
84
79
78
84
79
79
82
75
76
73
71
78
69
78
89
73
81
77
76
74
78
77
77
72
79
80
74
77
69
69
76
71
80
76
77
77
75
77
82
78
81
73
76
83
76
82
83
77
75
76
71
74
82
74
78
69
77
77
79
77
76
80
82
78
84
86
78
83
76
78
79
74
73
75
76
79
77
81
81
79
82
83
79
85
78
79
79
83
80
83
89
81
77
77
79
77
84
80
73
84
77
85
82
86
83
82
71
81
77
85
85
77
78
74
74
71
75
83
76
80
84
90
90
90
83
89
84
77
86
76
77
78
77
86
77
75
75
78
77
85
79
86
84
81
84
84
89
85
82
83
82
78
86
80
81
77
70
78
71
78
89
76
79
78
79
78
83
76
79
75
74
73
67
79
71
72
74
67
72
71
74
82
86
77
89
85
88
84
80
83
81
77
83
77
74
81
75
79
86
70
79
72
81
82
77
82
79
78
83
80
76
85
74
79
79
72
78
75
80
77
72
73
72
70
80
70
71
77
72
79
80
72
75
67
66
72
70
72
79
74
84
77
76
84
68
84
81
80
78
82
80
87
76
85
83
82
87
80
81
84
78
84
84
75
73
75
74
87
79
81
82
86
85
81
83
86
76
81
82
76
76
83
75
81
68
76
69
79
81
79
72
77
70
75
80
71
77
73
78
86
82
87
79
85
85
82
79
81
71
84
83
78
83
84
85
85
80
91
83
85
84
83
78
83
76
84
83
79
81
71
82
83
81
82
78
80
88
84
82
89
76
88
81
77
87
80
84
85
72
77
69
70
76
74
72
81
75
89
88
86
87
83
83
84
84
82
82
76
83
73
80
73
66
84
82
82
82
83
85
88
79
88
87
82
85
81
85
87
77
88
87
79
79
73
74
87
79
88
83
80
86
82
88
88
72
84
83
79
82
73
74
82
65
76
72
77
80
86
83
90
84
94
94
87
92
88
81
87
76
85
78
79
82
84
82
86
78
83
85
82
88
83
81
87
77
88
84
83
81
82
80
85
75
88
82
81
80
77
76
89
81
85
84
88
82
82
85
86
72
82
74
70
77
75
76
82
75
82
79
69
77
84
90
77
110
2
-42
-81
-454
-459
-461
-466
-465
-466
-465
-465
-461
-462
-462
-461
-461
-461
-461
-461
-461
-462
-462
-461
-463
-462
-462
-462
-463
-462
-463
-462
-464
-463
-463
-463
-464
-463
-463
-463
-464
-465
-465
-465
-466
-466
-468
-469
-471
-471
-469
-466
-466
-465
-463
-463
-461
-430
-385
-348
-311
-273
-245
-211
-185
-159
-140
-120
-94
-84
-65
-55
-37
-28
-17
-9
5
9
22
21
29
36
42
48
47
52
59
56
64
78
73
72
74
74
78
75
80
83
80
77
76
72
85
76
78
76
82
82
89
83
92
86
86
85
89
85
88
79
83
78
74
76
69
66
74
72
76
74
77
75
76
75
77
68
74
69
65
64
64
63
63
56
57
48
47
52
52
50
53
48
57
49
51
54
52
44
44
46
44
47
43
41
41
30
35
26
39
35
34
36
39
34
39
38
40
34
27
32
29
29
29
26
32
20
28
23
22
20
25
22
29
27
27
28
28
29
30
32
30
25
33
23
29
31
31
31
32
22
28
34
33
33
26
36
36
31
45
41
43
39
39
37
41
37
43
41
42
46
44
48
51
48
57
53
55
56
57
58
62
55
60
60
63
63
61
64
73
69
74
72
71
71
71
74
79
75
83
84
83
85
82
89
86
81
86
83
85
90
87
89
90
82
85
85
94
91
89
91
97
84
100
89
91
94
90
95
101
92
104
101
101
101
96
104
97
94
107
102
100
106
104
101
105
102
104
105
105
107
102
104
109
100
109
104
102
102
106
109
115
109
114
115
112
115
112
120
115
108
116
113
113
117
115
115
113
109
115
112
118
117
111
113
114
110
120
117
118
117
117
120
122
116
121
117
118
119
112
114
110
110
117
115
117
121
120
121
124
119
124
120
120
119
116
119
119
115
123
115
114
114
110
115
120
112
118
113
120
119
119
124
121
114
122
116
120
124
116
119
116
106
111
106
113
116
117
122
123
123
133
132
132
132
126
124
130
123
126
121
120
120
116
118
115
111
123
120
119
123
116
119
120
115
120
118
118
121
112
116
116
112
120
112
107
109
105
113
118
111
119
115
117
120
119
122
121
113
118
115
111
114
106
110
112
105
111
109
112
119
116
120
123
120
125
121
118
119
110
113
122
109
118
116
114
116
115
112
111
105
113
111
109
113
104
110
114
108
117
113
111
108
105
108
108
109
114
106
105
107
99
107
112
104
107
108
110
110
105
103
103
97
97
96
96
102
98
102
106
100
103
100
101
104
101
104
103
100
103
99
100
100
92
103
98
96
99
97
99
100
93
98
93
85
97
90
99
93
91
96
88
89
97
84
87
89
81
87
89
87
89
84
82
81
75
85
86
75
83
77
76
80
74
80
83
72
78
74
80
78
73
79
77
66
73
68
64
71
65
67
69
67
73
67
69
71
62
66
67
58
61
57
59
63
55
60
58
48
59
57
63
62
52
61
61
55
66
63
55
56
48
53
53
51
59
54
51
50
44
50
49
42
46
44
47
53
50
53
54
44
50
45
45
48
38
45
46
37
45
35
29
42
30
42
39
35
43
36
36
41
31
43
36
33
40
38
36
47
36
37
35
26
39
37
39
40
33
39
38
34
42
36
30
42
28
34
34
29
38
26
24
26
21
29
30
30
37
34
34
43
32
38
33
26
39
32
30
35
26
34
33
30
38
29
30
38
29
38
39
33
38
35
36
43
36
38
39
33
37
35
39
46
36
37
32
33
36
42
42
42
37
40
43
43
51
41
39
44
33
41
40
35
42
45
41
44
40
46
47
49
51
46
49
59
45
49
48
44
46
49
44
48
42
50
48
49
50
41
40
48
42
50
55
46
52
53
53
55
51
54
50
48
55
51
52
67
56
53
52
51
51
58
57
62
52
61
63
58
64
65
58
67
62
68
71
66
75
73
72
74
65
70
68
70
76
73
71
79
70
80
77
79
79
81
75
80
69
72
76
75
72
70
67
76
72
82
80
76
77
83
76
88
83
81
81
78
80
78
78
82
72
79
74
72
73
79
74
79
67
77
80
83
86
80
86
89
83
90
87
89
86
86
84
88
79
80
82
87
88
83
89
91
84
91
93
95
87
89
85
91
85
95
92
95
91
88
84
87
87
95
99
88
98
95
99
100
91
99
93
93
98
93
93
95
92
93
90
86
87
92
100
102
96
108
103
110
108
105
105
101
95
98
97
94
100
91
100
95
94
93
93
99
100
96
100
101
89
106
101
100
103
99
98
104
96
101
98
99
106
96
97
100
95
116
104
104
106
105
105
109
108
110
104
104
107
97
102
94
96
107
107
105
109
108
110
114
108
116
110
111
113
110
109
111
105
113
111
108
107
111
109
118
106
110
112
106
111
109
112
116
112
113
112
114
118
106
104
111
99
109
109
110
112
112
106
106
100
112
111
110
113
108
109
116
97
110
103
103
104
105
106
114
112
114
109
106
112
100
104
111
95
114
109
109
108
107
111
109
102
110
108
108
109
106
108
113
104
106
103
112
110
114
112
119
107
114
111
115
116
107
110
112
108
114
115
113
111
105
104
109
101
111
103
106
107
104
98
113
108
112
111
114
117
117
114
115
107
116
105
106
108
97
101
107
99
110
109
108
112
107
109
113
108
116
104
106
107
105
108
112
99
106
102
103
108
108
109
111
105
111
111
114
125
106
110
115
99
116
111
116
119
103
103
101
99
105
102
102
115
110
116
124
109
126
116
118
114
117
112
107
107
113
107
104
108
96
105
113
104
114
115
112
112
110
114
119
107
115
118
110
117
112
116
116
105
111
108
105
114
113
109
119
106
118
116
119
118
111
116
113
106
110
108
103
106
92
104
105
97
111
107
109
110
110
117
117
114
113
113
107
108
105
105
109
105
113
112
110
107
103
106
115
101
114
113
107
114
107
113
113
110
116
110
105
109
108
116
116
103
111
105
105
110
106
110
107
108
116
115
120
115
106
106
109
100
110
111
113
112
109
107
107
101
110
112
108
112
105
109
112
106
115
108
108
113
107
112
113
105
118
115
106
104
99
104
108
104
111
106
108
110
104
109
112
100
111
106
104
107
101
114
108
103
107
99
99
113
105
106
106
97
108
103
106
115
105
109
110
108
117
112
109
115
110
109
114
98
109
106
107
106
102
111
107
104
113
115
106
122
108
112
114
106
115
115
113
111
103
104
115
106
116
111
103
115
106
113
114
106
108
100
103
104
103
107
113
105
109
101
96
108
102
105
102
103
107
113
109
115
116
108
114
106
114
108
107
111
107
104
109
99
96
104
99
109
103
106
111
101
108
106
102
107
102
104
105
101
104
110
100
103
95
99
100
104
109
107
109
106
106
107
114
104
106
105
100
108
101
105
101
99
99
97
89
104
102
109
112
106
111
113
110
111
109
110
108
106
108
107
101
104
102
107
105
98
102
103
107
110
110
109
108
102
108
112
107
108
101
107
105
100
104
103
104
99
96
95
101
99
111
100
100
105
101
109
109
101
104
98
93
99
98
97
100
92
104
98
102
94
102
107
105
99
103
107
96
101
95
102
100
94
105
95
102
100
96
101
101
90
93
99
93
106
96
100
103
94
108
97
103
97
92
101
98
92
104
97
96
99
90
99
93
103
102
105
98
102
95
103
102
93
97
98
94
105
98
104
101
99
96
100
96
93
92
96
98
87
101
95
97
98
90
104
99
102
98
101
93
103
95
102
94
93
98
88
97
96
92
96
96
95
95
99
97
96
88
95
93
92
98
94
96
89
93
95
90
97
87
89
91
96
93
102
96
100
100
97
95
103
96
95
104
96
99
92
99
89
92
102
93
99
103
98
96
100
98
97
98
94
101
91
101
96
95
101
92
94
92
90
92
99
90
99
95
97
99
91
103
93
92
94
94
91
105
90
89
90
85
92
86
88
99
90
96
95
98
100
99
93
106
92
97
93
89
95
93
92
92
91
89
95
87
95
97
86
105
90
98
100
90
102
99
98
97
96
89
100
88
102
90
90
96
85
96
98
91
98
95
101
99
101
99
108
91
104
98
88
102
95
96
95
93
99
100
93
107
104
99
104
97
106
102
99
102
94
100
102
92
101
99
96
103
99
93
98
82
101
94
98
97
99
98
101
90
102
100
91
102
91
94
99
92
101
94
98
87
92
92
102
87
99
94
93
100
97
91
93
88
90
94
93
97
92
99
101
88
99
95
96
99
96
92
99
96
97
98
94
102
90
105
102
94
105
96
97
100
99
97
93
89
98
97
97
100
92
105
102
95
100
102
98
98
99
94
104
94
101
95
95
101
85
98
102
90
97
90
94
100
92
98
103
90
108
99
103
108
95
104
101
92
101
92
90
98
93
98
96
90
106
95
101
100
94
103
97
88
97
92
94
101
93
95
93
83
94
93
98
90
93
92
100
89
104
101
85
96
86
89
96
86
99
88
92
89
83
83
92
84
97
94
95
103
96
99
100
90
102
98
97
97
89
93
98
82
99
85
85
92
101
93
103
93
101
97
95
105
96
94
100
85
100
93
94
98
91
91
93
77
92
95
96
94
92
92
97
90
103
97
93
97
92
88
97
84
91
89
81
87
85
87
92
92
97
93
104
103
93
98
100
86
95
94
90
89
88
88
92
90
96
86
85
88
89
96
97
87
96
95
101
96
97
97
95
93
96
91
92
103
89
96
92
90
94
96
91
96
89
98
99
92
100
98
89
94
86
91
99
84
95
95
96
94
94
91
100
90
102
95
97
103
91
96
96
90
97
95
97
96
91
98
101
91
100
86
92
91
94
98
102
92
103
98
93
105
99
95
99
92
102
95
100
98
93
95
97
83
92
103
89
98
86
93
95
88
92
88
92
93
93
93
101
86
100
94
97
95
97
91
94
89
98
91
93
99
88
96
101
94
100
98
91
96
92
93
97
92
98
92
90
93
94
93
101
85
95
98
90
96
97
91
97
83
94
93
90
97
88
94
92
88
85
90
86
87
85
92
97
91
96
97
99
94
98
97
96
93
100
97
94
93
95
88
90
87
95
95
96
90
90
92
94
89
90
92
90
92
88
92
96
89
92
87
89
85
86
94
98
84
92
95
90
93
95
95
94
90
95
90
96
89
86
88
84
76
84
84
87
91
89
96
91
94
95
93
95
93
90
91
90
80
87
86
88
86
85
87
85
84
93
89
93
89
87
88
94
86
94
91
89
91
85
89
91
88
93
87
84
84
82
94
91
86
91
87
91
96
89
95
95
88
89
88
87
87
85
91
87
83
95
88
91
96
87
96
95
95
101
94
96
91
90
98
90
88
95
93
92
97
86
89
89
88
93
94
95
96
87
96
94
93
101
90
91
98
89
95
99
92
99
89
90
90
83
95
94
91
94
93
90
96
84
92
90
85
90
88
91
94
90
97
92
90
99
84
90
94
89
92
94
91
93
90
90
93
90
94
94
87
90
89
91
97
82
89
87
85
93
93
91
93
89
93
96
90
103
87
92
95
87
89
93
86
93
86
84
87
82
97
84
86
93
84
91
95
85
95
93
90
94
95
93
95
91
97
90
88
95
82
87
89
86
91
96
85
93
92
91
93
87
95
92
84
95
90
93
97
82
88
86
81
90
92
91
92
86
95
93
93
99
86
90
94
90
95
102
86
99
85
85
88
81
87
89
84
92
88
91
96
84
95
93
89
95
94
88
91
82
88
88
81
80
81
78
90
82
87
91
84
91
90
91
99
88
94
96
86
95
93
92
100
83
93
89
81
91
94
86
93
87
96
91
93
98
90
91
94
88
92
90
85
89
86
84
87
80
86
88
85
93
91
95
102
92
100
95
86
92
91
88
89
85
93
94
92
91
89
84
89
85
89
92
84
93
92
93
100
87
94
91
85
91
87
91
92
85
87
85
81
92
91
91
93
89
94
95
95
93
92
87
85
82
89
89
85
95
92
86
91
88
90
95
93
93
92
92
90
82
90
88
81
90
84
85
88
83
89
89
84
86
81
80
91
85
97
87
87
95
88
89
95
87
90
90
85
92
85
89
93
81
88
83
80
89
85
86
92
80
89
88
86
93
87
84
92
82
96
87
87
95
93
90
96
80
87
85
85
91
87
88
96
83
93
95
88
100
89
88
94
85
92
96
85
91
88
80
91
86
96
89
91
96
88
90
104
84
91
91
84
90
88
87
92
89
87
86
78
85
84
83
86
82
90
95
91
95
95
91
100
90
101
94
94
96
89
87
93
81
82
88
87
91
91
92
100
85
95
93
89
95
88
88
92
86
91
91
89
86
83
82
87
86
94
90
89
92
94
95
102
90
94
97
89
93
93
90
91
82
83
82
81
83
86
90
95
89
98
100
92
101
95
96
95
91
91
87
89
91
87
90
96
79
88
90
91
95
96
90
98
88
99
93
97
89
93
91
96
81
94
96
88
90
86
88
87
88
94
88
90
92
89
92
101
82
90
84
86
85
87
85
92
83
86
89
87
87
91
93
104
88
97
93
92
91
89
86
91
86
92
84
86
92
89
91
93
83
87
82
90
95
95
92
97
84
98
93
95
93
89
85
92
84
89
90
88
89
88
82
88
87
92
89
87
87
89
87
91
84
86
86
84
92
94
89
95
92
96
91
92
89
95
92
95
79
92
90
85
95
91
91
90
88
91
88
87
87
86
91
92
79
85
83
77
90
90
90
91
89
92
94
97
87
86
86
88
81
91
89
90
91
87
91
84
86
89
88
83
86
85
98
92
89
96
83
63
69
79
89
90
86
92
90
89
86
80
88
95
89
96
90
97
92
94
95
97
85
90
92
93
93
91
94
91
82
89
79
86
89
91
90
97
88
98
89
97
94
89
90
95
88
