73
78
75
67
79
76
79
83
73
84
80
74
88
78
79
86
74
82
80
80
86
78
76
81
72
79
81
75
85
74
80
87
75
80
79
74
81
71
78
78
67
79
77
69
85
74
76
84
77
88
78
79
84
71
77
83
70
85
79
72
80
71
77
86
75
78
75
70
79
71
81
81
68
84
80
78
93
81
80
87
74
84
80
78
88
76
79
83
67
82
81
74
82
73
77
89
71
82
81
73
86
76
84
90
78
92
89
84
96
71
73
83
69
84
83
79
86
77
81
88
75
89
82
74
86
76
78
92
75
83
78
72
81
76
83
88
73
84
86
78
93
78
82
89
73
85
83
78
83
78
77
77
68
80
77
73
83
73
78
90
76
85
88
84
89
83
85
89
74
83
80
74
88
70
73
82
75
86
86
80
86
78
83
91
79
91
85
85
87
77
80
92
77
85
82
79
82
77
83
85
71
85
87
82
92
81
84
86
73
83
83
74
81
71
72
78
69
79
74
76
86
83
86
95
79
91
86
79
83
75
80
85
71
90
82
79
88
71
73
76
70
88
88
80
90
79
89
93
83
92
85
83
92
76
84
93
73
89
76
73
76
81
84
87
72
87
88
83
87
71
79
83
66
82
79
77
83
79
85
83
81
90
88
85
97
79
87
94
75
89
85
84
90
83
82
91
72
88
83
81
85
75
81
82
74
86
92
79
88
76
81
94
81
91
89
77
86
78
86
85
76
86
80
73
78
69
76
83
66
77
73
75
80
71
77
84
72
86
85
78
91
82
88
88
75
83
75
78
83
76
86
91
87
90
87
85
90
81
83
86
73
87
84
86
82
72
75
79
70
82
81
85
86
79
82
84
82
88
82
74
88
79
86
86
71
82
74
73
72
66
72
75
69
78
77
82
88
78
80
91
79
95
84
85
85
74
75
80
71
81
73
76
87
74
88
84
74
88
80
85
88
79
83
87
71
91
79
88
90
73
84
80
75
97
76
78
87
77
87
93
80
93
80
82
79
75
86
78
72
82
71
70
89
71
81
83
71
90
82
91
99
77
91
84
76
87
80
73
87
76
86
94
72
84
72
79
83
71
84
83
76
86
81
77
90
73
80
80
70
83
83
79
84
70
78
81
68
87
91
79
87
76
87
89
75
87
74
73
83
70
80
85
73
92
80
79
90
70
90
91
78
92
87
80
86
68
83
83
74
90
77
78
82
72
82
86
75
78
76
77
85
76
85
83
71
89
79
84
90
77
84
87
72
83
82
83
84
72
79
78
76
90
83
77
82
75
80
94
73
86
78
89
87
77
87
82
79
92
84
84
86
67
76
84
68
86
79
86
87
77
85
84
78
83
76
75
83
75
86
90
74
88
71
78
87
80
86
86
79
97
83
87
93
74
87
84
77
97
80
83
88
77
78
76
69
82
76
76
79
70
87
87
80
91
81
83
90
85
89
87
77
91
80
80
83
64
87
88
82
90
88
86
93
78
90
90
81
94
82
84
89
74
85
83
71
82
75
75
93
78
87
81
73
90
82
84
91
73
81
84
71
85
77
71
80
62
75
74
68
82
83
74
85
77
86
91
78
94
78
79
87
68
80
79
70
83
81
81
82
60
76
80
70
85
73
80
83
76
86
87
79
81
78
77
84
72
87
84
70
81
73
75
85
79
81
87
70
88
82
87
88
67
81
72
64
82
75
73
84
73
79
82
71
87
80
86
84
71
90
77
73
83
76
74
81
72
77
83
68
83
73
81
81
66
74
79
76
88
83
77
87
75
90
83
76
88
75
80
85
75
90
80
72
80
75
72
88
70
86
78
69
73
71
76
81
67
78
79
75
91
77
80
90
68
84
80
74
80
73
75
86
70
86
79
73
91
77
83
96
66
85
81
76
83
80
79
81
67
81
80
72
90
74
77
85
74
87
95
78
82
73
76
88
70
89
84
69
81
70
72
80
64
72
77
66
85
78
80
93
75
89
85
82
92
76
82
88
73
79
84
69
84
75
78
86
74
90
84
78
85
84
79
90
80
82
83
74
89
82
77
81
70
77
79
77
84
82
77
89
74
86
92
77
91
79
83
86
79
87
82
70
76
69
67
85
72
87
84
78
93
90
89
88
80
88
86
77
84
74
72
86
71
83
81
73
81
82
79
86
81
86
86
80
91
82
80
87
74
83
74
74
82
84
73
81
64
75
77
74
82
70
74
81
74
85
82
75
83
73
74
81
65
80
74
69
77
67
76
85
76
85
82
82
98
80
91
79
84
77
78
90
-154
-4
-234
-460
-460
-466
-468
-464
-463
-468
-465
-462
-467
-462
-462
-464
-462
-464
-463
-463
-464
-463
-463
-463
-463
-463
-463
-463
-465
-464
-463
-465
-463
-465
-464
-465
-467
-465
-466
-467
-465
-468
-467
-465
-469
-469
-471
-470
-468
-467
-465
-466
-464
-464
-447
-409
-363
-329
-291
-255
-230
-195
-173
-151
-130
-118
-91
-82
-63
-53
-40
-36
-13
-12
0
12
13
26
28
36
38
42
46
43
50
52
56
57
71
67
75
69
68
75
83
75
74
73
78
81
84
83
86
78
85
81
88
80
84
82
88
78
80
77
72
77
77
81
81
83
85
79
85
79
77
76
81
68
74
70
73
73
76
68
63
52
60
61
68
68
68
59
64
58
63
54
55
47
51
49
48
49
44
44
39
34
28
32
41
35
40
36
44
38
47
45
46
38
38
42
44
35
34
33
33
32
28
30
34
26
40
27
38
37
28
39
37
30
38
31
32
39
28
34
33
23
43
26
32
28
33
31
54
29
44
41
36
50
40
45
49
29
47
34
34
40
30
35
43
22
44
48
39
51
42
52
57
49
61
59
54
56
49
49
66
46
62
58
59
63
56
62
60
55
69
73
69
83
72
76
87
74
84
83
79
84
80
84
91
83
90
84
78
86
80
84
97
72
92
91
90
95
94
89
96
72
91
88
89
100
86
92
97
80
96
94
101
103
98
96
103
88
103
93
100
96
90
99
104
92
104
99
101
99
99
96
102
93
113
102
106
111
104
102
111
100
111
108
103
109
103
110
112
106
113
103
106
105
108
115
118
101
117
111
104
114
105
110
113
103
121
107
115
117
111
119
121
107
117
108
110
112
102
113
115
112
119
112
118
117
111
113
116
100
117
111
114
119
108
112
111
107
118
114
117
120
114
116
125
109
126
115
116
119
108
114
116
111
120
108
104
111
102
117
108
99
114
106
110
116
113
118
122
108
124
122
117
121
111
114
110
96
112
100
107
113
104
112
119
107
119
113
112
113
105
119
114
102
111
108
107
112
96
98
105
95
116
103
107
108
112
108
113
102
119
110
106
115
103
107
111
97
109
99
100
100
95
112
114
97
112
109
110
123
109
118
117
106
116
106
105
106
102
104
109
94
113
96
107
106
95
105
106
101
106
102
108
103
95
104
100
87
103
93
97
101
88
94
95
90
102
95
97
99
89
106
102
89
108
87
92
93
84
93
98
84
99
85
91
96
83
101
97
88
106
91
97
98
83
94
94
81
89
90
89
90
80
92
88
77
92
75
81
89
79
85
93
77
88
80
82
88
75
87
83
73
84
78
76
84
68
73
76
64
84
79
78
81
69
78
78
68
81
66
67
75
65
74
77
65
80
68
71
74
64
74
76
61
68
64
65
72
64
72
72
61
70
67
63
64
56
60
65
55
64
52
56
64
56
62
67
57
68
64
64
69
61
59
61
47
60
53
58
64
52
52
53
42
55
55
45
52
40
48
54
48
58
45
52
56
44
57
60
50
59
46
46
47
39
46
47
42
54
48
55
59
48
57
55
44
55
51
49
51
45
54
53
45
49
39
42
50
44
52
52
41
55
47
51
54
43
53
52
43
56
47
53
51
40
43
42
34
51
47
48
50
39
53
54
55
64
56
56
56
48
60
55
44
57
44
48
53
42
55
55
47
59
49
59
56
47
58
60
47
64
56
51
56
47
53
57
48
54
46
50
59
45
63
58
46
63
54
57
67
52
60
55
43
56
48
57
57
41
52
52
42
63
55
56
66
59
69
73
60
69
56
54
58
47
63
62
52
68
62
58
65
52
57
62
53
66
61
62
66
58
64
70
55
69
61
58
66
56
65
69
57
64
58
52
70
60
70
71
63
72
67
66
78
56
64
65
55
63
60
63
69
58
66
68
57
79
67
68
73
62
68
72
61
69
67
64
72
63
68
69
60
68
66
62
73
59
64
72
64
75
70
71
77
69
81
81
72
88
72
72
80
68
79
84
70
78
69
67
77
68
77
73
67
79
70
74
82
67
77
73
70
82
76
81
84
73
83
76
67
82
71
76
79
70
86
88
78
87
80
84
83
75
83
83
75
88
79
78
86
68
80
83
77
91
86
86
88
78
92
88
77
95
77
83
90
76
90
91
76
86
71
73
82
74
83
80
73
95
80
85
98
79
93
92
85
96
87
90
93
78
88
85
75
93
84
88
98
81
93
96
81
97
86
90
98
86
97
88
86
101
83
89
96
75
90
91
85
100
88
89
100
81
102
96
90
105
86
93
97
81
97
90
83
94
88
84
92
88
103
95
94
106
96
100
103
85
98
91
85
96
87
90
100
84
95
93
90
94
91
93
101
82
104
98
91
106
96
97
102
91
104
96
89
108
96
99
102
83
98
95
96
104
96
97
107
96
108
102
100
100
87
94
99
81
109
103
96
100
94
98
103
98
110
104
98
107
99
106
107
93
105
99
96
106
97
99
106
94
110
99
98
103
99
102
109
95
115
103
102
108
102
104
113
95
115
104
98
107
98
104
100
85
103
96
96
108
99
99
106
89
109
102
99
102
99
102
108
93
118
105
102
108
98
96
107
93
114
102
98
107
103
110
113
98
108
104
99
114
94
103
111
95
110
101
94
104
95
101
106
88
114
101
101
110
100
100
111
94
108
100
96
107
103
104
108
87
104
95
96
106
91
102
105
92
115
108
104
110
103
103
113
95
119
104
99
101
95
98
105
92
107
102
100
109
102
106
111
100
105
103
100
111
101
98
106
93
107
101
90
103
93
102
103
94
112
102
97
104
97
101
108
89
107
97
96
100
93
96
93
87
97
91
99
107
92
102
106
95
113
106
101
101
93
103
97
88
107
97
93
105
89
97
101
90
108
93
103
103
100
103
109
96
109
99
97
103
96
98
105
95
112
101
95
103
95
106
110
96
112
104
101
108
100
107
103
86
106
91
96
96
96
99
104
89
105
95
104
100
96
106
106
92
112
103
96
101
89
98
104
89
106
96
96
97
88
98
94
87
106
97
94
110
104
103
110
90
110
98
102
106
95
105
110
93
112
98
95
104
93
106
105
97
103
102
96
106
93
104
104
93
110
102
100
110
104
109
107
97
105
100
104
105
97
97
103
89
113
102
100
103
89
102
105
96
101
99
95
106
90
102
97
92
109
95
97
102
99
102
106
106
106
100
101
104
90
100
100
92
112
95
93
95
89
96
98
84
98
87
88
101
92
106
99
90
106
96
85
103
94
98
95
83
95
83
96
95
92
104
98
94
112
98
96
97
88
95
102
88
104
88
98
96
89
102
89
86
106
91
94
105
90
104
96
86
98
84
100
95
90
95
97
79
108
83
86
89
80
97
90
90
104
91
98
98
95
107
100
84
103
89
94
95
86
96
91
84
95
89
93
97
82
93
100
86
109
89
97
95
85
91
101
85
98
89
92
99
82
95
101
78
101
90
95
103
85
94
99
85
104
85
89
97
79
92
92
87
107
90
92
99
80
102
110
90
108
90
98
103
89
108
92
91
101
92
94
108
92
100
97
83
102
86
94
98
77
97
95
95
105
98
95
109
88
101
101
91
104
90
97
98
91
99
92
92
99
94
98
105
85
99
94
94
99
88
87
93
89
94
100
91
106
89
90
99
79
98
97
88
99
88
85
98
90
97
94
86
101
88
98
97
81
102
87
85
96
89
90
99
85
98
91
87
101
86
95
99
82
94
99
81
96
88
89
97
84
96
86
80
95
83
88
91
79
88
91
86
103
89
93
99
79
100
91
95
106
84
89
91
78
90
97
81
100
86
98
97
88
103
97
89
102
90
94
100
81
96
92
80
100
80
90
98
78
95
99
88
97
88
91
104
78
99
97
82
100
82
92
92
80
85
87
73
89
85
87
100
77
100
93
89
108
88
92
98
84
93
99
84
99
77
82
94
76
101
92
85
96
87
93
99
88
95
101
82
103
87
98
96
77
98
93
87
94
89
86
101
79
98
93
91
102
87
93
97
82
98
86
85
87
85
83
92
74
86
82
76
93
89
97
92
90
100
97
86
101
87
89
95
79
91
87
89
96
84
83
90
79
93
93
83
97
84
99
99
86
101
89
87
98
85
93
94
85
93
95
82
98
77
87
92
84
87
92
90
97
84
86
93
78
95
88
83
97
81
96
103
86
94
92
84
99
88
93
96
74
98
87
87
101
82
87
97
82
96
91
85
98
81
89
89
71
97
86
88
93
90
89
105
80
95
91
82
98
82
91
98
77
96
86
84
92
84
83
98
76
93
89
80
96
80
91
98
80
99
90
86
96
86
88
105
73
93
88
72
89
89
85
90
79
90
94
86
101
93
84
98
78
96
90
83
95
89
85
92
79
86
92
84
98
83
89
100
85
97
91
87
93
94
90
95
88
92
92
82
91
73
73
81
72
85
89
77
93
90
88
101
83
96
86
81
94
86
87
94
85
88
88
77
92
93
93
100
81
93
90
95
100
84
92
92
85
96
92
84
96
83
83
93
81
89
88
93
95
92
93
98
82
100
89
84
96
83
87
90
77
85
78
85
83
77
77
89
81
107
91
90
104
87
96
95
92
93
88
85
91
86
90
97
73
96
84
85
89
90
96
93
85
93
92
97
98
89
90
102
78
101
86
90
95
90
92
98
85
89
90
88
102
83
99
100
83
102
90
91
93
88
87
98
78
100
92
94
99
84
91
100
86
104
101
89
99
89
94
108
85
102
95
88
100
89
103
99
86
97
89
86
97
89
92
106
85
106
93
99
97
93
93
97
84
103
95
94
106
93
90
100
84
94
93
93
95
94
96
95
84
92
94
88
105
87
96
100
88
102
95
96
88
89
88
98
82
101
90
92
101
90
98
101
92
99
92
98
95
93
95
104
79
96
85
88
97
86
93
94
85
94
96
89
99
90
88
105
83
104
87
96
92
93
86
101
79
90
89
86
94
86
91
100
84
103
91
104
100
89
92
101
77
101
91
92
90
79
90
89
82
99
84
92
95
92
92
107
82
99
88
91
90
86
94
95
86
91
84
83
95
83
89
98
76
101
94
95
98
84
90
96
78
95
87
78
91
78
82
94
69
84
78
88
94
91
95
101
86
102
89
85
97
78
87
92
78
96
90
89
86
78
82
94
81
95
93
88
93
83
93
99
83
92
89
88
94
91
86
96
78
92
83
86
91
82
93
95
83
93
99
87
99
82
93
95
83
92
82
82
86
86
92
97
81
91
94
93
103
89
95
95
84
101
89
94
93
89
89
97
77
92
92
87
88
82
86
87
88
95
87
88
95
95
92
104
81
93
88
95
94
88
92
93
86
94
88
90
87
84
89
96
79
97
86
91
94
86
86
91
84
99
90
94
100
90
103
95
81
90
77
89
92
86
88
93
84
99
88
96
89
88
94
92
85
104
82
89
87
83
84
88
85
96
86
92
94
91
101
96
85
100
86
91
100
83
88
91
81
96
80
87
84
72
84
88
78
89
82
85
95
85
93
99
81
97
83
89
92
83
95
83
75
85
77
81
93
81
90
89
80
95
88
94
88
78
82
90
77
89
87
83
89
73
82
82
75
84
84
80
90
84
96
94
84
98
80
88
93
77
89
92
80
87
80
78
81
70
87
95
82
103
88
93
103
91
99
92
87
93
89
86
92
84
93
90
77
90
79
85
97
85
89
94
86
93
93
92
95
85
90
90
84
95
84
84
91
81
84
91
83
93
86
93
93
85
94
90
84
95
84
89
90
76
81
83
77
91
80
89
86
79
91
92
84
95
87
84
87
79
90
92
78
88
79
81
86
77
90
84
74
89
74
82
91
75
86
86
83
96
88
89
93
83
90
91
83
96
82
91
95
79
89
90
79
93
85
80
89
79
89
86
80
91
79
81
89
74
86
90
83
97
87
83
90
73
84
85
77
90
82
86
92
79
90
92
83
92
86
85
95
85
95
87
79
89
80
82
93
79
90
94
84
94
93
86
94
81
90
91
84
93
84
84
91
75
83
88
70
88
82
80
88
80
85
85
79
94
86
92
100
82
92
95
84
93
85
84
90
73
90
96
87
98
87
92
94
88
100
95
83
97
84
86
94
91
91
93
83
90
82
89
96
79
89
93
83
98
90
94
97
82
92
92
88
91
83
86
92
77
85
84
71
87
84
84
95
90
102
95
91
104
84
93
94
81
92
89
84
99
85
87
89
74
91
91
90
96
85
91
95
86
96
87
83
90
85
85
90
81
92
87
75
86
77
86
92
80
93
90
85
97
85
90
95
75
90
86
85
91
81
85
91
73
93
86
76
98
84
90
97
81
96
87
82
96
85
92
96
76
94
90
79
100
83
85
91
73
90
92
86
95
85
86
93
82
98
86
81
96
80
87
96
79
93
91
79
88
81
84
93
77
91
87
75
97
79
81
89
72
86
84
81
93
82
89
98
78
95
89
78
90
82
83
93
81
92
88
83
93
87
88
94
79
90
91
83
99
83
85
91
76
88
91
82
93
83
85
94
85
96
88
83
93
83
88
96
77
90
91
79
87
81
78
87
78
84
83
77
94
82
85
99
78
98
95
90
97
86
88
93
79
89
82
77
90
84
90
99
78
93
90
88
96
90
92
95
82
92
83
79
91
80
78
86
73
85
89
81
91
79
83
91
78
99
85
84
97
77
89
97
75
91
87
78
84
77
76
87
74
88
87
83
97
81
90
100
79
92
91
80
88
76
81
91
75
87
81
73
84
79
85
93
76
93
88
84
97
86
86
98
72
90
87
85
96
82
82
91
73
89
89
83
96
82
88
97
82
93
86
82
84
76
83
92
69
88
86
76
