79
90
91
77
92
87
79
93
78
76
89
74
84
90
69
85
66
75
80
65
76
77
68
83
77
77
93
71
82
83
71
93
83
88
85
73
73
78
61
82
76
69
84
70
84
89
73
88
81
76
82
75
83
91
74
93
84
78
89
64
82
84
72
87
87
85
88
79
86
91
76
91
80
81
84
75
83
90
67
75
69
71
85
78
84
88
77
93
85
92
96
80
87
87
78
86
85
78
86
68
77
80
67
92
80
80
84
79
85
94
78
95
83
84
92
77
85
81
77
89
81
89
87
75
87
90
72
91
86
88
90
78
90
87
83
89
79
77
79
66
79
83
65
84
65
76
84
77
81
85
80
92
84
82
87
67
80
79
71
89
76
82
83
75
81
78
72
85
79
78
88
73
91
88
77
86
78
84
88
83
85
87
72
89
76
82
87
61
78
83
76
84
81
82
89
71
84
85
71
85
71
76
83
70
82
80
72
83
72
74
91
80
86
82
69
88
75
80
82
68
80
83
69
84
79
73
84
63
76
79
65
81
74
81
82
72
85
88
73
89
71
77
86
72
84
79
69
85
76
83
84
67
78
85
74
92
77
83
87
75
82
80
72
77
77
72
86
79
92
89
72
89
75
78
84
74
80
78
71
83
82
83
91
70
83
80
74
87
78
81
83
71
79
81
69
80
74
77
86
69
88
80
77
87
76
81
85
74
80
84
71
85
73
71
79
58
74
76
74
87
73
77
82
74
88
87
72
92
79
87
90
77
94
82
72
79
72
73
85
70
87
79
71
85
73
89
86
74
87
80
76
90
79
77
88
67
83
83
70
80
76
82
85
74
88
83
70
90
77
79
94
69
86
79
72
83
71
75
76
59
68
72
63
77
71
75
85
71
87
89
74
86
76
73
80
69
82
77
62
79
69
74
87
69
84
86
73
88
85
84
93
71
89
84
71
89
75
80
85
70
79
83
64
83
73
73
86
74
89
83
76
89
77
77
85
67
73
78
66
80
73
69
75
60
78
76
79
89
83
84
95
84
90
91
70
84
75
79
87
81
90
85
74
79
72
74
90
72
82
83
72
88
85
83
86
71
83
81
74
85
76
77
88
68
79
76
69
84
78
84
83
79
88
81
73
85
76
70
83
66
82
76
72
86
82
75
84
70
85
85
79
84
73
76
81
71
84
81
74
83
74
74
82
74
85
80
69
80
71
77
84
71
86
77
73
85
83
81
88
68
87
79
78
79
72
83
86
70
86
79
65
84
75
77
84
70
86
77
73
84
68
78
83
68
80
79
73
93
80
78
88
62
77
73
78
80
71
76
84
71
88
81
69
83
71
76
83
67
83
82
69
76
66
71
84
68
84
87
74
90
74
81
89
68
82
77
75
80
70
73
83
64
84
70
63
74
67
68
78
62
72
74
67
85
75
79
86
74
86
78
73
86
76
71
78
64
73
76
74
78
69
74
82
66
92
82
76
85
75
77
90
70
86
80
74
81
70
77
84
69
82
78
77
92
79
84
90
72
87
81
82
86
74
81
81
70
84
71
66
77
71
80
91
74
93
84
88
96
83
87
91
77
88
87
82
95
79
82
87
69
85
83
82
86
78
83
89
77
94
86
79
89
75
85
96
73
94
85
79
86
76
79
88
72
88
83
83
96
75
86
91
72
88
85
81
85
69
76
81
66
85
75
73
84
76
86
95
76
88
83
84
91
81
83
88
71
88
80
81
93
77
81
90
71
86
88
81
90
78
86
95
76
98
85
82
90
76
84
95
71
91
84
81
91
81
81
90
74
89
83
81
95
84
84
94
75
87
83
76
86
76
78
91
81
92
83
81
91
84
85
97
72
90
83
81
88
83
78
89
72
84
78
83
91
78
80
85
67
81
84
79
86
77
85
94
81
92
84
82
91
77
86
92
75
91
85
82
82
77
76
86
75
89
79
86
86
75
82
88
75
87
86
84
89
82
88
96
81
91
79
75
83
75
86
90
73
89
80
83
87
82
84
93
75
92
83
87
91
81
83
85
73
86
81
79
86
73
82
86
75
87
82
79
87
76
85
86
67
87
78
77
84
70
77
80
65
82
72
78
86
75
84
90
77
98
84
83
90
79
84
89
76
87
76
75
87
74
90
91
73
90
82
85
95
84
84
89
74
91
79
87
93
79
83
87
68
87
80
81
84
75
83
92
76
93
83
75
87
74
83
88
72
83
76
76
85
67
68
84
72
88
81
86
94
83
87
95
78
92
79
82
88
77
78
93
74
98
-34
-60
-99
-451
-301
-373
-455
-303
-454
-458
-397
-463
-456
-460
-464
-452
-463
-463
-459
-466
-462
-462
-466
-460
-465
-464
-461
-466
-463
-462
-467
-461
-466
-465
-461
-467
-465
-464
-467
-462
-465
-463
-464
-464
-461
-453
-403
-380
-325
-294
-260
-243
-210
-186
-158
-147
-128
-100
-91
-76
-62
-43
-32
-31
-22
-14
-11
7
15
20
24
33
32
43
46
44
48
47
47
57
54
61
63
59
70
71
62
70
66
74
78
65
79
86
68
83
68
70
78
70
79
79
71
88
80
82
91
73
78
85
71
92
83
81
88
73
84
87
78
88
75
81
87
72
82
91
72
84
72
73
78
76
83
84
72
88
79
78
88
71
72
77
65
83
77
73
79
66
70
73
59
68
66
63
69
59
62
69
53
67
60
62
71
63
66
73
58
69
63
58
64
49
52
56
45
61
54
51
62
50
58
64
58
63
53
50
58
48
56
60
45
60
48
45
54
51
53
57
45
58
52
56
62
51
55
58
43
60
55
51
64
54
57
57
48
56
48
53
61
49
65
74
61
73
71
73
75
66
72
68
61
70
65
71
70
58
60
67
63
77
73
76
80
68
81
78
76
82
72
74
80
70
85
84
71
83
68
74
77
71
81
80
74
85
81
85
87
72
84
82
72
91
75
78
83
67
80
78
71
79
79
85
96
75
99
91
85
102
83
90
96
76
90
91
79
95
86
95
93
81
95
93
89
106
90
93
100
82
100
97
87
102
86
93
102
79
102
96
84
101
87
90
99
84
101
93
88
103
90
100
102
88
97
99
83
103
81
87
98
80
102
98
85
100
92
98
102
88
106
103
88
105
93
98
105
85
103
93
90
104
96
96
99
85
95
95
90
110
92
98
104
88
106
105
92
105
94
95
104
91
101
96
90
104
88
95
104
86
103
98
88
105
96
96
100
86
100
94
93
110
93
100
105
96
102
104
83
100
94
101
100
88
105
99
91
107
95
105
105
89
104
97
88
104
93
94
99
81
99
88
94
106
89
95
99
82
104
101
90
101
88
99
95
88
99
90
87
96
84
85
93
77
101
80
76
90
87
87
91
79
98
86
85
92
86
89
93
77
96
86
78
83
75
82
87
80
87
88
79
93
81
86
93
70
88
81
72
86
82
79
84
64
76
70
65
82
63
70
86
62
75
77
65
72
61
60
63
56
64
63
52
62
48
49
52
39
51
56
50
59
56
53
65
51
64
50
51
61
42
49
54
37
49
46
33
45
38
43
55
41
52
47
42
53
35
51
49
36
44
45
36
49
38
38
43
25
41
33
35
40
36
35
40
26
44
38
33
42
27
35
36
33
30
28
21
25
25
29
34
17
37
31
26
42
32
31
42
25
38
24
19
30
19
23
32
11
36
20
19
27
19
29
32
19
30
25
25
35
21
34
31
17
32
18
20
31
23
32
21
10
24
16
19
24
12
19
28
14
30
19
20
22
15
14
18
2
26
15
14
20
11
22
19
11
20
20
21
28
20
17
27
8
25
15
14
27
11
19
24
12
28
15
10
9
6
17
31
9
29
20
17
28
17
26
27
12
25
23
16
35
15
25
35
5
27
22
27
32
17
24
37
13
35
16
16
28
18
27
36
14
35
23
29
33
19
28
36
14
35
17
24
39
21
32
35
23
44
34
30
40
26
30
45
19
47
28
31
39
21
40
45
28
45
38
35
47
39
41
48
30
49
37
35
44
36
43
46
32
46
44
41
50
34
40
50
46
58
51
56
55
51
55
69
53
64
63
54
67
57
55
53
45
64
56
60
67
63
64
76
57
71
68
62
66
61
65
73
67
78
66
66
68
59
69
82
60
76
66
75
75
70
73
72
59
73
69
68
77
63
65
70
52
64
57
63
69
69
73
77
68
84
74
75
80
67
80
82
62
72
65
71
75
70
71
76
63
79
78
82
87
69
82
84
72
88
80
79
84
72
76
83
73
87
74
75
75
66
82
88
69
87
76
77
90
78
85
91
71
89
73
82
77
68
76
81
67
85
73
77
93
76
90
96
88
99
86
88
91
77
83
93
71
92
82
85
94
82
87
84
78
94
87
88
93
84
88
100
84
103
86
88
93
82
92
95
88
96
86
83
90
75
92
99
76
100
84
94
98
86
92
92
83
95
87
91
96
81
91
97
78
101
81
97
96
89
93
99
83
98
85
89
93
82
97
89
82
97
88
90
94
88
88
95
79
99
89
104
97
84
98
94
92
110
92
97
97
86
93
104
84
103
83
94
94
87
96
96
86
98
99
99
105
85
101
95
88
104
86
100
98
92
103
99
88
110
89
95
103
83
102
99
94
110
93
106
104
91
102
98
83
103
90
99
102
82
102
93
89
102
88
97
103
89
100
102
89
117
90
97
106
85
103
102
89
106
92
91
98
78
99
93
82
100
85
101
102
84
101
98
90
106
98
98
105
87
105
94
85
103
81
94
99
91
96
107
89
104
92
94
104
86
101
93
87
102
87
96
105
88
94
101
82
110
99
96
103
93
105
102
92
108
96
92
101
91
101
105
86
107
81
88
91
80
94
99
82
92
93
94
105
91
105
101
90
109
94
93
96
87
92
101
83
102
87
96
102
86
101
96
89
106
93
103
99
95
101
98
83
104
87
93
103
81
96
87
83
98
94
88
97
85
104
99
89
105
83
96
92
82
97
86
86
96
82
86
93
83
99
91
89
105
89
106
100
88
99
91
84
91
88
84
88
73
93
86
84
83
71
83
90
82
91
92
80
102
83
89
98
77
100
85
84
97
82
91
92
76
81
81
69
93
83
83
86
71
92
86
86
87
79
76
84
69
82
81
69
91
75
82
87
72
89
93
77
88
77
85
89
69
88
90
71
89
75
81
82
73
82
82
75
81
66
75
88
70
88
80
72
86
78
81
83
71
79
80
67
80
66
79
80
64
77
69
61
74
72
67
73
64
69
76
62
76
62
63
69
60
76
74
65
79
72
67
76
56
68
68
59
74
64
77
73
66
76
73
56
74
67
69
77
62
72
71
67
69
57
60
62
61
72
71
64
77
68
67
78
56
70
66
62
67
66
66
67
55
60
61
45
69
55
58
62
51
71
68
68
73
67
69
74
62
74
68
54
67
53
56
61
43
64
63
55
63
57
61
67
55
70
69
60
70
59
64
67
54
64
66
59
68
53
59
65
58
68
65
59
66
62
64
77
59
66
65
55
69
58
56
63
41
54
51
45
61
51
53
59
52
69
76
59
77
61
59
63
45
63
60
57
67
58
56
72
47
63
65
55
66
61
66
67
57
68
68
55
64
55
55
65
52
67
69
53
61
49
56
61
55
68
69
59
70
60
63
72
51
61
57
48
58
53
57
64
57
60
60
49
72
60
64
74
56
72
70
59
67
59
59
67
54
65
66
56
69
56
58
59
44
61
58
48
59
58
55
64
49
63
60
59
63
51
57
56
49
60
60
53
60
50
52
63
53
62
53
51
58
48
54
58
43
59
56
48
59
53
63
67
55
65
62
57
65
55
59
60
47
72
67
62
69
59
64
68
57
66
58
58
63
53
61
62
46
62
60
55
64
57
64
71
59
69
68
66
74
56
55
65
54
73
67
59
71
50
54
57
52
58
53
49
58
50
60
66
52
66
62
57
70
62
63
66
53
58
53
49
64
57
60
62
54
77
69
66
76
63
61
72
58
67
71
62
70
59
66
66
55
68
63
64
80
66
71
80
62
75
76
72
80
67
77
76
63
75
71
61
71
58
57
71
60
69
67
68
79
74
80
82
66
79
77
71
83
67
71
77
59
71
71
65
79
73
77
83
64
89
81
78
92
75
79
86
72
82
76
76
82
73
76
80
63
73
74
71
87
69
76
84
73
86
81
72
76
69
73
76
61
76
69
65
74
63
67
82
69
82
77
79
88
78
93
87
71
85
74
77
88
74
84
86
72
81
78
73
82
74
85
86
75
94
81
82
92
78
79
93
72
88
80
80
90
79
85
84
68
88
81
81
95
81
88
95
79
97
88
84
92
77
85
87
76
91
83
76
89
78
84
98
73
95
84
79
95
83
88
96
72
94
88
85
95
80
89
90
77
96
84
79
93
82
88
94
80
95
89
83
97
78
86
95
77
89
82
79
96
83
87
90
75
92
85
88
98
81
90
93
83
97
89
83
95
83
89
94
87
101
93
88
100
82
91
100
81
95
92
86
105
92
94
102
81
97
87
91
97
81
93
100
80
94
90
83
95
81
97
95
91
101
92
91
101
86
98
96
80
98
89
92
101
89
95
96
78
95
92
95
96
83
96
95
87
105
93
97
100
88
100
97
93
103
92
88
94
83
92
98
83
101
88
97
101
95
97
101
90
103
93
99
100
85
98
97
83
103
88
85
96
82
95
97
86
102
87
95
102
88
101
98
84
101
89
91
102
84
94
90
77
93
87
94
97
82
96
98
88
115
99
94
105
84
96
94
85
101
89
87
98
80
96
94
85
100
91
95
113
91
104
102
87
105
92
96
97
85
97
97
82
109
90
88
101
85
102
103
88
107
98
97
104
92
104
98
83
101
88
90
102
80
92
95
81
96
97
96
104
91
104
105
90
110
93
90
100
83
97
99
89
101
94
93
101
84
96
97
87
105
96
95
116
92
106
103
92
105
101
94
104
86
100
99
87
107
90
92
103
89
102
104
88
105
94
99
99
86
97
89
85
96
85
93
104
85
97
97
86
101
98
95
107
87
100
99
87
108
93
96
99
85
101
103
86
106
94
101
100
86
98
96
87
104
91
97
107
86
100
95
90
100
96
93
98
84
102
95
92
104
87
89
100
80
101
97
83
96
86
93
98
88
97
91
90
107
91
100
110
87
101
93
86
95
97
90
99
82
100
95
91
105
92
95
105
83
100
96
85
102
87
88
96
78
93
98
83
101
92
97
103
85
100
98
88
106
94
93
102
85
100
97
88
100
84
88
100
80
99
91
81
101
85
92
107
92
102
101
88
105
89
98
102
83
94
97
80
97
91
93
104
86
101
102
97
104
98
96
104
87
104
101
87
107
96
94
103
88
96
93
92
102
92
105
107
90
108
102
95
106
96
94
102
87
103
96
88
99
87
86
93
85
102
97
87
103
94
102
106
95
103
98
84
104
88
95
103
86
100
91
86
99
91
99
102
88
105
100
93
107
91
100
100
89
113
97
91
110
94
98
100
83
98
93
89
105
90
101
99
86
104
97
90
110
92
94
99
76
93
90
88
94
89
90
95
88
108
95
90
105
91
95
109
89
102
93
91
103
86
96
99
83
102
93
86
102
88
94
103
83
104
100
94
107
96
99
103
89
109
96
85
104
95
100
106
84
98
96
87
105
92
100
105
90
105
102
88
107
85
88
98
78
100
98
92
104
89
94
102
87
109
98
89
104
85
98
108
86
101
96
86
104
88
97
101
87
101
91
92
101
92
99
101
88
102
102
92
104
92
97
95
84
103
94
93
100
90
96
103
80
92
95
94
105
91
93
98
82
97
88
80
99
84
91
100
80
102
97
94
99
83
91
96
86
99
94
90
98
84
89
103
82
101
94
93
100
88
88
95
85
92
92
85
94
86
92
99
81
101
95
92
101
89
96
97
85
106
92
89
98
86
100
100
79
105
88
87
98
90
88
99
82
101
98
93
106
88
100
101
88
105
99
88
101
84
91
93
89
103
88
97
98
94
103
104
88
104
98
90
105
93
97
105
86
106
93
95
97
86
92
93
86
104
102
88
106
88
99
96
86
105
96
88
97
86
95
98
69
88
83
82
97
84
97
97
83
104
107
98
102
90
94
107
82
104
94
91
97
77
90
94
89
99
93
90
98
77
97
101
82
104
90
94
103
91
93
101
84
98
92
97
92
88
95
102
84
105
91
93
101
90
97
99
92
99
84
85
96
81
97
93
78
99
86
86
99
90
97
101
87
108
94
106
98
84
91
95
85
102
91
86
98
84
91
96
80
100
85
90
101
93
106
97
89
101
91
90
102
88
93
102
83
105
88
93
94
88
91
97
79
107
92
92
104
87
96
93
83
105
84
92
104
93
98
97
79
105
88
95
110
86
99
97
82
101
89
94
95
93
93
102
79
108
91
94
92
85
94
98
85
102
94
97
102
93
102
103
82
110
93
98
107
90
96
94
89
102
92
95
98
83
98
95
82
106
90
92
99
84
91
101
79
100
89
90
104
91
104
100
82
102
96
88
101
80
87
99
78
104
101
94
103
86
99
98
84
100
97
90
100
79
92
103
79
105
90
95
104
99
96
102
88
102
95
94
107
86
97
100
90
106
92
89
90
84
90
94
82
94
84
87
99
80
96
98
82
102
92
95
98
93
94
97
76
92
82
91
101
82
94
98
88
101
96
88
95
88
94
101
81
102
86
96
92
85
94
93
86
101
88
89
99
90
94
101
80
103
85
98
97
85
88
96
78
101
83
79
88
73
91
93
87
106
84
94
98
91
103
100
83
103
85
89
97
83
94
92
79
94
82
94
94
85
90
96
74
106
89
99
95
85
97
91
90
97
85
92
100
77
93
90
74
99
81
88
101
89
93
97
85
102
85
94
98
78
89
86
79
99
80
82
88
77
89
98
85
103
92
91
103
85
103
90
82
95
87
88
95
89
95
100
76
98
76
94
100
86
99
97
87
105
94
96
94
86
94
102
83
102
86
90
95
84
98
84
81
96
88
90
102
88
95
98
79
101
82
92
89
84
88
94
80
102
89
86
99
78
97
96
86
97
84
92
90
87
99
90
84
92
84
86
97
79
90
90
80
91
80
88
90
81
88
92
81
104
83
91
92
