74
73
79
71
84
84
79
89
78
84
90
76
92
82
78
85
68
74
71
66
83
77
71
86
77
85
84
75
92
80
78
91
76
83
85
71
88
81
79
83
73
81
85
72
91
80
81
93
82
87
91
77
90
81
78
86
76
84
79
64
80
65
67
85
71
75
85
74
92
85
86
93
78
82
83
67
93
74
73
83
69
74
78
63
83
75
76
87
76
85
89
72
90
77
75
89
76
81
88
70
89
73
70
79
65
77
85
68
92
78
77
90
75
86
87
68
89
76
69
82
73
79
81
65
84
71
80
100
78
88
95
81
91
85
79
85
73
76
81
65
93
74
72
83
68
76
82
68
89
83
77
89
76
84
86
74
90
77
75
88
76
79
86
75
86
83
74
87
71
85
91
77
91
83
80
90
79
83
84
66
85
72
71
82
78
87
88
76
91
79
79
91
75
80
84
74
86
83
77
85
70
78
80
72
90
81
77
86
70
79
79
67
86
75
77
88
79
82
86
75
88
76
78
82
72
81
83
70
87
76
71
78
64
74
80
73
86
72
72
81
70
82
86
72
87
82
84
93
88
90
84
69
84
66
78
86
71
83
83
76
95
84
85
88
77
85
87
75
92
78
81
89
72
81
85
72
94
82
80
88
79
83
86
73
96
78
85
90
75
84
87
73
91
79
76
81
64
79
84
69
89
78
78
93
81
94
94
78
95
81
76
88
72
84
81
67
85
71
82
87
74
78
85
75
94
82
79
89
73
81
82
73
84
79
79
86
75
81
75
62
87
76
74
83
73
82
85
72
86
75
75
81
66
76
76
65
87
66
64
74
63
77
84
69
91
81
83
92
78
90
83
71
83
74
75
87
75
84
82
68
86
66
78
88
72
83
82
77
91
78
77
82
74
78
81
71
88
74
77
85
69
80
73
70
85
75
75
87
72
86
83
70
87
70
77
78
66
80
76
71
88
74
73
81
68
86
89
72
81
72
75
79
72
84
77
72
86
71
73
87
67
81
76
67
83
66
75
80
71
78
78
70
92
76
79
89
67
78
83
67
80
72
74
79
67
74
75
59
81
71
71
88
67
78
77
67
83
70
75
86
65
83
73
73
95
73
77
81
62
75
85
68
86
75
73
87
70
87
82
71
85
68
77
86
73
80
80
66
86
63
72
87
75
89
84
80
93
79
83
87
70
78
89
72
88
72
74
81
72
73
69
64
79
68
71
79
68
75
76
68
86
75
78
82
73
83
80
67
86
70
68
76
57
73
79
65
84
70
77
78
77
81
80
70
83
74
77
82
66
79
73
64
79
69
77
80
66
82
81
73
87
75
78
84
66
80
79
69
82
70
76
77
66
79
67
59
76
68
81
84
72
87
84
79
91
80
77
82
65
77
76
75
87
67
73
74
63
79
81
71
83
73
79
88
74
86
79
73
79
74
84
88
74
85
79
66
85
72
77
90
69
87
84
83
91
78
79
88
68
83
80
66
87
67
77
84
65
78
71
71
85
78
82
93
74
86
79
70
90
68
79
79
67
82
81
73
85
71
66
82
62
84
84
69
85
71
82
86
76
89
84
70
85
69
78
85
68
82
73
65
85
66
75
84
68
80
83
74
89
74
80
85
72
87
80
70
85
75
79
92
77
84
80
70
89
73
83
84
73
85
83
80
95
79
79
88
72
87
86
77
92
74
78
85
70
87
85
69
91
78
83
94
77
91
78
74
85
75
86
80
71
84
81
65
83
63
67
77
62
75
73
71
83
74
78
84
70
88
83
74
89
77
88
88
71
76
68
67
81
74
75
83
68
92
81
75
95
75
86
84
71
86
84
76
84
71
71
81
61
82
76
71
80
73
82
90
72
86
79
72
92
76
78
84
66
84
65
66
77
56
62
70
66
78
79
70
88
77
86
93
69
90
73
68
75
64
71
83
61
73
69
65
88
74
81
82
69
87
88
81
93
73
79
89
68
84
89
75
92
71
80
79
65
77
78
71
86
69
80
90
71
88
74
69
81
75
74
76
64
77
74
70
87
68
79
87
77
94
89
84
93
84
82
87
76
79
81
73
89
75
86
88
70
82
75
68
83
86
80
90
70
88
83
84
90
71
80
83
74
86
82
80
86
71
73
80
64
84
76
71
81
69
81
82
71
84
75
71
79
69
76
78
67
87
77
83
85
73
76
86
72
86
78
71
82
70
82
85
70
87
76
76
81
75
79
85
64
76
71
69
85
69
82
81
68
84
75
83
88
73
73
81
66
90
75
76
89
69
75
75
66
79
74
69
84
66
79
79
60
84
73
74
87
76
80
85
73
86
81
63
54
59
72
74
65
104
-20
-112
-81
-455
-336
-354
-456
-328
-458
-461
-400
-463
-458
-459
-465
-460
-462
-464
-459
-465
-463
-461
-466
-461
-464
-465
-461
-467
-464
-462
-467
-461
-464
-465
-461
-467
-465
-463
-467
-463
-465
-464
-463
-460
-444
-400
-378
-321
-287
-258
-236
-200
-185
-154
-150
-123
-108
-87
-85
-66
-56
-33
-30
-20
-9
0
8
16
23
33
29
38
36
41
38
49
51
56
51
56
54
58
72
63
70
71
68
78
75
79
80
71
78
84
63
79
68
72
81
65
73
81
65
82
82
84
89
83
100
95
79
97
77
83
90
78
83
87
76
92
86
80
88
71
82
89
74
93
78
84
88
80
85
92
69
85
75
73
82
72
84
80
66
76
65
66
80
71
70
78
60
79
74
69
80
54
63
65
56
65
61
55
68
57
60
66
48
74
63
62
69
61
63
64
54
63
53
50
66
51
56
55
42
66
57
53
56
43
54
67
55
67
58
51
69
56
65
72
48
67
58
57
61
56
57
66
46
59
45
50
66
54
61
61
48
63
62
61
71
60
60
75
65
81
66
69
82
69
73
75
57
70
69
66
78
74
81
83
66
87
73
77
78
67
75
77
66
82
79
70
81
64
78
83
72
87
77
80
85
79
88
89
68
89
78
79
89
77
87
89
75
84
76
81
78
74
77
88
72
93
82
88
95
80
92
95
89
95
89
89
92
77
87
90
70
95
84
93
95
87
95
95
88
102
88
97
96
83
103
95
84
107
86
91
93
83
96
97
88
102
91
92
102
83
109
101
85
104
88
95
102
88
99
94
77
96
80
92
99
82
105
103
93
115
98
104
112
92
103
102
83
105
89
95
109
84
105
94
84
105
89
96
102
87
105
103
89
113
94
103
102
92
102
99
94
115
97
96
103
84
103
101
90
108
95
101
103
93
108
102
84
102
92
87
105
83
99
96
83
102
86
94
102
87
104
101
87
114
93
95
101
80
98
93
87
102
89
95
102
77
94
93
75
100
81
92
105
93
105
97
87
105
96
90
104
86
96
95
87
108
88
92
93
82
93
100
73
100
87
86
97
79
86
90
78
90
77
84
91
77
88
90
72
90
81
83
89
77
86
82
73
88
77
91
86
74
83
89
72
83
70
76
82
72
75
73
62
76
73
72
78
62
80
74
61
77
69
68
72
60
67
65
59
71
62
57
62
41
59
60
47
63
43
50
57
49
59
57
45
57
46
52
62
47
62
55
42
56
41
36
53
38
51
52
44
59
45
49
56
34
50
45
38
51
41
42
49
36
40
38
22
49
32
38
43
28
51
39
32
48
39
31
48
26
41
31
32
42
23
29
30
12
27
32
13
39
27
24
38
24
37
29
18
38
17
28
29
16
28
28
9
25
17
13
27
16
29
26
21
33
17
24
35
13
31
30
18
34
17
23
30
21
26
22
10
30
20
27
28
15
28
25
18
35
19
21
27
13
22
23
11
25
14
13
21
7
25
23
17
32
16
26
31
24
33
26
17
31
19
28
23
12
28
23
15
30
14
16
21
11
20
23
15
29
19
25
28
7
25
16
9
25
12
19
26
11
22
15
7
26
13
29
26
15
31
25
18
35
14
18
24
11
23
22
14
29
17
21
26
14
32
24
22
34
21
27
32
14
32
25
17
36
20
33
31
22
36
31
21
40
21
26
36
21
40
34
26
45
27
35
42
22
45
34
24
41
25
37
45
24
42
31
22
44
31
40
40
21
41
32
26
50
29
36
42
28
46
43
35
51
41
40
43
28
48
39
31
50
33
38
49
34
51
50
39
53
41
44
50
36
55
51
40
56
43
42
56
41
55
56
45
60
47
53
59
40
56
51
43
59
47
52
61
42
53
46
39
55
48
52
55
41
59
58
57
69
63
63
66
59
70
72
60
71
60
57
59
50
63
65
61
71
63
67
77
58
72
70
59
72
66
65
71
61
70
66
57
66
56
58
68
59
69
73
65
79
66
70
74
67
78
71
66
80
66
73
79
59
68
65
59
74
73
76
84
70
90
82
84
97
77
83
87
72
85
79
72
85
73
76
79
65
80
74
72
83
69
79
86
72
89
82
74
90
75
78
85
68
90
82
77
86
73
75
88
74
91
84
80
99
78
87
94
79
89
79
73
83
74
82
90
73
90
81
73
93
88
91
98
81
100
88
93
98
81
86
91
76
97
84
87
100
86
87
92
77
88
86
82
98
81
96
95
81
101
90
86
99
85
85
100
82
101
95
92
99
79
86
99
81
105
90
91
102
84
94
99
80
99
91
93
101
88
100
99
85
100
92
87
102
88
94
103
77
101
94
95
107
89
94
101
83
107
93
93
106
88
96
102
83
102
92
99
104
91
106
104
89
113
100
96
108
90
102
105
87
108
99
96
100
84
93
100
83
108
90
91
107
90
99
108
90
106
92
100
101
92
104
103
85
105
87
85
104
88
97
101
86
107
97
98
105
90
100
101
86
118
97
98
109
94
101
105
84
103
94
99
104
95
108
104
90
115
100
97
109
91
101
104
89
109
98
86
98
79
85
101
85
111
93
97
108
94
106
116
89
114
94
96
99
86
97
98
80
102
83
88
105
88
102
99
82
110
97
93
107
91
96
99
86
107
89
90
103
88
96
101
79
99
90
94
102
86
100
99
86
108
99
91
111
86
93
95
80
98
89
88
99
82
91
103
86
107
94
93
109
88
97
102
83
100
86
86
100
86
97
100
81
100
87
89
99
83
93
96
81
99
89
92
103
85
90
95
82
96
82
86
97
80
91
93
77
94
88
88
98
84
94
97
75
97
81
86
91
77
86
90
77
97
87
85
93
80
83
88
83
94
79
85
95
77
88
93
77
93
82
82
90
80
86
88
75
87
73
81
89
77
87
89
76
92
85
83
90
77
86
86
76
90
76
77
82
74
78
82
64
81
73
76
81
71
75
77
64
86
80
79
88
70
82
86
69
91
77
74
79
62
64
83
67
81
69
70
83
69
85
89
69
86
70
72
78
66
71
82
66
79
63
66
75
63
70
74
62
81
74
74
82
72
74
79
66
79
69
68
80
61
68
68
52
57
55
56
71
67
73
75
65
87
74
77
85
62
77
77
64
78
70
66
71
59
61
71
69
80
68
72
81
66
79
79
59
72
72
71
80
63
69
74
61
69
63
58
67
64
73
76
63
82
68
64
79
63
71
75
61
69
63
52
66
61
66
66
57
69
66
72
84
66
78
76
66
80
72
67
73
59
76
70
60
77
64
68
71
58
67
71
64
75
68
64
76
62
76
76
62
67
68
71
76
60
65
73
60
77
64
63
65
55
68
69
57
78
66
66
69
56
59
66
48
65
55
60
76
59
68
69
57
65
64
64
70
58
65
70
52
71
64
63
65
53
62
66
59
73
60
58
64
53
58
64
53
72
59
61
71
62
72
75
61
69
61
59
74
57
68
69
57
68
52
53
64
58
68
72
59
72
51
61
70
57
68
71
61
70
65
68
82
73
71
69
59
66
62
64
74
64
73
69
65
73
77
68
78
64
73
70
63
75
65
64
67
57
62
67
53
69
63
57
72
60
69
69
68
74
64
66
71
58
65
66
61
67
60
54
62
47
64
61
55
67
65
73
78
67
75
74
61
73
62
62
70
61
65
61
51
61
57
61
66
56
72
71
60
74
66
65
69
57
74
66
64
73
66
62
66
52
61
62
53
69
60
65
72
64
71
66
59
64
59
63
63
53
67
60
50
53
49
50
56
54
66
73
66
80
69
76
86
63
76
72
62
72
63
64
75
63
66
68
51
68
63
70
73
63
73
74
67
84
70
67
80
61
73
74
61
76
64
70
72
58
71
80
67
81
66
66
84
63
78
80
67
75
63
69
72
61
70
75
68
85
64
69
82
70
87
77
71
80
70
75
81
66
82
78
65
81
67
72
86
73
79
72
65
71
68
72
80
71
79
78
67
91
68
72
76
61
74
73
67
78
73
71
78
58
71
71
65
81
66
71
77
66
76
73
62
74
66
79
83
67
85
79
75
89
68
78
73
66
78
80
68
83
69
72
84
73
81
78
73
80
72
76
88
69
81
73
62
75
67
78
79
67
84
78
75
87
77
78
83
69
86
82
70
86
68
76
75
69
78
70
70
83
73
74
84
70
92
86
82
90
85
89
89
76
84
82
73
90
72
75
85
70
92
87
79
88
79
84
89
81
89
85
78
95
76
84
88
76
87
80
75
82
82
81
89
75
91
94
80
95
81
84
82
72
86
84
75
85
75
73
82
69
80
81
74
89
79
89
93
84
97
92
84
92
80
80
88
73
94
84
87
90
85
81
85
78
92
95
83
96
83
85
95
83
92
84
80
90
83
86
92
72
89
85
73
87
84
88
91
84
95
93
91
98
86
85
91
78
93
88
85
92
82
90
86
86
89
92
92
99
88
95
100
79
97
89
89
98
87
95
95
87
99
97
89
100
84
95
95
86
108
93
93
100
88
103
102
93
105
98
92
104
89
105
99
87
96
85
93
93
89
89
98
80
93
92
95
97
82
96
87
86
102
88
93
106
93
95
100
81
99
86
91
103
83
101
94
91
104
94
93
105
87
96
99
82
105
92
102
98
81
93
94
87
105
92
91
106
88
101
104
89
103
89
96
95
90
101
101
86
99
89
81
96
81
95
96
79
98
94
100
98
90
99
108
91
117
95
99
106
88
100
98
83
96
92
95
105
94
99
102
87
109
97
95
108
91
99
99
86
103
99
94
104
86
95
99
84
107
89
93
99
90
98
105
88
101
97
90
107
88
101
96
94
100
86
90
94
92
96
102
93
104
106
99
109
97
107
102
96
105
95
94
102
90
99
105
83
101
90
95
103
88
102
94
95
105
100
97
102
89
104
99
87
107
97
99
100
85
101
95
93
106
94
93
103
86
102
104
88
96
83
91
94
91
94
96
81
96
86
89
97
85
104
98
87
99
100
92
101
88
93
100
83
109
92
97
105
86
108
99
85
102
91
98
100
93
105
102
89
110
93
104
100
88
100
98
89
101
97
89
101
84
94
94
89
107
91
95
98
86
98
104
83
98
90
89
104
89
101
99
85
108
90
101
95
90
95
99
79
97
90
93
103
84
99
95
92
101
88
90
100
83
92
98
79
95
86
88
100
89
98
96
87
101
97
95
101
88
94
96
78
103
94
98
95
84
91
92
89
90
90
86
93
86
98
95
92
107
94
96
103
96
98
101
87
100
86
90
92
82
98
94
89
106
97
95
100
88
99
93
92
100
87
85
98
83
98
86
82
90
90
88
97
85
97
93
85
104
88
102
94
87
99
94
89
102
92
92
94
77
94
90
91
105
89
98
100
92
112
103
93
99
92
91
101
78
95
91
85
89
83
91
86
84
88
91
83
102
90
93
101
83
103
92
92
99
86
90
97
86
104
93
81
100
84
95
107
84
102
94
92
105
95
99
92
86
95
86
78
102
86
93
93
83
92
96
86
102
88
96
99
85
104
97
84
100
88
93
102
84
95
98
83
100
91
87
91
84
99
93
85
105
87
96
94
87
98
95
84
99
83
87
94
84
97
86
79
86
83
88
98
79
88
90
82
96
82
86
90
82
90
91
87
102
91
94
98
81
95
96
77
100
84
87
93
89
98
94
83
103
89
92
104
77
97
90
87
94
90
90
90
86
98
94
87
103
90
91
103
84
101
96
87
99
86
91
93
87
96
86
81
93
82
86
97
80
88
89
88
100
94
96
95
88
108
95
90
105
90
97
90
82
96
83
84
97
84
91
99
87
103
92
88
97
85
94
94
84
93
90
84
98
83
83
86
76
94
87
86
99
85
93
98
79
98
89
83
100
83
91
99
83
97
80
77
86
77
88
96
76
96
87
82
104
92
97
95
88
98
89
89
96
81
86
89
76
93
80
79
101
83
91
96
84
99
87
88
97
87
92
98
78
96
86
88
95
84
88
88
83
95
94
89
98
85
88
100
84
103
87
86
95
83
78
86
80
88
86
79
94
86
95
101
83
105
91
90
103
91
94
96
79
95
91
89
97
89
96
89
80
98
83
82
97
87
94
104
88
105
95
96
93
87
96
89
81
91
90
86
95
83
84
86
79
92
91
88
97
83
90
94
79
95
84
81
93
80
92
98
84
98
85
87
95
85
99
96
81
95
88
84
102
83
94
91
85
95
92
89
97
87
92
92
80
95
84
88
101
83
93
100
84
99
87
90
97
82
93
97
79
98
86
87
99
78
92
90
80
98
85
78
93
80
84
93
84
103
85
85
100
83
94
104
80
100
84
81
90
78
86
92
78
99
87
88
107
88
94
97
83
97
90
86
98
84
94
93
80
94
84
82
96
80
85
99
79
99
89
88
100
84
91
96
75
95
90
86
99
75
79
78
69
83
80
78
90
83
88
96
81
97
82
86
96
81
88
96
76
95
82
77
85
78
85
89
78
93
87
85
98
81
90
90
82
96
89
85
95
88
90
90
79
89
82
83
97
83
91
98
83
99
88
87
99
87
92
93
77
95
83
81
90
75
83
83
77
99
91
89
99
88
94
96
88
103
85
87
94
81
87
92
80
94
85
84
92
84
90
93
81
95
84
89
101
84
95
95
85
100
87
86
98
81
91
95
85
95
81
86
97
82
92
97
83
101
87
94
96
82
88
95
77
96
83
94
102
81
94
93
81
105
89
91
99
82
92
96
82
97
79
82
93
79
92
96
79
99
81
80
91
79
89
98
77
98
88
93
102
84
92
98
