75
82
89
76
87
75
75
84
75
83
87
76
83
82
83
88
82
87
92
82
92
85
79
97
75
84
83
70
79
80
79
86
74
82
88
76
90
81
79
85
72
82
89
76
87
83
82
83
75
79
79
70
84
74
78
88
72
84
84
77
85
83
78
86
76
82
87
74
82
69
70
73
68
83
87
73
89
88
84
92
85
90
87
77
84
76
82
86
75
79
83
66
85
80
78
89
73
85
85
79
90
77
81
84
75
84
88
70
89
78
80
80
75
79
81
73
90
77
82
89
76
84
91
75
89
81
71
80
68
75
77
68
81
76
75
79
76
87
92
76
93
88
82
89
80
82
83
69
89
75
79
88
76
84
83
68
86
78
77
88
76
85
90
83
96
83
84
88
77
87
87
76
90
82
80
87
74
78
76
67
86
78
80
84
72
78
79
68
81
75
68
81
71
81
86
79
87
78
76
78
73
86
85
70
88
81
77
89
80
84
82
76
91
79
84
85
74
82
79
67
85
74
78
86
75
82
83
77
88
80
78
80
72
84
81
71
84
76
80
81
71
76
76
69
85
73
76
79
69
74
80
72
89
78
81
88
73
83
81
73
86
73
72
75
68
84
80
74
85
78
82
91
77
87
82
71
89
77
80
83
70
82
78
67
85
70
76
81
68
80
86
74
92
82
82
82
71
86
82
73
88
78
76
88
69
75
71
69
85
77
80
87
77
89
90
81
95
80
79
84
67
79
82
66
76
65
68
73
67
84
81
69
85
79
78
92
75
84
78
71
88
80
80
82
74
83
80
67
83
73
76
84
74
84
86
72
87
78
76
84
75
82
79
66
80
71
73
79
62
72
71
70
86
83
82
88
77
86
88
79
85
73
74
81
66
75
81
69
80
72
68
74
71
80
77
71
84
74
80
86
76
84
80
71
84
75
77
81
73
84
79
71
83
71
77
86
71
81
87
73
88
74
80
78
72
76
74
71
86
75
80
85
70
83
77
73
88
75
77
81
71
80
78
72
85
70
72
75
65
79
76
67
82
68
73
76
72
80
82
69
87
78
82
88
73
85
77
72
87
74
77
87
73
85
82
75
83
74
81
87
73
90
84
72
87
78
84
90
80
93
88
78
97
80
89
88
70
80
73
70
85
73
76
82
72
84
80
80
91
78
79
85
69
84
80
69
81
71
71
77
71
86
79
69
84
75
81
87
75
85
81
70
87
71
75
81
71
84
76
69
79
67
70
78
63
75
77
70
91
78
83
86
72
86
78
69
84
74
80
78
64
77
71
69
92
74
79
87
78
88
83
77
85
72
76
82
69
87
79
74
86
70
73
78
69
83
82
76
88
80
84
86
74
88
77
74
92
74
77
83
73
81
76
65
78
63
75
81
74
92
85
78
93
84
86
89
76
87
79
71
88
74
85
84
68
83
75
77
93
77
84
84
77
89
83
79
92
72
81
86
71
87
79
75
88
71
75
79
66
86
81
72
85
74
81
87
74
90
79
76
85
68
73
78
64
84
80
72
85
70
80
88
74
91
81
74
90
75
84
85
69
80
75
71
84
76
79
81
66
76
67
67
86
68
76
81
70
86
83
77
86
72
77
84
71
85
78
70
81
68
72
76
60
74
76
70
84
74
76
79
66
82
69
65
84
72
77
85
72
88
84
69
86
71
81
84
71
85
78
73
84
74
83
83
72
86
81
74
91
76
81
80
63
74
71
73
84
76
79
85
73
85
82
79
89
75
81
85
77
85
80
82
84
71
76
81
64
80
74
68
81
73
71
81
72
86
75
74
89
69
77
83
70
89
77
70
75
63
64
78
69
82
76
74
89
75
84
86
70
90
74
72
85
78
80
81
65
73
70
78
86
69
78
83
76
91
83
82
93
73
79
86
70
90
78
77
84
65
79
73
60
75
73
72
95
75
85
93
78
101
83
89
96
75
80
85
76
91
80
75
86
66
84
87
78
93
80
84
89
80
89
92
77
92
85
79
91
77
82
84
67
85
74
82
90
79
85
96
75
100
95
84
98
78
88
91
77
89
75
74
88
68
79
84
68
93
83
81
96
83
90
92
76
96
79
82
89
67
80
87
73
98
72
76
84
70
83
91
79
88
79
77
93
78
90
87
66
86
78
79
86
79
84
88
68
85
75
81
88
75
80
83
77
93
83
90
89
70
77
85
64
80
75
85
88
73
84
79
73
91
84
83
95
76
81
87
70
85
74
79
84
74
75
83
84
79
75
82
-93
51
-137
-437
-229
-453
-444
-321
-461
-429
-455
-464
-427
-459
-464
-458
-466
-462
-462
-466
-460
-465
-465
-461
-467
-465
-463
-468
-463
-467
-467
-462
-468
-464
-463
-467
-462
-465
-465
-461
-467
-463
-464
-466
-463
-454
-402
-380
-334
-304
-260
-237
-205
-185
-154
-145
-121
-102
-85
-73
-55
-50
-31
-33
-18
-9
-1
6
16
22
28
35
39
44
44
45
50
49
58
55
55
60
66
62
68
68
65
74
63
71
71
67
85
75
83
90
73
83
93
76
98
80
81
88
76
80
77
64
85
79
84
93
74
86
92
78
97
75
82
86
78
88
88
82
90
78
75
83
64
81
88
68
89
75
86
85
82
82
86
59
80
76
79
83
65
74
69
55
66
56
58
68
66
71
76
66
82
70
78
79
62
70
69
59
67
60
63
65
54
52
59
43
67
59
64
66
55
62
60
53
69
61
57
64
54
65
61
51
61
47
53
57
43
63
59
46
64
55
55
67
53
64
65
51
65
50
56
53
42
55
53
40
62
50
53
62
52
67
68
65
74
62
62
69
54
66
65
49
71
63
66
82
57
66
67
59
73
67
73
78
67
79
80
68
93
69
76
79
66
77
76
74
85
71
70
84
62
81
82
71
91
78
85
90
73
81
81
66
85
77
78
91
76
92
85
75
96
68
85
95
78
83
90
74
93
83
84
93
81
94
89
80
94
88
89
102
77
86
92
75
100
81
92
93
84
92
92
87
103
86
91
98
79
92
97
79
100
77
87
91
79
96
89
82
94
87
87
101
78
94
96
85
103
92
99
96
88
102
98
83
104
84
86
99
83
101
97
89
105
97
92
106
88
103
97
82
100
88
99
105
84
97
86
86
100
93
93
100
84
97
96
87
108
83
97
93
89
99
98
88
107
92
91
95
82
100
89
88
98
87
104
102
93
104
97
86
115
99
96
102
87
105
96
84
101
81
94
100
89
102
102
83
110
91
101
96
88
106
94
91
102
90
97
104
83
97
93
79
106
92
98
96
83
102
97
88
106
85
91
102
80
92
96
73
95
75
81
84
75
87
88
80
96
79
92
100
78
99
86
76
92
83
76
82
71
81
85
74
86
71
73
81
71
84
77
68
82
76
78
85
68
76
76
62
75
68
77
78
63
70
67
53
64
68
62
70
58
65
67
66
73
54
55
54
48
54
52
46
58
44
47
55
37
55
52
49
62
49
59
54
45
51
49
36
50
42
43
52
36
53
46
43
46
33
45
48
37
48
47
35
48
35
41
45
33
45
36
33
41
31
41
38
22
33
32
19
44
28
40
34
24
37
30
31
41
25
28
34
17
44
29
26
45
18
36
33
18
35
27
19
31
21
30
28
18
35
22
21
37
14
24
27
19
25
25
18
31
14
20
30
15
34
19
17
32
16
25
40
12
28
25
13
32
9
26
29
9
22
13
4
25
15
11
18
3
17
10
12
29
11
18
22
11
27
23
16
30
16
13
23
-1
20
15
15
27
19
28
26
14
23
25
13
27
10
12
23
5
24
19
10
18
5
10
22
7
22
22
14
27
12
19
28
14
25
20
13
23
17
19
22
4
11
8
0
23
7
15
20
11
30
31
20
33
22
24
31
16
31
20
12
30
12
19
24
11
27
29
24
32
23
30
32
15
37
24
27
36
20
34
28
24
35
33
19
35
17
28
40
21
40
27
33
40
32
38
42
26
43
33
27
41
24
39
36
20
36
27
29
46
35
41
47
37
61
53
44
57
34
46
45
37
45
41
38
46
40
42
49
27
58
43
45
51
47
52
55
44
57
50
49
59
44
51
54
38
61
53
48
56
44
51
65
60
65
63
57
69
55
62
66
46
63
49
51
60
54
55
69
54
67
57
56
72
61
65
70
56
73
69
62
67
66
65
78
64
78
72
67
79
70
73
76
58
73
76
71
80
75
73
84
67
87
75
77
83
70
75
79
67
81
83
71
84
69
75
84
72
84
68
66
76
68
77
83
62
80
72
73
86
72
81
89
72
85
74
74
79
70
74
79
67
94
81
74
90
74
81
86
74
84
81
72
85
76
84
82
64
84
76
77
89
79
86
87
78
93
85
82
89
81
85
92
79
102
83
83
86
74
79
83
74
86
80
80
93
82
99
93
80
93
88
90
98
81
89
90
72
93
77
78
92
77
89
92
80
104
83
88
97
81
89
99
77
99
83
86
93
81
89
89
76
92
85
87
99
81
92
92
77
103
86
89
98
80
90
96
73
99
80
79
89
75
84
99
73
97
82
94
101
90
104
102
84
106
86
91
107
83
97
99
83
101
91
91
100
84
96
96
84
111
89
93
93
93
102
88
96
97
90
103
92
95
98
74
99
88
92
106
81
99
102
90
107
94
91
101
79
89
96
83
102
88
93
97
85
92
108
87
106
96
95
107
91
99
97
88
103
92
100
103
91
100
101
89
105
93
89
103
89
102
100
95
113
96
94
110
96
99
105
87
105
90
100
102
93
98
95
85
100
88
99
100
86
96
99
86
107
96
92
105
87
96
97
90
110
93
99
99
85
97
99
85
100
85
96
97
92
101
102
86
109
91
98
100
85
99
100
87
105
91
93
100
88
104
98
89
113
94
100
100
87
99
95
82
97
86
94
102
88
96
91
78
98
86
95
101
82
96
93
87
106
90
93
104
87
102
100
88
112
91
93
95
80
89
92
80
99
86
88
102
86
96
95
82
96
82
91
96
78
88
90
77
93
77
76
91
78
89
90
83
94
85
84
93
80
88
90
75
88
77
77
88
76
80
77
62
74
74
80
85
72
85
90
79
98
86
89
93
80
90
90
77
90
78
76
78
69
80
85
75
87
76
79
88
77
84
87
74
85
75
81
80
70
76
83
70
84
72
70
79
71
81
81
70
87
76
77
85
70
82
78
72
82
71
75
81
63
67
70
56
71
69
74
81
68
80
82
72
90
73
69
73
60
70
71
63
75
66
66
70
58
66
66
63
76
69
72
85
65
80
73
63
71
67
70
72
58
69
68
57
72
59
53
65
59
72
73
60
74
66
68
72
63
69
66
54
68
57
55
67
57
64
64
59
71
70
70
82
64
77
73
61
78
67
62
69
58
67
74
61
73
63
62
69
59
67
70
61
74
66
66
82
64
76
77
62
73
66
61
65
56
64
69
58
70
60
52
63
52
63
68
57
71
64
62
68
58
61
58
45
61
55
62
75
62
66
69
53
63
60
62
66
58
61
66
60
72
64
64
74
59
69
76
62
71
62
60
64
59
60
61
56
68
60
60
74
59
68
70
59
68
66
63
64
55
64
66
58
63
51
49
60
48
62
62
48
63
54
59
65
62
66
68
62
72
65
71
76
60
65
61
51
61
57
58
64
54
64
66
61
71
66
65
69
57
67
63
53
69
60
55
65
56
59
62
56
71
60
65
76
59
70
71
64
77
63
61
65
55
67
65
62
69
54
52
59
48
61
57
50
73
62
63
72
65
73
67
62
71
58
64
71
54
62
56
45
59
53
59
63
51
64
64
62
70
62
58
68
57
68
66
57
70
59
60
63
47
56
59
51
70
65
70
79
62
72
69
63
74
63
60
66
55
61
59
52
60
46
49
63
55
73
69
62
75
68
71
80
60
67
70
58
67
57
62
70
58
63
60
53
67
65
71
75
61
69
72
67
80
70
71
77
63
77
70
63
70
65
64
73
59
66
69
66
78
66
75
77
66
79
77
70
80
63
66
71
57
67
68
69
72
64
67
71
62
78
73
67
78
64
73
80
64
73
67
65
79
67
75
83
68
78
73
66
78
64
74
74
64
77
76
71
82
66
73
77
61
74
71
68
80
65
71
79
61
67
68
64
78
67
74
77
59
71
70
63
72
59
69
75
63
76
78
70
82
66
71
73
64
84
72
66
81
68
76
89
68
80
79
74
88
76
81
86
70
83
73
69
83
72
76
85
68
85
80
77
89
80
82
88
74
88
81
75
88
77
75
89
71
83
77
76
86
79
78
84
69
90
89
81
92
83
84
90
74
89
83
79
85
71
73
80
73
87
81
78
90
79
89
93
78
87
81
77
88
79
81
93
75
88
80
79
85
77
86
87
76
95
93
91
96
84
85
93
82
94
84
77
94
81
86
82
68
82
81
76
92
86
91
95
83
100
87
97
97
82
94
94
81
94
90
82
88
75
90
86
86
97
86
90
97
81
97
97
82
93
94
90
101
83
95
99
80
87
85
88
91
84
92
99
79
101
91
91
103
82
95
99
84
98
85
89
94
82
92
94
75
91
87
91
113
81
95
103
84
103
90
94
96
80
92
91
78
103
86
93
95
78
86
98
81
99
83
88
102
85
105
103
86
102
91
94
103
83
92
105
82
102
81
86
96
78
95
96
79
106
89
96
102
86
94
101
79
99
82
89
100
85
100
93
85
95
94
94
108
94
96
96
84
107
87
93
96
88
94
99
81
100
93
91
97
78
92
96
77
104
88
90
103
90
102
102
79
101
95
92
110
87
101
98
87
102
88
92
95
91
97
99
84
106
91
85
100
83
100
95
91
104
95
97
103
91
107
100
83
102
90
93
108
84
94
97
85
103
97
93
99
83
104
95
86
102
85
94
97
83
97
91
86
99
89
90
96
79
98
96
83
97
89
96
100
86
98
99
86
104
91
92
95
84
100
92
86
105
96
93
106
93
105
106
86
112
95
99
111
92
105
98
86
100
91
96
104
87
104
100
86
111
100
100
101
87
99
99
91
107
94
95
107
84
98
95
87
111
95
98
101
96
102
104
94
106
93
96
107
85
103
97
83
102
86
84
88
83
96
97
87
109
88
97
108
94
114
105
90
104
91
96
98
93
94
98
82
101
85
96
103
88
100
95
92
105
102
95
107
90
100
97
85
105
90
96
94
88
99
93
86
104
91
92
106
89
103
100
93
104
88
97
94
89
93
96
82
99
86
84
96
84
103
100
97
107
104
98
105
94
107
96
82
104
85
94
103
88
99
89
86
94
91
95
100
85
104
98
87
110
95
101
98
88
105
98
92
105
91
92
98
80
98
88
87
101
88
99
99
93
104
101
88
103
88
95
102
80
105
97
88
104
89
96
95
94
103
101
88
107
90
94
106
82
108
93
88
102
88
93
100
86
99
89
87
102
84
99
99
83
98
95
90
107
92
93
103
84
101
102
82
103
90
95
94
81
98
86
85
100
81
83
99
77
94
92
83
98
84
93
97
84
93
100
89
111
87
91
96
81
97
90
85
98
91
95
102
90
103
96
83
103
85
91
105
80
99
88
81
90
87
91
98
75
96
94
88
107
89
95
94
88
97
97
90
99
94
98
97
79
96
81
87
98
81
86
95
89
95
97
86
100
91
96
101
86
100
92
87
96
80
80
83
81
95
100
80
99
88
101
98
86
105
88
90
100
89
96
96
83
95
91
81
91
85
95
98
82
93
94
92
102
91
90
95
83
98
96
80
102
79
89
85
78
86
80
80
95
88
89
100
82
106
96
96
108
97
93
98
84
95
92
87
99
82
87
88
81
101
92
88
97
91
94
108
93
106
94
88
107
87
99
103
84
104
89
87
98
89
92
101
79
99
88
91
108
90
98
91
81
92
91
83
90
84
87
91
76
91
84
84
100
87
100
95
91
97
93
86
97
87
87
97
76
96
85
89
97
84
85
87
80
93
97
81
103
88
91
99
86
98
84
83
91
87
88
92
85
91
88
77
94
80
88
92
81
96
89
93
94
90
93
93
78
93
87
82
93
85
91
91
90
93
90
86
100
84
97
95
81
97
88
93
99
86
95
93
87
99
89
91
100
82
88
90
82
102
89
88
94
92
91
96
87
101
89
84
97
80
96
90
86
101
83
85
94
83
88
93
80
99
83
85
97
77
90
87
84
100
85
89
97
90
95
99
78
98
81
84
88
83
96
89
88
99
88
89
105
82
92
99
77
100
89
91
95
82
88
90
82
101
87
85
99
81
94
105
81
99
85
90
95
86
89
93
85
98
81
78
99
73
87
90
80
91
93
89
96
86
96
97
83
109
91
90
102
86
92
90
79
88
82
84
98
85
91
99
85
103
90
92
105
80
92
95
83
95
96
88
103
83
86
92
84
100
84
87
91
90
93
104
90
100
85
84
99
80
88
92
86
97
82
81
87
75
83
89
78
97
93
90
103
88
98
91
88
97
86
82
97
84
93
103
77
93
81
89
97
87
98
92
96
98
93
96
99
82
89
100
79
100
90
93
93
83
81
87
85
100
92
91
101
87
98
101
86
106
87
94
98
87
90
94
80
101
85
84
98
80
100
99
89
111
95
97
99
88
99
94
86
104
85
89
97
80
101
94
88
100
84
94
104
88
96
96
86
104
92
100
104
81
96
97
81
98
92
91
105
84
92
99
81
102
85
93
99
85
96
99
83
101
83
87
99
81
92
101
84
105
90
100
97
82
97
99
82
104
87
91
102
85
97
94
89
98
85
90
98
86
94
99
77
96
79
88
96
80
95
97
85
100
89
99
99
75
93
101
85
105
87
92
99
84
92
95
89
97
90
92
101
81
94
100
84
99
82
93
101
91
98
100
91
103
90
95
99
78
96
93
88
104
91
92
100
87
102
98
86
99
84
94
97
82
99
87
83
96
79
92
101
85
90
97
83
100
89
101
99
82
91
95
88
103
86
89
100
79
88
90
78
93
81
87
91
84
95
97
85
108
88
96
103
86
100
94
88
108
80
91
92
76
93
98
81
105
87
96
99
85
102
93
85
97
82
90
96
82
97
90
78
94
74
85
96
77
92
92
82
95
89
91
98
78
91
98
76
103
82
86
88
74
80
81
72
97
