83
88
94
74
92
92
80
90
80
42
79
-205
-109
-405
-422
-279
-456
-385
-425
-456
-384
-456
-462
-448
-459
-460
-459
-464
-459
-462
-464
-458
-465
-462
-461
-465
-460
-464
-464
-459
-466
-463
-462
-465
-460
-463
-464
-460
-466
-463
-463
-462
-463
-462
-438
-432
-368
-357
-295
-280
-243
-222
-202
-180
-141
-132
-116
-96
-87
-71
-51
-42
-26
-17
-9
-1
8
20
29
24
39
42
38
44
43
43
49
47
52
67
68
68
76
67
80
73
75
78
75
65
79
72
83
80
63
73
72
68
79
73
78
81
73
83
88
79
91
76
78
88
71
90
87
75
89
76
70
75
68
78
87
68
91
80
87
91
78
92
90
80
96
80
79
89
74
86
84
71
88
75
83
88
77
91
95
77
90
79
77
93
75
83
90
68
84
69
78
75
63
65
72
59
78
63
61
76
61
70
74
63
74
63
64
74
59
63
65
49
62
49
46
57
49
58
64
54
66
67
69
75
67
71
70
53
72
56
56
62
59
63
67
58
64
62
59
69
62
68
74
62
75
65
69
73
62
59
66
50
64
64
68
73
57
64
67
60
78
65
75
74
68
74
86
66
82
69
67
73
63
73
76
72
86
75
69
84
71
82
88
74
91
79
85
86
75
82
79
72
90
82
77
88
77
91
90
73
89
71
89
90
83
92
90
84
95
85
87
97
74
94
89
77
90
85
90
90
79
86
85
76
107
81
87
95
76
93
96
77
99
78
85
93
82
92
91
87
105
87
94
100
78
97
94
87
98
91
90
105
85
102
95
90
108
87
96
96
82
100
99
84
98
84
92
106
88
105
98
88
105
87
101
100
84
98
97
86
107
98
97
106
86
100
91
89
103
95
93
99
87
98
108
91
111
98
97
106
96
108
105
104
108
98
95
102
80
94
100
85
107
95
99
101
88
104
96
90
105
96
94
107
89
106
99
89
104
83
101
99
99
102
104
100
106
100
100
108
88
105
98
91
107
98
94
100
83
92
95
88
99
88
98
97
87
107
100
95
110
97
99
105
95
103
98
86
103
83
94
96
77
101
90
92
99
91
94
99
85
97
95
94
101
84
96
91
87
99
90
85
98
83
87
99
79
99
91
88
104
85
101
93
82
91
88
77
91
84
81
85
64
79
75
75
84
75
80
86
76
91
88
73
89
70
75
76
61
74
69
67
77
64
69
77
53
68
68
56
79
61
67
72
57
68
65
62
63
56
53
67
53
69
56
45
59
43
53
62
49
59
58
48
60
52
51
60
37
55
45
37
53
41
42
46
35
42
46
35
53
41
46
52
34
51
40
33
48
33
38
47
28
39
40
29
49
27
39
35
27
43
36
31
48
32
37
43
34
42
42
30
47
28
38
34
27
41
32
22
36
25
36
43
23
38
32
23
40
25
36
26
20
30
30
26
40
23
38
40
20
39
30
28
37
23
32
25
20
31
29
18
34
15
27
36
12
28
25
25
33
21
26
28
12
32
25
21
38
18
37
30
24
37
29
26
31
25
27
34
18
39
25
21
34
10
25
32
12
25
20
14
26
23
25
35
9
36
25
27
30
25
34
32
15
28
25
12
32
14
24
33
13
34
23
26
33
17
28
33
14
30
28
23
41
20
28
32
11
36
25
29
36
21
31
38
18
39
30
23
42
24
34
31
27
37
35
23
34
23
27
42
17
36
33
23
45
38
39
42
30
46
43
37
46
33
38
47
25
45
35
26
44
35
38
43
36
42
45
39
52
37
43
47
36
48
45
39
49
45
43
44
31
45
45
43
52
40
50
53
40
57
51
43
52
45
49
54
39
49
44
31
49
31
50
46
41
54
53
46
63
57
61
68
49
61
53
55
59
49
61
54
46
60
50
42
60
50
58
66
55
65
61
61
67
60
67
66
55
65
65
57
68
56
58
64
51
63
61
67
70
65
68
75
57
83
69
60
68
54
61
61
54
69
60
58
68
61
68
82
62
81
73
73
85
71
79
84
68
83
79
77
86
72
81
88
68
91
77
71
86
76
82
93
76
90
83
79
95
76
87
92
69
87
78
82
97
74
82
86
69
87
86
82
96
78
91
94
78
97
81
78
90
78
88
104
76
100
87
87
100
82
95
95
85
97
89
90
103
89
93
103
80
103
96
93
101
86
103
101
83
99
89
86
104
85
95
106
84
103
91
92
101
87
98
101
85
100
95
91
109
84
94
97
84
101
96
93
101
85
96
100
89
107
97
88
109
92
104
109
94
111
100
89
100
91
97
99
85
102
92
99
105
93
108
104
93
111
104
94
105
92
103
105
91
109
92
96
104
93
108
106
88
115
103
99
110
101
101
105
92
104
94
104
109
92
99
96
77
103
95
93
104
88
107
105
99
115
102
101
109
93
104
108
87
110
95
95
102
88
97
97
89
109
99
99
103
96
102
106
86
109
99
100
108
93
108
109
93
106
93
91
109
93
109
110
92
117
100
101
108
98
104
107
94
114
100
98
108
91
101
96
87
110
103
101
112
100
108
115
106
117
103
102
110
93
111
105
90
110
101
96
106
95
99
105
93
112
99
103
107
96
107
112
96
110
104
95
111
91
101
103
92
108
95
94
105
89
107
101
89
112
100
99
110
98
101
99
90
102
91
101
100
94
101
107
94
112
104
101
108
97
106
106
100
109
103
95
105
92
106
103
89
108
99
98
100
84
95
99
87
104
95
101
99
88
105
99
86
109
90
99
99
87
103
101
85
98
85
88
96
84
105
95
86
102
91
93
99
80
92
95
80
100
89
96
97
82
97
89
81
97
83
85
89
76
88
89
82
94
83
82
91
77
93
90
78
95
85
81
97
72
81
86
78
92
83
84
92
75
91
90
77
94
83
84
91
75
87
92
79
91
79
79
87
76
86
82
71
88
79
81
98
77
88
92
77
94
87
81
92
76
83
80
65
80
74
74
82
70
84
87
74
88
81
78
87
74
85
86
71
89
83
77
91
69
75
82
70
85
87
79
92
76
86
86
73
91
76
76
84
72
82
89
70
74
63
55
66
64
74
75
69
82
77
79
89
74
79
79
71
82
77
70
79
62
67
66
59
69
67
69
77
64
77
80
66
77
73
67
76
66
74
73
64
76
68
67
74
58
62
65
63
73
73
71
79
62
72
74
71
77
67
68
72
58
64
68
58
66
60
60
69
66
78
72
66
75
75
77
86
68
76
73
62
71
68
67
80
66
74
70
67
74
67
70
76
58
73
75
66
81
71
70
76
62
67
66
61
74
68
68
72
56
62
65
62
68
68
66
81
59
71
69
62
69
59
55
65
54
66
69
61
65
60
57
68
62
72
74
64
76
67
73
75
58
65
70
62
73
66
61
71
55
63
62
53
64
63
63
70
57
71
67
57
74
63
60
71
59
67
66
59
69
65
67
67
54
62
61
55
69
60
54
69
53
65
64
58
64
61
56
64
59
71
71
63
71
63
60
68
61
64
65
55
64
62
67
75
58
66
68
59
70
61
58
66
59
65
66
60
62
55
60
67
58
72
68
64
75
68
61
70
57
64
63
55
67
62
62
64
53
58
55
52
67
59
55
66
53
63
63
57
68
60
59
69
55
70
67
60
64
54
51
63
50
67
67
63
72
68
76
78
64
75
70
65
85
66
70
78
62
71
70
62
64
63
65
75
58
73
69
61
73
64
66
79
57
68
68
62
71
62
58
61
42
57
56
51
69
63
64
75
60
76
82
73
77
67
69
78
59
71
69
62
70
57
59
72
59
68
68
62
70
68
72
79
63
73
73
68
80
65
69
75
63
69
72
58
67
63
63
72
60
70
74
68
78
70
71
84
63
69
67
60
69
67
65
69
54
64
67
65
79
67
75
82
68
81
80
68
74
62
63
68
65
76
71
68
74
62
61
71
60
73
73
70
78
75
74
80
67
76
70
69
78
65
68
78
62
72
68
65
69
67
75
81
72
81
81
73
83
70
76
80
62
73
67
71
79
71
74
78
63
76
79
81
88
70
78
82
65
84
73
74
80
73
76
80
70
80
73
71
75
65
75
79
66
82
75
73
87
76
78
88
73
88
78
83
86
73
79
86
71
88
79
73
80
76
81
87
74
88
82
77
85
75
83
82
69
88
81
76
93
82
90
95
72
87
78
84
88
79
80
90
73
95
89
80
88
80
83
90
77
91
92
83
91
76
84
91
75
92
90
82
99
80
89
96
76
91
86
84
94
80
90
97
76
100
81
81
87
79
86
96
73
90
87
81
95
87
95
98
78
101
85
90
97
82
88
91
77
85
86
88
98
80
90
96
79
104
86
94
94
90
92
105
82
99
93
101
92
85
92
93
85
101
87
90
100
85
90
106
84
103
92
94
98
82
91
91
79
97
80
79
85
80
81
102
82
99
90
99
100
93
97
97
77
96
85
86
99
77
92
96
75
96
81
91
99
82
77
90
118
94
97
95
87
99
100
84
106
88
94
99
85
91
91
80
102
87
92
95
85
99
98
86
101
93
91
101
80
89
93
82
102
85
90
94
89
104
112
88
110
102
98
106
93
102
102
83
101
91
98
100
86
96
93
83
101
96
91
105
89
101
99
88
108
100
98
99
91
97
107
86
108
89
96
98
89
96
94
91
109
98
96
104
95
98
106
89
107
94
97
100
77
101
104
91
105
95
96
99
87
105
111
87
109
90
96
98
93
101
101
86
103
91
99
98
86
100
97
89
101
88
95
100
90
99
104
96
105
96
97
101
88
100
97
85
103
93
91
97
86
90
95
83
102
86
105
96
88
95
94
87
104
92
93
100
90
101
105
93
110
91
95
95
86
103
96
84
101
93
97
102
93
102
97
88
107
91
104
104
94
107
99
86
106
94
98
103
87
104
102
92
114
97
97
101
95
107
105
87
110
95
100
101
82
97
92
88
101
87
99
87
92
100
100
94
120
98
101
98
91
105
102
92
104
87
88
95
86
105
102
84
109
90
101
103
92
103
103
88
106
92
99
102
87
105
101
85
112
86
98
99
89
98
105
91
112
92
101
103
86
109
97
84
106
91
94
102
81
89
93
83
101
88
97
101
97
105
106
96
110
96
91
103
89
102
100
87
108
89
92
96
84
102
98
85
104
95
96
108
89
103
97
87
107
90
100
99
93
102
99
91
102
85
92
105
85
101
97
85
105
91
94
94
91
96
90
81
96
78
87
100
78
93
89
89
103
97
91
99
90
101
96
84
103
82
95
98
81
102
99
87
98
88
91
94
84
94
99
85
102
90
101
106
94
106
97
87
109
95
97
98
84
109
95
89
108
81
98
97
86
100
100
85
107
90
97
93
84
101
94
89
100
88
100
98
87
96
91
88
106
92
95
92
90
100
95
93
104
86
95
104
86
101
106
88
110
89
97
94
94
102
94
95
106
93
99
106
87
103
86
85
106
93
97
92
90
100
95
88
103
84
95
105
82
101
94
88
100
90
100
95
95
97
101
88
109
94
99
99
81
99
88
86
99
94
93
102
79
100
99
92
110
89
99
99
93
101
93
94
102
89
93
99
89
101
97
87
105
89
100
97
91
105
97
86
104
96
93
103
85
103
94
96
91
83
93
92
88
97
97
89
108
92
107
106
95
105
95
96
99
92
110
95
87
94
92
87
105
88
94
101
88
101
93
100
102
88
93
98
81
110
95
92
106
88
99
95
90
104
93
94
106
92
104
101
86
109
93
92
109
90
100
97
85
98
87
85
92
84
94
101
86
111
99
100
107
97
101
105
91
102
91
84
106
87
99
99
78
98
85
91
104
89
96
102
84
100
96
87
108
87
97
97
82
102
85
90
100
80
86
100
78
102
93
90
104
89
103
98
89
107
98
89
105
85
85
97
77
96
90
87
98
81
98
99
89
102
96
89
106
84
94
106
83
101
90
87
99
87
99
99
82
95
94
83
106
83
92
100
89
104
99
93
103
88
93
103
83
100
90
90
102
82
93
96
81
100
94
89
102
95
102
99
83
103
87
90
95
83
90
92
90
98
95
89
96
81
91
101
81
102
85
93
98
86
97
97
80
98
94
87
99
88
95
97
77
97
77
94
102
89
94
98
81
103
98
85
99
84
100
95
90
105
86
91
98
82
87
95
74
97
86
87
96
79
91
90
84
97
89
92
98
88
94
100
81
108
94
89
90
79
90
96
83
98
88
88
101
85
97
102
77
102
85
89
96
86
92
97
78
92
84
86
100
80
90
94
85
103
93
93
101
87
92
102
84
104
89
90
106
83
98
91
77
97
95
86
98
87
92
105
82
110
96
98
104
89
102
102
85
99
94
87
93
82
88
102
89
105
89
95
101
92
104
103
81
106
98
93
105
90
96
98
85
97
82
94
99
90
96
99
92
107
97
92
104
91
101
97
88
102
89
90
99
82
91
95
72
96
89
92
105
87
100
100
89
110
99
93
102
87
91
98
77
102
85
88
97
81
97
94
92
102
91
91
100
91
103
103
81
104
88
97
100
89
99
98
82
97
84
90
97
82
96
93
86
105
87
95
102
85
92
99
81
99
85
87
101
80
95
97
78
108
93
97
109
96
104
106
87
109
92
96
96
82
97
95
88
106
88
91
98
79
92
100
83
106
90
94
101
85
99
101
79
96
90
89
109
85
99
105
77
100
83
87
98
87
95
101
85
105
88
92
103
79
91
97
76
98
89
91
96
84
93
99
78
105
83
91
105
84
98
93
81
102
95
91
97
87
91
99
79
105
85
89
94
74
92
105
83
97
90
92
102
87
99
101
83
105
88
90
97
86
91
103
82
98
90
83
98
81
93
93
86
96
82
87
94
85
90
105
84
101
91
92
106
89
97
90
80
94
89
83
97
84
100
99
84
103
92
93
99
83
96
94
92
106
90
89
94
81
88
99
81
102
83
93
96
89
104
90
80
94
89
87
98
80
97
94
81
91
86
81
88
78
89
89
84
105
86
94
101
83
104
99
86
105
85
92
97
82
89
89
76
102
87
97
99
82
101
96
85
104
94
90
97
81
94
94
85
100
86
88
95
80
97
99
82
100
87
88
99
85
99
101
80
104
88
95
99
80
97
94
82
97
80
81
96
79
94
98
87
106
96
97
101
87
102
97
79
95
79
87
99
79
89
90
76
93
89
93
97
87
96
93
89
105
87
85
95
79
91
95
87
100
88
87
91
80
91
95
84
100
87
93
101
88
96
93
81
93
87
89
87
77
89
88
76
92
84
80
95
88
96
95
92
103
88
90
96
76
97
86
81
96
84
85
94
80
88
89
73
93
86
90
93
80
93
90
86
99
88
89
93
82
95
94
84
95
86
86
90
75
95
94
83
94
85
87
98
77
97
90
79
92
80
87
91
81
97
92
86
102
86
92
100
84
99
93
89
101
86
94
99
83
99
90
82
97
82
90
103
78
93
89
78
96
83
92
94
81
94
92
84
106
85
86
93
78
91
97
79
95
89
86
92
74
89
90
78
95
82
85
97
71
88
86
75
94
80
88
96
77
97
93
82
96
77
78
86
77
90
95
79
97
81
87
94
81
91
92
81
94
86
85
96
72
86
83
72
92
87
88
95
81
89
90
82
96
82
84
93
81
91
96
79
97
83
84
88
79
87
88
78
88
78
81
93
79
94
94
84
98
90
92
96
79
95
91
81
90
80
78
89
79
91
92
80
97
85
91
96
85
93
91
80
92
85
85
101
79
95
86
79
95
94
90
96
77
96
90
92
103
86
89
96
79
94
92
84
98
83
83
90
78
85
86
84
95
88
96
99
88
107
96
88
102
88
91
96
77
96
89
87
94
81
81
92
85
96
92
87
104
85
92
100
85
98
91
87
102
85
97
98
80
95
89
75
96
88
91
102
79
98
94
92
104
87
94
103
81
104
91
82
99
84
89
97
83
96
94
92
106
92
100
100
82
98
94
85
101
86
89
95
78
92
93
85
97
79
83
96
79
101
92
86
102
84
93
102
84
95
94
83
96
83
91
100
79
93
89
80
97
84
88
97
81
96
92
88
95
85
83
88
70
92
83
79
97
83
85
97
78
88
93
87
96
84
92
96
79
94
94
84
100
81
89
97
79
96
87
86
92
78
80
88
75
100
87
84
97
83
90
100
79
92
85
84
95
84
87
97
77
93
89
79
94
83
90
97
74
93
87
84
94
82
84
96
79
100
86
88
98
86
93
96
74
90
84
82
91
81
85
92
76
93
89
84
96
78
88
90
75
92
88
81
91
79
81
93
79
95
86
83
96
75
88
101
74
93
87
81
95
81
86
93
77
93
80
79
89
76
82
86
72
90
90
79
99
83
90
98
79
100
86
87
97
83
86
98
70
90
89
84
95
90
95
102
80
100
93
89
101
83
85
100
77
98
94
85
95
79
79
93
80
96
88
88
95
87
95
104
77
97
84
85
96
86
89
98
73
88
78
76
85
80
85
96
75
97
91
90
102
87
90
101
82
92
87
83
92
82
86
96
72
90
89
87
95
89
88
99
76
96
86
93
96
79
89
98
75
96
86
87
91
82
86
93
84
99
85
90
96
81
93
102
81
94
89
83
90
81
85
89
76
90
81
90
91
86
91
99
80
99
91
90
100
80
90
93
81
100
80
84
96
84
96
94
79
92
88
89
97
78
94
101
78
99
89
94
98
78
87
94
78
98
83
87
90
77
83
90
82
96
84
89
98
82
95
95
77
92
80
79
93
82
88
96
79
96
87
90
95
87
95
98
78
102
84
84
92
86
86
98
77
97
85
85
95
83
93
91
72
86
90
88
99
80
89
102
75
97
85
89
91
78
86
93
77
96
85
87
91
76
83
93
76
92
83
77
83
73
82
88
74
86
85
84
96
76
86
96
77
96
81
86
84
83
85
91
85
97
84
88
97
82
92
101
78
96
83
86
91
85
90
95
79
92
84
92
99
78
88
93
82
97
88
96
87
83
87
92
76
94
83
85
88
74
76
84
74
82
78
78
88
78
81
94
76
93
86
87
98
78
90
93
77
89
81
77
82
73
89
92
80
100
86
91
100
83
94
101
80
104
81
86
91
80
90
87
74
92
79
86
93
80
88
93
78
