77
94
77
75
83
74
84
86
77
90
79
83
85
80
84
84
72
97
80
85
95
85
91
94
80
88
79
78
89
77
85
91
72
95
85
89
91
83
84
94
74
88
84
85
92
79
84
86
74
94
80
81
89
85
82
98
77
95
73
78
90
80
92
91
79
92
86
77
84
77
79
87
69
90
81
86
94
92
96
88
83
98
89
89
96
88
91
96
67
86
74
81
87
80
90
94
79
93
91
85
96
74
86
86
74
90
83
86
84
75
78
82
73
88
81
81
90
80
88
94
79
89
83
78
83
81
83
88
71
84
70
66
80
70
79
84
73
90
90
88
92
88
93
95
77
96
75
82
87
79
87
91
76
86
80
82
92
82
90
91
78
96
81
91
96
80
88
90
76
86
85
87
89
75
86
84
76
91
81
86
88
87
86
100
75
96
74
80
90
73
84
83
76
88
78
79
84
80
88
94
77
97
87
86
88
80
86
85
75
88
81
80
89
83
86
90
67
89
74
81
89
82
85
93
78
94
85
84
93
78
86
90
72
91
85
86
85
76
80
81
76
92
76
80
91
81
88
88
73
87
81
78
86
83
82
91
78
97
80
83
92
81
87
88
75
87
86
80
89
83
90
88
79
95
82
82
90
87
91
89
74
89
83
85
97
84
89
93
81
98
84
92
92
87
91
94
85
95
90
85
92
79
86
83
79
92
82
82
84
83
86
90
79
94
86
82
95
89
92
94
84
96
80
74
80
71
82
83
68
90
82
85
90
83
94
83
80
90
76
79
88
81
86
86
71
85
73
83
85
82
84
86
76
92
84
88
85
75
87
85
75
90
80
86
85
73
78
75
72
95
76
80
90
84
96
90
84
98
77
84
87
78
84
86
70
89
77
76
80
73
87
84
78
94
80
81
92
76
89
87
75
92
78
82
85
82
92
88
74
87
74
82
93
79
87
91
75
92
82
87
85
77
80
79
71
90
72
74
83
69
80
80
75
91
86
85
90
86
92
95
78
94
80
76
89
73
83
84
75
88
80
78
80
75
79
83
70
93
77
82
90
76
88
86
77
87
78
80
88
79
87
86
74
84
70
78
85
76
81
82
79
89
81
78
76
65
74
74
66
84
74
79
82
70
77
79
73
89
80
80
84
81
84
80
78
86
77
80
90
79
88
88
79
94
80
80
79
75
89
85
81
94
80
82
87
75
81
85
74
88
76
84
87
81
86
79
77
84
72
79
89
75
83
82
73
81
79
84
81
73
81
84
74
88
80
83
87
74
83
77
75
87
73
81
84
84
88
88
83
94
81
87
90
77
86
86
79
91
83
79
83
74
85
84
79
94
85
90
95
84
94
90
80
93
82
83
91
87
91
81
71
84
70
77
84
76
89
88
79
96
86
88
96
79
94
91
87
96
78
85
85
72
80
81
72
91
81
80
87
86
89
86
78
92
76
86
90
77
85
85
76
89
77
75
80
71
86
85
83
91
80
81
88
78
88
84
75
87
79
78
84
76
80
74
67
80
72
84
90
78
89
86
80
94
87
87
87
77
83
81
77
83
77
80
83
71
85
75
73
87
76
77
84
82
91
87
79
91
79
89
86
76
87
80
80
92
81
80
82
76
89
84
79
89
84
87
91
82
97
79
77
87
76
79
90
83
94
87
82
92
80
95
94
85
97
88
87
103
86
94
94
79
91
87
86
96
80
91
90
74
91
78
77
91
81
88
96
82
97
88
85
98
80
89
91
79
93
88
81
97
74
80
83
75
90
88
76
85
74
78
84
71
86
80
75
89
77
83
94
78
88
82
71
84
71
80
85
71
85
81
76
92
79
85
84
72
83
84
75
85
76
78
82
71
85
73
74
88
78
79
90
77
89
89
82
92
80
86
87
76
89
85
82
95
81
80
80
70
85
84
74
88
82
87
91
82
98
88
83
96
82
88
101
77
91
81
76
87
77
83
89
76
91
85
85
97
81
90
87
78
90
89
82
93
83
89
90
79
88
76
77
90
80
85
94
82
93
87
86
94
87
84
90
74
92
82
79
89
72
78
80
71
88
88
84
91
87
90
94
86
98
81
81
89
77
83
92
76
90
82
74
89
79
85
89
75
94
82
80
96
75
86
88
75
90
84
80
91
78
87
85
75
88
74
78
89
75
83
95
77
87
83
83
90
77
78
81
66
84
74
81
88
76
79
85
73
95
85
81
91
77
85
90
82
95
79
79
93
80
87
90
77
95
82
78
87
78
85
91
74
92
85
86
95
88
89
95
79
97
78
80
92
85
86
92
78
87
77
78
90
78
86
92
80
88
80
82
90
76
82
74
92
89
-10
162
-236
-214
-318
-456
-296
-454
-458
-385
-462
-459
-460
-465
-460
-463
-464
-460
-466
-463
-463
-467
-462
-465
-466
-462
-467
-465
-464
-468
-463
-466
-466
-463
-468
-465
-464
-468
-462
-466
-466
-464
-465
-465
-464
-463
-463
-437
-393
-355
-311
-285
-259
-223
-199
-171
-141
-131
-105
-86
-74
-64
-47
-35
-21
-24
-14
-8
-4
7
22
26
34
32
40
48
55
53
61
52
61
60
60
66
68
64
79
66
71
80
64
77
80
70
88
79
85
92
80
91
87
76
97
75
80
90
77
86
89
71
81
65
75
87
76
84
88
79
95
87
89
98
74
83
91
72
89
81
77
86
71
80
80
69
93
76
77
86
77
84
92
72
86
76
76
82
72
79
81
66
83
71
68
75
63
66
78
61
77
71
67
75
68
73
73
60
70
62
58
62
53
58
64
51
62
49
61
69
67
69
73
59
69
62
59
68
56
60
65
47
67
62
60
59
51
56
56
45
65
61
56
63
51
62
68
58
70
58
58
61
56
62
63
54
70
62
64
68
60
66
69
61
67
69
67
72
64
72
72
57
74
66
66
75
69
77
78
66
82
72
76
85
74
85
81
74
85
78
86
87
73
86
83
74
89
84
85
91
73
86
79
77
96
78
85
87
83
90
94
82
95
83
84
94
80
91
94
83
97
79
89
97
75
90
90
80
99
85
88
100
77
94
96
86
100
87
91
101
86
104
91
79
101
77
91
95
88
95
91
90
102
88
102
103
87
103
95
87
108
90
94
99
84
92
95
90
107
97
92
103
90
107
101
91
108
86
103
102
92
97
102
89
111
91
94
93
84
95
97
83
104
93
100
103
89
108
103
94
111
93
98
99
99
102
96
82
100
87
92
106
92
101
102
91
113
97
105
102
94
104
101
79
112
96
94
104
83
96
90
90
102
93
99
98
90
106
103
90
108
91
100
111
92
107
93
90
104
88
98
90
86
104
104
89
114
97
101
105
94
104
95
96
101
93
97
98
87
109
92
85
100
83
100
105
90
106
96
90
104
97
94
99
80
95
94
84
103
79
88
92
79
88
88
80
88
84
84
93
79
95
88
81
90
73
78
89
70
80
81
68
91
78
77
88
68
88
83
73
87
70
74
88
71
84
82
66
86
71
76
80
73
83
74
68
81
67
72
89
66
80
71
66
83
72
74
72
61
68
71
60
72
62
59
68
50
58
55
45
60
45
51
52
47
55
57
41
54
47
47
57
40
57
55
49
61
48
43
48
29
49
50
37
55
38
43
50
44
50
44
39
49
43
39
46
41
44
41
28
49
29
45
43
34
42
39
29
50
41
36
42
26
42
38
32
40
29
37
31
22
34
27
22
36
23
33
34
27
44
32
32
43
30
48
41
25
36
33
19
37
21
29
28
18
33
24
30
36
23
29
38
22
44
30
23
38
20
32
29
28
42
22
20
28
17
24
29
12
24
26
20
37
19
33
26
19
28
27
20
26
21
20
21
8
25
11
15
22
15
23
29
25
30
29
21
31
12
22
26
4
23
17
15
28
15
14
13
7
22
21
18
32
15
28
27
18
39
20
20
29
19
20
31
20
28
24
13
26
11
31
27
18
28
27
21
34
19
24
29
14
25
22
16
28
13
23
27
15
34
24
23
40
16
30
39
20
34
23
27
36
26
35
34
22
34
32
23
44
21
26
31
19
38
30
31
37
27
30
46
25
48
35
29
45
24
36
38
30
45
32
28
41
27
39
43
28
42
35
38
46
32
42
43
37
45
46
41
51
41
48
54
41
53
37
43
49
37
38
53
46
55
55
48
58
45
59
54
42
57
48
53
61
49
49
50
41
56
56
47
61
43
57
59
47
59
49
49
57
53
53
63
50
63
51
44
53
36
56
55
45
58
55
54
74
65
73
76
64
79
76
69
82
62
68
69
56
64
59
59
71
64
73
76
61
74
69
70
80
72
74
80
60
71
70
65
79
62
67
72
58
75
78
71
81
70
73
87
73
87
73
71
87
68
78
78
66
81
66
66
77
72
76
86
71
89
80
82
96
81
91
85
75
83
87
77
84
81
83
89
74
90
74
79
88
81
83
90
82
90
88
81
94
83
84
91
72
93
85
88
91
81
81
82
74
88
92
81
93
81
89
92
86
93
84
84
84
77
82
88
77
94
84
76
92
78
94
97
85
99
93
92
99
86
95
97
80
101
89
91
100
84
97
97
90
97
87
91
102
89
102
101
90
105
91
99
100
89
98
94
86
98
94
98
98
79
97
92
86
100
89
94
100
89
95
102
86
105
86
90
101
81
102
95
91
111
92
95
101
89
100
100
78
104
88
98
100
86
101
96
89
101
91
91
99
86
99
98
83
102
86
94
104
89
101
105
92
105
93
96
107
90
102
105
83
108
94
101
99
87
95
98
81
106
88
94
106
86
105
103
92
106
93
103
103
98
103
110
94
114
91
93
107
85
104
100
89
107
99
99
102
96
102
105
91
115
95
103
107
91
106
102
91
103
95
100
106
95
107
106
94
111
96
96
106
94
101
101
87
102
93
93
103
77
89
90
88
102
90
95
101
94
104
110
101
109
99
96
105
93
105
94
97
104
95
89
105
88
104
105
88
111
100
102
107
94
112
99
95
108
97
93
102
88
99
103
85
100
84
97
96
89
104
98
95
109
101
99
108
89
104
100
83
101
93
102
95
89
97
93
90
111
95
101
104
91
107
105
94
106
90
98
99
95
99
99
90
110
91
93
103
78
98
98
89
103
96
93
103
89
103
95
89
107
88
95
100
83
101
99
85
97
82
88
105
90
98
103
85
106
91
96
91
86
96
97
81
100
91
91
105
79
98
91
87
101
85
90
92
81
88
95
85
97
75
87
96
83
92
91
84
98
86
90
95
83
91
97
78
97
85
86
95
83
96
86
86
95
87
82
90
82
91
93
74
89
76
80
85
77
85
81
75
86
87
93
96
75
90
92
87
98
88
91
91
80
83
78
82
90
84
78
90
77
91
87
81
91
77
76
77
76
80
83
72
86
74
76
78
62
74
77
71
82
75
77
81
71
83
78
68
81
70
74
78
69
82
70
59
66
55
57
68
62
66
74
72
82
73
81
80
72
81
76
66
84
67
68
74
57
67
64
60
66
66
72
71
63
73
75
64
79
66
69
80
60
66
67
62
67
58
61
61
53
67
71
61
76
65
69
73
65
77
70
65
75
62
56
65
50
66
63
46
64
52
64
74
60
71
68
72
80
67
72
76
57
66
66
57
69
62
63
69
56
63
66
62
70
64
64
76
62
76
75
69
81
72
70
79
64
74
76
67
82
70
67
71
54
69
71
63
76
68
70
76
58
70
69
56
68
62
60
65
63
73
67
59
69
61
66
81
64
71
69
67
75
67
69
70
62
66
68
64
73
66
63
68
58
63
66
61
73
69
70
73
63
72
71
61
73
63
67
76
59
66
68
63
71
63
61
63
50
67
67
58
67
59
58
63
55
70
71
64
74
64
70
75
65
80
70
63
65
55
65
71
60
69
68
67
79
72
71
76
61
71
68
63
70
65
70
75
60
68
67
60
74
65
66
73
65
78
72
66
81
65
71
74
55
70
72
66
79
67
66
66
51
67
66
67
74
63
69
78
65
82
78
66
80
71
72
72
67
76
69
59
68
60
65
79
63
75
76
70
82
73
76
77
62
75
75
68
80
71
72
76
63
73
68
63
74
70
72
81
69
81
76
68
85
71
77
78
64
75
73
65
81
68
69
74
67
84
83
81
88
79
83
86
74
88
79
71
83
74
75
83
73
82
77
69
82
69
82
81
72
83
79
75
87
81
79
85
69
83
76
78
81
73
81
80
70
86
74
70
84
77
81
85
76
88
82
80
88
70
80
78
68
80
74
77
90
74
81
85
75
94
86
85
93
80
84
88
78
96
79
79
90
81
88
92
83
96
81
81
90
78
88
93
80
97
82
87
99
80
89
90
75
91
85
84
93
81
88
90
73
91
77
81
94
78
88
94
76
86
80
76
88
77
87
93
79
95
86
89
103
79
90
93
75
95
87
82
93
79
90
96
80
103
88
91
99
85
91
101
82
100
88
85
96
78
94
101
78
100
90
89
106
86
96
97
82
104
93
88
99
84
96
96
81
99
80
84
97
80
88
98
79
103
96
93
108
92
99
99
84
100
93
92
103
83
90
93
75
97
91
89
100
87
94
104
89
107
91
94
102
85
98
101
85
103
89
89
96
83
91
97
82
100
90
98
101
89
99
98
80
105
99
88
97
84
92
94
81
92
78
87
98
85
97
101
85
106
93
97
101
91
101
97
79
100
90
98
102
88
97
96
82
108
99
96
104
92
103
104
94
113
93
99
101
89
100
103
88
106
88
94
100
82
99
98
84
105
91
101
106
91
102
98
79
104
85
90
103
81
98
102
90
107
95
104
108
93
107
104
90
109
96
95
107
90
100
101
85
106
94
105
108
87
99
98
80
105
98
96
105
93
103
109
97
108
93
97
105
89
108
107
91
111
94
96
98
84
95
107
85
105
94
100
100
84
94
98
80
104
94
95
107
93
102
104
88
102
85
90
100
87
101
98
84
102
93
97
102
92
98
101
84
106
96
97
101
88
94
101
80
111
98
97
105
93
106
105
93
115
97
97
103
94
108
102
90
111
90
98
101
83
98
101
85
103
93
102
101
94
108
105
95
119
100
102
108
97
102
104
90
108
90
97
104
95
108
102
93
114
101
103
112
96
105
104
92
110
98
103
107
92
105
100
87
114
99
101
104
98
106
113
97
111
98
100
106
89
109
102
93
111
90
93
104
81
101
99
86
115
101
105
115
100
112
106
92
113
94
99
101
90
106
105
85
106
88
98
108
95
108
106
93
110
97
98
114
89
105
98
88
111
97
98
100
86
97
96
83
110
100
97
108
91
105
108
93
112
87
101
101
90
98
98
85
107
84
94
106
85
105
105
93
110
101
97
101
92
101
98
88
108
91
96
99
92
100
105
85
105
90
97
102
97
98
103
89
112
95
104
105
91
103
99
82
105
96
94
105
83
93
96
86
105
89
96
95
89
97
99
84
103
83
91
100
87
101
97
90
110
92
106
96
81
96
95
83
102
92
96
102
91
104
96
95
109
93
99
102
89
111
102
84
102
83
96
99
94
104
97
89
106
94
104
104
86
102
97
86
106
91
101
100
84
94
91
88
96
87
93
98
83
105
96
92
103
92
103
102
95
105
101
84
108
88
95
103
76
100
97
88
105
93
99
110
89
107
101
92
114
97
98
109
88
110
101
89
103
87
97
104
92
105
96
90
111
94
108
106
91
104
105
87
110
90
97
103
85
99
95
89
106
88
103
99
92
110
108
95
111
94
97
101
84
97
93
92
106
85
99
95
87
101
100
86
114
94
102
104
96
107
97
87
104
91
97
98
91
104
99
84
100
80
91
102
88
100
96
87
107
93
102
99
83
98
92
80
103
86
97
93
88
97
94
81
107
95
100
106
90
107
95
91
106
84
100
98
84
99
99
84
104
86
93
99
74
100
93
92
108
91
98
99
85
105
100
85
104
88
99
99
86
108
89
92
104
88
97
104
89
109
95
93
103
87
101
97
87
105
97
88
109
96
95
109
89
108
97
86
97
87
95
96
84
103
97
87
106
87
99
106
84
103
93
96
105
91
96
98
82
101
96
85
113
93
105
113
89
111
101
93
108
95
99
103
91
109
96
85
106
79
96
99
82
95
93
89
104
94
100
104
87
106
100
93
113
97
100
99
83
93
98
77
103
94
96
103
90
110
97
90
108
87
101
100
85
100
101
90
111
92
96
96
81
101
95
95
108
93
101
104
93
106
102
89
112
90
98
97
92
106
90
83
93
87
94
105
88
101
100
91
113
99
105
108
95
105
99
87
102
86
93
102
81
101
96
89
110
93
105
101
96
106
104
93
110
92
101
102
83
101
89
95
106
88
88
96
81
102
97
92
103
88
102
100
92
111
97
89
102
90
91
98
87
109
94
89
101
81
106
100
88
108
98
98
102
95
98
100
80
103
94
98
98
90
104
102
91
103
90
90
113
91
100
104
89
110
97
92
109
86
105
99
87
101
94
90
108
84
94
99
75
102
92
98
97
85
93
100
81
98
86
82
100
80
90
98
82
101
93
85
100
80
97
98
82
102
94
88
104
85
99
95
84
100
92
92
99
84
90
99
75
100
82
85
99
79
92
97
81
91
95
87
101
80
90
95
79
96
79
86
98
81
85
91
75
89
90
82
93
79
87
93
77
102
89
88
96
88
93
105
85
98
86
85
94
75
90
91
84
97
90
98
100
91
97
100
82
103
87
92
97
84
91
94
84
95
84
81
92
87
94
103
80
103
88
95
102
89
97
95
88
99
91
91
106
81
90
91
74
101
88
92
99
91
99
102
92
111
99
95
105
88
102
101
84
96
87
89
97
84
93
99
85
107
90
96
106
84
102
95
89
103
97
91
101
87
97
99
83
104
84
93
101
90
99
101
84
103
95
95
109
90
98
95
81
101
86
93
102
83
90
105
80
107
101
91
113
93
107
107
92
109
90
96
97
88
93
106
84
108
85
92
102
87
100
98
86
104
96
99
102
92
95
105
81
105
94
91
105
89
99
98
86
98
87
91
101
89
97
101
83
107
92
91
98
84
89
94
78
96
91
97
102
84
92
100
81
105
91
93
97
89
94
100
90
101
88
92
99
81
97
91
85
101
88
92
92
88
94
101
81
102
88
100
