96
73
85
88
73
84
71
67
80
70
81
83
68
81
78
72
88
76
78
81
69
85
76
79
89
74
76
79
66
78
77
73
89
72
80
85
75
85
82
77
85
72
78
85
67
80
79
65
76
64
67
77
69
81
74
81
90
80
83
94
76
90
82
73
81
68
75
81
73
81
77
67
83
67
79
85
69
88
82
78
88
81
77
85
72
84
79
78
90
76
79
82
66
84
79
76
85
78
81
90
74
90
86
76
84
73
84
81
68
83
78
72
81
71
74
87
74
91
85
91
93
79
86
89
74
88
79
79
85
74
79
89
73
83
74
72
81
74
87
88
74
89
84
82
92
75
84
84
73
85
79
86
88
77
80
80
69
88
79
81
90
76
83
87
73
89
78
74
83
70
81
83
75
90
82
80
93
76
80
88
71
83
72
73
84
68
79
85
69
88
74
73
79
67
75
83
68
83
74
72
85
70
85
86
68
85
78
79
96
71
80
84
69
84
77
81
90
76
80
83
69
84
80
78
84
76
80
87
70
87
80
76
89
78
85
90
77
94
88
81
92
70
76
85
71
91
85
80
95
80
87
91
76
92
82
82
89
76
84
94
72
88
77
73
86
79
88
90
78
91
86
86
98
77
87
91
78
92
88
81
90
75
80
79
66
79
74
73
82
69
79
87
76
89
83
81
91
84
85
85
72
86
76
71
82
68
73
82
73
85
81
77
89
73
83
86
74
85
77
76
83
67
81
84
72
81
70
69
81
74
82
82
73
83
78
86
89
76
84
85
73
84
81
75
85
68
76
81
71
79
77
81
90
76
89
92
77
93
79
75
85
73
79
78
69
85
76
77
81
64
70
80
68
89
78
77
86
71
85
85
76
86
74
77
86
69
86
89
68
85
73
71
84
76
88
89
75
94
85
86
89
74
81
84
68
85
80
77
86
75
84
83
74
90
81
80
90
76
85
85
70
86
74
76
87
75
83
82
71
85
77
76
79
64
74
80
71
90
78
77
86
71
84
87
71
86
76
73
79
69
84
80
68
83
74
67
84
73
79
80
70
85
73
78
79
69
75
78
67
87
79
77
89
76
85
86
74
83
73
72
80
66
84
81
74
90
82
78
88
72
82
81
73
89
81
78
84
69
78
83
73
92
77
78
86
75
88
87
76
89
76
76
80
68
85
82
69
83
68
67
78
63
74
75
67
90
76
78
89
72
83
82
74
95
76
81
87
69
79
77
62
77
72
76
84
70
88
82
75
90
76
76
87
67
82
78
65
88
74
75
76
62
73
78
70
86
70
73
81
69
82
86
72
89
75
75
83
70
85
81
67
84
68
64
85
65
82
80
73
93
83
86
90
74
86
86
70
88
72
71
84
68
82
80
62
80
74
75
86
72
85
86
75
93
78
79
87
68
82
80
73
93
86
78
83
67
76
79
71
89
79
80
87
75
90
90
73
85
73
70
81
69
78
79
71
84
70
69
88
71
88
86
76
97
83
78
87
69
81
78
75
88
75
79
86
70
84
83
69
85
77
79
89
79
90
83
76
90
76
79
85
70
80
79
72
84
79
74
77
63
74
77
76
87
76
75
81
68
81
82
68
83
72
79
81
73
87
79
72
84
74
79
87
70
87
77
69
86
75
82
87
71
85
80
76
85
74
77
84
69
88
76
64
81
74
78
83
75
85
82
73
91
75
79
85
67
84
77
71
91
76
77
81
65
77
75
75
85
69
74
79
66
87
82
72
89
78
83
93
78
96
85
73
88
70
76
81
68
86
83
73
94
78
83
91
72
86
85
78
89
76
80
90
72
87
78
68
86
77
81
89
74
90
83
76
92
82
81
87
71
84
84
74
89
70
71
74
61
71
75
73
82
75
81
88
81
96
86
80
95
78
83
87
68
82
76
65
81
67
70
81
67
82
77
74
92
73
77
85
72
85
81
69
85
71
74
82
68
81
74
67
84
69
74
85
71
85
81
74
88
75
75
84
66
82
71
67
85
70
72
79
66
79
82
77
87
76
83
87
74
96
76
72
86
74
78
89
71
96
77
72
83
70
74
83
67
91
76
76
93
79
81
83
63
79
77
73
77
69
79
84
70
83
72
68
78
75
78
90
69
95
80
81
87
74
75
81
64
80
77
74
94
75
80
94
66
90
88
84
94
78
78
84
73
89
79
71
89
74
81
90
67
87
82
73
82
71
69
86
68
90
73
76
94
77
86
94
72
91
87
75
85
73
89
86
74
75
68
86
-90
25
-133
-450
-258
-457
-456
-332
-460
-453
-457
-464
-455
-461
-463
-458
-465
-463
-462
-467
-462
-464
-465
-461
-467
-463
-463
-467
-462
-466
-466
-462
-467
-464
-463
-466
-462
-465
-466
-462
-467
-463
-465
-465
-463
-462
-431
-412
-356
-329
-285
-271
-234
-205
-179
-165
-139
-128
-99
-82
-79
-67
-56
-45
-28
-26
-13
-8
6
10
23
24
38
36
38
43
49
52
60
58
55
54
57
46
67
64
73
78
73
79
80
75
92
77
76
86
73
91
87
70
90
77
78
82
72
75
82
70
88
78
84
87
72
82
86
71
90
77
79
80
71
75
81
63
76
66
69
74
69
87
88
69
92
80
76
93
75
78
85
59
78
70
71
77
67
73
80
58
78
71
67
81
64
74
80
64
82
68
66
77
63
69
73
55
73
59
57
71
54
61
64
53
66
70
64
71
59
61
72
50
70
55
47
59
40
54
62
46
57
54
49
66
62
67
75
55
76
60
57
67
54
55
61
47
63
60
58
68
58
57
64
50
72
60
60
66
65
65
79
67
77
70
62
73
61
70
75
59
75
70
67
75
66
69
79
65
80
75
66
77
64
73
79
65
84
75
67
83
74
86
95
67
89
76
74
86
76
87
81
73
94
84
85
98
75
89
94
78
96
80
87
92
82
87
86
73
91
84
82
92
77
95
97
80
96
84
91
94
86
89
93
78
104
84
84
95
73
87
88
76
93
88
85
94
87
99
102
82
110
90
96
96
88
103
102
82
99
81
81
99
83
98
94
81
110
88
99
101
86
98
100
85
105
98
92
107
86
97
97
80
103
88
98
96
88
102
102
89
108
90
91
110
90
102
95
86
101
90
90
91
77
88
99
76
105
97
89
107
91
107
99
90
105
94
93
99
85
99
102
79
101
85
88
101
90
100
97
83
104
94
102
107
87
97
96
84
103
86
92
96
87
94
97
86
100
95
96
100
85
105
102
91
109
90
92
96
86
91
96
78
104
91
98
98
83
99
97
92
111
97
101
100
91
104
101
85
103
88
94
101
89
110
102
87
103
89
90
102
88
94
105
87
110
92
107
100
88
93
97
85
106
94
92
101
80
96
89
83
101
85
94
96
83
102
88
77
97
77
77
90
74
90
87
79
92
85
87
85
73
81
85
73
95
74
79
85
70
91
86
79
89
76
78
92
75
89
87
67
86
73
77
88
71
82
79
70
83
70
70
84
63
72
68
61
80
65
67
69
56
65
71
52
68
60
50
65
52
66
62
51
69
60
56
67
53
56
65
51
68
63
51
54
33
50
45
42
56
40
48
52
39
49
56
36
52
37
40
44
37
53
44
32
41
33
28
51
29
36
36
24
47
29
38
36
23
35
30
21
38
24
28
35
12
24
25
3
27
15
25
27
25
37
32
21
41
27
34
38
17
30
24
19
30
19
24
20
10
19
27
14
32
11
21
26
16
30
28
18
30
19
20
25
15
29
24
7
21
6
16
27
14
24
20
15
29
24
21
32
10
32
17
15
30
9
16
17
5
17
15
1
22
15
16
27
13
35
20
17
26
14
18
23
8
17
15
6
27
17
18
23
2
25
20
17
26
16
20
32
13
29
28
13
30
13
18
22
15
28
22
16
25
14
15
31
16
28
22
16
35
18
28
29
12
23
22
14
25
19
23
35
12
34
25
14
34
17
28
29
21
30
31
18
33
20
25
33
14
34
21
20
33
21
26
27
11
26
33
25
39
22
30
35
23
42
33
20
38
26
34
37
33
36
34
19
40
22
35
40
30
44
33
27
42
35
32
45
27
47
42
37
51
37
45
49
37
50
42
26
50
40
43
50
36
52
42
40
52
39
53
46
38
46
45
39
55
45
45
54
35
53
49
49
56
48
51
56
45
63
54
44
57
46
53
59
46
61
56
52
57
50
51
53
44
64
61
49
68
57
68
77
60
75
70
68
76
65
69
76
51
72
59
51
71
58
71
77
68
82
75
68
81
66
74
74
62
79
71
70
85
67
72
80
62
75
78
72
86
71
81
89
70
91
79
71
84
72
73
86
67
84
74
64
81
65
76
81
71
92
81
80
95
82
84
95
71
89
77
75
87
72
82
85
66
84
76
69
85
81
77
93
71
94
80
81
95
80
87
91
78
87
86
78
95
84
82
89
70
97
85
85
91
84
89
95
80
96
85
80
93
76
82
90
77
94
84
85
90
85
89
99
84
99
89
88
102
83
95
96
75
96
89
85
95
87
92
99
77
98
82
82
98
83
93
101
85
103
95
94
106
92
100
99
83
104
92
89
92
105
96
79
100
100
93
107
91
103
102
90
107
92
91
101
91
99
103
87
117
99
93
105
93
105
103
87
102
92
97
105
94
104
103
87
113
97
94
112
89
104
102
91
102
92
91
101
95
103
104
87
113
94
98
106
96
100
107
92
111
97
98
110
91
100
105
80
112
98
92
102
86
99
110
95
113
100
100
112
98
109
112
93
115
99
97
102
89
98
103
89
109
93
104
109
97
107
107
88
112
99
95
108
94
109
113
95
112
95
96
105
95
109
108
92
115
104
102
111
101
102
107
90
113
99
104
108
94
98
97
79
104
95
95
105
94
111
109
103
115
104
100
109
100
106
109
96
107
100
93
107
89
101
104
94
115
99
102
108
102
104
110
93
117
102
97
108
97
104
106
94
109
95
100
109
99
110
106
96
114
102
102
116
101
109
106
96
105
96
96
102
88
100
99
87
117
101
102
110
103
112
110
101
111
101
100
106
93
108
101
92
109
98
93
110
90
100
101
90
112
94
98
103
89
106
102
87
112
92
94
101
88
101
103
86
105
85
88
98
85
98
98
87
106
94
100
106
80
95
97
75
99
88
96
102
87
98
100
83
110
92
100
100
86
103
102
84
102
90
92
99
86
96
94
87
103
85
89
99
75
92
98
81
100
90
93
97
82
97
92
83
101
85
88
97
81
92
102
77
92
83
84
94
86
91
93
78
89
81
83
94
48
74
86
79
94
89
90
97
75
89
88
73
93
81
84
90
82
94
96
80
99
85
87
93
82
88
87
78
91
81
84
87
71
84
85
77
91
85
83
91
81
93
89
81
91
79
78
85
74
85
88
69
81
71
68
77
72
76
75
69
87
79
81
90
73
86
81
71
84
76
75
82
66
74
70
62
76
68
75
79
67
85
82
72
85
70
76
77
72
76
73
66
78
65
70
73
54
70
74
66
79
69
71
76
60
71
73
60
73
65
65
67
56
68
66
51
62
50
56
71
60
68
72
60
74
67
74
75
58
65
65
52
69
61
60
68
51
60
60
47
69
62
63
67
57
71
71
59
74
64
61
68
58
65
65
56
69
62
63
63
45
65
72
58
75
65
67
73
60
67
68
59
65
54
49
58
50
63
62
52
70
59
56
69
59
65
65
56
67
61
65
71
51
62
59
52
69
62
62
69
55
61
62
51
68
62
61
69
59
75
71
64
77
61
59
67
58
64
66
57
71
62
60
63
42
62
64
59
75
64
65
69
55
65
67
52
66
62
64
74
60
75
74
64
74
55
61
70
56
65
66
56
69
65
71
73
59
72
68
60
75
63
66
73
59
66
70
56
74
65
69
75
59
74
72
60
74
66
70
79
62
71
71
64
78
67
68
72
54
68
65
56
72
58
61
71
62
77
79
64
81
67
73
77
62
76
69
55
67
53
61
74
60
72
72
66
81
74
75
81
63
75
70
64
80
69
75
80
59
71
76
57
74
69
67
77
63
75
72
66
81
64
70
78
58
69
71
63
71
64
60
63
43
66
69
64
80
67
77
83
68
84
84
66
83
68
70
74
66
78
72
63
72
63
65
80
64
77
77
68
79
75
73
80
63
75
75
70
79
66
73
79
60
68
72
62
76
67
73
80
69
78
76
70
84
70
76
77
62
70
68
63
73
68
70
77
61
80
83
82
90
76
83
88
71
88
82
74
84
72
76
82
69
81
78
70
80
63
75
83
69
81
75
71
87
78
84
88
69
87
82
78
84
69
79
84
68
85
74
67
84
73
78
86
74
89
80
77
85
70
82
80
67
86
82
77
95
81
85
88
66
91
82
83
90
77
89
90
74
92
85
76
90
76
80
88
72
88
80
73
87
70
84
90
73
90
84
79
96
75
85
92
73
94
89
83
90
79
85
92
72
91
79
75
89
74
82
90
72
84
81
75
94
79
88
93
75
95
88
86
99
70
82
87
69
87
88
83
94
78
87
94
79
103
83
79
91
78
83
94
72
90
85
76
88
74
86
91
84
91
85
84
99
82
90
97
73
92
87
80
95
82
90
91
76
96
77
69
90
82
86
97
78
100
90
94
106
86
102
99
84
104
86
88
103
80
94
92
73
100
89
95
103
87
107
99
86
109
88
88
96
85
95
105
82
102
85
89
92
81
91
99
82
107
90
95
108
88
99
102
82
96
92
93
96
83
87
98
72
99
79
87
105
87
100
108
89
110
94
97
98
93
99
100
79
107
90
99
104
85
91
102
75
103
95
93
104
85
99
101
86
114
93
98
100
87
97
114
84
105
91
92
102
85
100
104
85
107
92
102
105
89
102
106
82
104
81
91
100
78
100
101
86
107
89
97
104
93
99
104
84
106
91
96
101
93
100
98
85
100
95
101
106
96
92
102
78
109
96
93
107
92
103
108
94
109
94
96
101
86
100
102
84
108
89
89
100
85
96
101
84
103
90
100
100
84
98
98
83
106
95
100
103
93
106
108
91
105
84
88
102
85
100
97
86
104
94
95
102
89
98
96
83
106
84
102
101
84
97
95
86
107
94
98
100
88
108
105
93
111
88
102
104
93
108
105
88
107
92
93
103
81
99
102
84
100
86
105
101
93
106
110
91
118
97
97
108
87
104
102
84
99
84
93
106
91
106
104
87
114
98
100
118
90
105
102
88
105
93
102
104
89
99
97
78
114
90
97
101
90
103
112
95
114
91
98
105
88
106
100
82
108
84
89
96
79
95
103
85
109
98
103
108
92
111
107
88
111
87
97
100
88
100
107
87
110
85
96
105
93
107
104
92
109
101
99
111
90
103
105
87
111
94
98
101
89
94
99
84
106
96
94
108
90
102
106
83
111
88
99
95
91
99
98
78
105
87
99
107
84
109
108
96
112
100
109
103
99
105
107
86
110
91
100
103
87
104
104
89
103
86
95
102
94
104
100
85
111
93
102
108
89
98
99
89
104
99
97
103
86
104
93
82
108
89
99
100
88
106
100
85
103
87
93
100
84
105
98
89
112
91
101
103
87
101
96
87
108
98
101
106
91
113
102
93
109
93
99
106
88
105
103
84
108
84
100
109
94
105
100
92
107
95
100
104
85
103
99
84
113
100
98
102
86
97
94
87
102
88
89
101
78
99
101
83
109
90
100
102
95
109
105
92
109
91
93
100
75
100
94
87
102
87
98
97
88
102
99
87
106
83
94
101
83
102
96
84
100
87
96
101
97
98
105
88
109
93
105
103
83
101
93
87
102
93
94
104
82
93
92
84
101
85
92
99
90
107
101
95
111
95
98
105
87
98
93
98
98
85
98
90
84
98
97
88
106
93
96
104
91
109
95
99
101
93
91
98
87
107
96
79
100
82
96
101
88
106
95
99
103
94
104
100
82
104
94
87
105
82
95
95
83
95
88
90
102
93
97
100
89
107
97
89
103
83
96
94
89
97
93
87
108
86
94
97
78
103
95
92
110
88
100
100
91
107
100
91
109
90
93
96
80
106
91
88
100
84
93
107
87
104
97
87
110
92
105
102
80
97
90
85
99
83
92
103
83
99
97
82
107
90
101
95
93
104
96
90
107
88
93
110
86
101
94
91
105
88
99
92
83
100
100
86
111
97
93
106
88
103
96
88
100
86
95
101
85
99
92
82
97
76
90
103
79
98
92
88
97
88
94
101
72
100
95
95
113
94
105
101
89
103
95
94
103
92
94
104
85
101
95
93
105
91
100
101
86
100
95
91
104
90
91
100
77
101
93
95
102
87
98
95
90
102
101
87
105
91
105
99
91
107
93
95
101
87
100
99
83
99
94
92
104
93
103
100
85
100
93
98
100
89
94
100
79
95
91
85
101
83
99
94
95
104
95
93
109
88
95
102
81
100
89
91
108
84
91
91
76
93
94
85
99
85
94
100
84
108
89
88
96
81
88
94
86
94
87
73
89
73
90
93
78
100
94
100
100
93
100
99
82
97
91
89
102
81
95
95
80
94
82
83
97
85
92
104
86
103
93
92
104
83
101
98
84
99
96
89
103
87
85
95
76
100
86
95
102
89
95
101
84
106
98
85
102
87
89
95
80
102
85
86
92
86
100
102
81
104
98
96
104
89
100
97
84
100
92
97
94
93
90
98
77
100
81
86
99
84
94
96
85
102
94
95
98
84
95
100
75
100
86
91
102
85
89
96
79
96
92
94
99
88
97
99
81
105
82
90
94
89
93
99
87
107
95
93
101
83
101
90
85
100
84
94
100
86
93
99
80
92
96
88
99
83
99
95
87
104
82
92
105
92
97
101
86
107
93
92
104
81
98
94
87
97
87
89
106
78
88
93
73
99
89
90
95
78
91
96
80
100
87
92
106
88
97
99
87
108
85
91
94
82
91
98
81
100
92
90
107
88
101
95
83
104
89
96
94
90
92
102
78
101
84
89
105
83
100
103
85
106
93
99
103
89
97
98
83
99
83
91
101
85
84
84
74
92
92
86
97
87
95
105
90
108
89
93
96
85
90
99
79
96
85
85
96
79
93
99
77
103
90
97
101
91
100
100
84
99
96
90
101
83
98
93
83
95
83
92
94
88
92
104
82
