89
80
77
82
78
89
95
75
96
79
86
92
82
86
91
73
86
79
73
87
73
82
92
71
93
89
82
90
83
85
102
75
95
87
76
89
77
89
94
66
84
72
68
82
81
79
89
73
92
86
86
99
79
91
93
74
87
84
75
86
73
77
87
70
92
82
78
90
84
97
92
81
96
87
83
91
88
84
89
75
94
81
83
85
74
80
87
74
86
89
79
90
81
85
90
74
88
78
76
86
78
83
90
65
80
75
74
86
80
86
91
81
98
86
92
90
76
78
85
70
83
78
80
90
73
78
78
70
84
83
81
86
76
88
91
72
86
75
79
83
78
80
85
74
84
79
79
78
71
85
84
71
92
77
81
84
78
84
88
71
80
76
75
81
68
89
89
70
88
77
79
89
82
86
89
73
89
79
83
87
72
85
85
72
90
79
77
93
79
80
87
69
92
79
82
96
72
92
89
79
94
84
74
87
74
79
81
69
92
80
81
83
73
74
86
76
91
80
75
84
72
82
87
68
86
81
78
88
84
94
96
74
93
84
71
91
73
81
87
72
92
77
85
89
76
76
86
71
94
77
76
86
76
76
84
68
80
81
79
89
78
85
88
72
88
80
78
90
77
80
86
72
85
84
77
82
69
71
78
67
86
74
73
82
78
83
95
71
92
85
82
92
75
83
82
66
79
70
68
83
73
76
83
71
89
79
84
86
75
81
84
75
89
76
74
82
78
83
87
67
86
77
79
85
79
82
86
79
93
87
81
89
77
86
79
68
82
77
66
69
61
68
73
67
81
74
78
90
80
92
95
77
91
76
74
81
77
82
82
70
86
75
72
88
70
85
81
76
92
83
81
89
74
82
84
74
89
78
80
87
69
80
80
64
80
76
80
88
79
84
84
72
88
78
78
86
70
81
80
69
84
80
73
80
69
81
86
81
94
85
84
88
72
82
87
70
85
76
77
85
77
81
84
68
83
72
75
86
71
83
86
74
89
82
83
89
75
82
85
80
84
76
78
85
75
80
83
70
85
75
77
83
75
79
83
71
85
79
79
82
68
78
80
71
92
91
83
89
79
82
89
84
87
75
78
85
74
88
88
73
85
82
79
84
76
85
84
72
82
75
77
82
71
83
81
73
88
78
78
84
71
77
76
74
81
74
73
82
73
82
73
65
73
72
72
78
67
72
69
64
80
73
75
82
71
83
81
75
90
79
73
78
63
67
76
71
84
73
77
88
74
89
84
78
88
76
80
88
71
82
82
72
83
75
77
85
72
86
84
76
95
78
85
93
77
89
88
76
84
77
80
86
74
84
74
64
77
71
73
84
69
77
82
74
89
84
82
92
76
86
83
72
93
76
76
80
68
76
84
74
84
76
78
92
75
92
90
79
86
79
81
90
74
86
87
74
85
74
71
81
69
85
81
72
90
78
79
84
70
78
83
69
82
75
75
84
76
78
74
65
75
75
77
92
76
87
90
82
96
86
82
89
74
80
78
71
83
75
74
80
63
72
84
72
85
77
76
86
76
84
83
74
83
77
79
89
69
82
80
73
81
76
73
79
71
84
77
72
86
75
79
87
73
82
83
69
79
70
72
80
70
84
77
71
82
76
84
93
75
88
84
79
88
82
79
86
71
86
80
74
88
75
80
83
66
77
82
73
88
75
81
90
79
90
84
76
82
76
82
86
72
87
84
78
89
80
79
83
72
90
85
83
91
78
83
87
74
83
82
69
88
76
78
92
80
85
80
72
83
75
84
89
70
85
81
73
87
80
75
85
69
81
82
78
87
76
79
86
65
82
81
74
87
75
77
88
76
85
82
79
83
77
83
87
69
84
80
75
83
74
76
85
72
85
83
80
84
73
75
84
71
85
82
76
79
77
80
91
76
85
82
75
83
75
83
81
68
81
85
82
91
85
83
92
72
85
80
80
83
75
80
83
69
84
81
76
89
78
80
91
78
90
85
83
85
79
88
84
73
87
85
83
91
76
76
79
67
85
82
80
87
80
87
95
78
98
87
86
96
80
91
96
76
85
77
74
77
73
85
87
71
89
86
81
93
81
86
86
71
89
84
80
87
75
80
87
65
87
78
82
89
79
87
92
76
89
83
81
87
77
83
88
68
87
79
75
81
67
66
74
61
77
81
75
86
79
84
94
78
93
86
81
86
73
79
89
68
88
77
72
81
76
82
89
71
88
85
82
94
81
79
89
71
89
82
77
88
77
82
87
66
82
74
77
88
76
83
99
70
90
87
82
87
80
82
84
69
84
81
78
81
69
77
79
69
69
79
79
82
86
-69
46
-115
-424
-238
-442
-439
-305
-455
-436
-449
-461
-424
-456
-462
-457
-463
-461
-460
-464
-460
-462
-463
-459
-465
-463
-461
-465
-460
-463
-464
-460
-466
-463
-462
-466
-461
-464
-465
-460
-466
-462
-462
-463
-461
-450
-397
-388
-326
-308
-261
-247
-212
-191
-152
-152
-124
-102
-87
-72
-57
-38
-32
-33
-14
-16
1
13
15
17
29
25
36
37
44
44
55
47
52
49
60
67
71
67
70
69
82
78
76
81
81
72
85
75
78
81
75
85
87
77
85
72
78
77
68
80
83
69
87
78
77
75
73
78
85
73
89
87
87
91
78
81
83
66
86
78
77
82
78
82
96
73
84
75
69
82
69
82
84
64
79
69
67
71
63
65
77
62
74
65
75
79
66
75
73
64
81
80
70
74
63
64
75
56
64
59
52
57
45
60
60
52
64
66
64
71
64
64
72
53
65
60
61
57
41
53
54
46
65
60
53
61
55
57
67
64
70
56
52
55
50
57
58
49
57
47
45
53
42
53
57
43
60
48
56
57
54
60
62
48
68
59
48
59
56
60
62
49
58
52
47
69
64
74
80
67
86
76
81
86
73
83
77
65
79
75
75
78
66
70
70
66
87
71
80
83
79
82
88
74
88
76
75
88
71
89
86
75
86
71
77
83
74
87
91
77
103
82
88
93
81
95
91
80
98
76
84
84
82
89
92
75
93
86
96
103
91
107
96
88
104
91
92
103
85
100
99
82
105
92
99
97
81
96
96
85
107
93
94
106
88
101
114
89
107
92
101
98
89
100
97
86
108
89
90
102
82
104
98
84
104
96
97
95
86
94
97
81
100
85
93
97
85
106
103
86
101
90
95
102
89
91
100
85
106
91
101
98
81
98
96
85
103
99
94
106
87
97
95
95
109
90
99
97
91
103
104
90
107
94
97
102
92
103
99
100
107
93
96
92
89
96
99
86
100
91
91
98
80
101
94
102
105
94
96
102
92
103
99
83
99
81
95
99
89
98
93
96
102
96
98
102
85
103
98
82
101
88
97
93
83
97
84
92
100
89
90
96
78
96
92
86
96
81
92
94
86
89
91
81
99
78
84
86
64
89
78
74
89
76
78
85
81
90
88
82
93
80
80
90
72
92
78
66
77
65
69
74
66
73
75
68
84
68
77
75
56
64
68
55
70
63
55
66
50
57
58
48
65
52
57
60
49
64
65
53
63
47
45
59
44
52
50
42
53
34
38
39
26
45
51
39
62
41
47
55
40
55
44
37
44
37
37
41
32
45
42
28
45
28
40
46
28
45
38
34
42
37
38
46
21
38
37
26
47
26
33
32
20
35
27
25
36
30
33
37
21
42
32
30
42
22
31
36
14
25
24
17
27
19
24
32
10
35
24
28
41
24
22
33
18
30
32
16
28
17
29
26
14
36
20
19
24
14
22
30
14
24
22
16
30
20
29
26
12
16
15
10
27
15
16
21
3
20
14
2
20
7
18
20
13
23
13
10
21
5
7
17
2
23
17
15
34
13
21
20
10
24
23
12
26
13
20
24
7
30
21
16
24
16
16
23
11
25
19
9
22
5
19
31
10
26
22
17
25
24
21
28
11
29
20
14
33
10
25
27
11
21
23
16
28
18
16
28
12
27
24
20
35
22
31
36
22
34
33
29
41
36
23
35
10
34
24
27
36
23
33
38
24
38
38
24
42
27
31
40
25
43
32
29
36
28
36
40
28
41
37
34
46
38
42
46
32
41
40
44
42
40
39
50
33
42
35
28
49
32
38
45
45
47
50
42
57
48
56
61
45
59
50
49
57
46
45
45
33
49
53
49
55
48
57
59
43
65
59
52
60
53
58
66
58
63
59
55
59
44
67
70
56
66
61
60
67
66
62
69
57
76
64
64
71
54
63
68
55
68
60
54
67
64
68
79
63
79
74
76
81
71
83
79
68
76
71
70
82
69
70
77
58
80
78
78
80
73
79
88
72
91
81
73
88
72
77
87
66
87
78
73
80
70
82
86
69
86
75
76
97
76
88
90
70
81
79
75
77
75
77
90
68
93
80
76
89
83
89
99
82
94
91
84
93
83
86
94
75
95
86
86
98
76
85
91
72
88
93
88
97
82
92
99
81
104
83
84
91
87
86
100
84
94
89
85
96
76
90
96
83
99
87
88
99
86
90
101
74
95
91
86
94
86
94
101
84
102
93
86
97
91
98
106
81
102
90
96
105
93
102
97
90
101
93
94
105
87
97
95
78
100
90
95
97
87
94
102
87
104
92
93
101
84
96
102
82
100
89
95
95
90
91
98
77
103
86
87
100
82
98
99
87
105
95
98
97
93
103
107
84
107
89
91
98
84
97
103
88
108
96
99
102
101
98
105
86
113
98
101
110
93
100
104
83
106
97
92
108
90
104
110
90
111
96
97
100
94
103
111
92
112
98
88
105
89
92
104
82
104
94
102
101
93
101
109
89
111
98
96
104
92
103
100
88
99
90
93
101
93
98
105
86
109
94
98
104
94
99
97
88
102
94
99
101
87
97
99
80
104
96
92
103
92
100
102
93
105
98
92
106
87
100
100
85
100
89
90
92
87
89
105
89
101
92
102
103
91
103
104
89
101
89
92
91
90
93
105
85
98
85
86
95
89
95
98
85
104
94
100
100
91
98
97
81
102
85
99
93
90
95
94
83
100
88
90
98
83
94
97
86
98
82
84
85
81
88
86
75
96
83
85
91
80
87
96
83
101
85
91
89
81
86
89
73
93
80
81
92
79
85
90
74
84
75
74
78
77
90
87
69
92
79
81
84
75
82
86
73
82
76
77
85
70
77
85
63
82
76
77
82
69
74
80
70
80
72
67
77
69
80
79
69
87
77
75
82
68
72
81
64
80
68
69
81
70
81
84
65
84
77
69
77
66
73
84
63
75
72
65
78
66
78
75
67
80
74
74
88
64
72
76
62
72
70
71
77
65
69
71
57
65
62
60
65
57
60
68
61
67
63
59
66
68
70
75
69
79
71
62
66
54
56
64
59
69
67
67
73
63
65
75
60
71
63
64
69
61
65
74
58
62
52
54
65
62
66
71
56
68
61
63
71
63
65
68
60
67
65
61
64
57
56
57
46
59
50
56
57
50
64
72
61
76
70
67
76
62
67
67
54
65
59
56
62
49
56
62
50
67
66
62
71
57
65
68
58
66
56
54
56
45
60
64
49
60
52
48
55
51
62
58
54
66
59
59
68
54
58
59
46
61
51
48
54
40
49
47
43
54
47
51
65
53
63
66
58
67
60
53
60
49
55
56
48
61
54
54
59
42
52
60
48
64
61
55
66
52
61
66
60
65
60
56
62
48
61
60
46
57
46
45
56
48
55
56
47
60
55
58
59
48
56
53
41
54
48
47
57
47
53
59
52
60
58
60
64
54
64
63
46
64
59
53
63
50
56
56
46
60
53
56
57
47
55
60
48
64
58
56
65
54
62
61
57
59
51
52
55
46
63
57
47
58
52
53
58
49
58
55
49
61
50
57
58
46
51
54
49
66
58
60
69
61
63
60
51
57
49
49
59
49
66
62
53
64
57
54
64
51
58
57
49
62
56
58
56
43
53
55
51
67
54
56
66
51
61
61
50
59
51
56
62
47
64
63
50
61
50
51
61
47
58
54
44
58
52
58
62
55
65
69
61
78
65
61
67
56
57
57
46
57
51
55
63
50
67
67
56
68
61
55
69
54
60
56
50
61
53
57
61
45
54
58
53
67
57
58
67
56
66
74
63
67
66
67
75
61
69
70
61
65
59
56
64
55
68
71
64
81
78
75
82
72
77
74
67
77
62
63
71
60
67
72
58
65
63
62
71
65
75
73
67
79
68
69
79
61
69
70
64
75
70
67
71
58
62
63
63
75
65
69
77
64
77
79
68
73
64
66
72
59
68
64
64
69
60
65
76
66
83
79
76
84
78
79
81
67
78
75
72
80
69
73
79
66
78
76
65
75
66
77
81
72
81
81
72
84
73
78
81
65
80
74
71
82
71
77
77
64
76
74
76
85
71
77
82
69
85
77
71
80
64
68
75
66
76
79
71
84
70
82
83
70
88
81
73
88
79
78
88
74
84
83
76
86
71
80
87
74
87
84
72
83
78
82
89
77
90
88
82
94
81
86
88
68
83
81
75
88
81
83
88
70
84
78
81
86
75
77
85
68
85
84
76
85
79
85
89
81
92
90
85
90
80
83
83
73
89
84
81
95
81
84
93
81
93
90
89
92
82
85
91
78
93
84
81
86
80
88
95
82
95
93
90
97
84
96
91
82
96
84
88
97
78
88
87
71
82
79
81
86
78
83
87
78
100
90
93
97
84
91
99
77
93
89
86
91
81
89
89
81
96
83
88
104
88
97
98
86
100
95
97
100
84
100
100
88
106
91
91
96
83
97
102
85
104
94
95
107
87
101
96
82
100
89
88
105
84
93
88
73
90
88
93
103
85
100
103
89
111
99
96
99
90
99
101
84
102
93
99
95
90
93
102
86
104
93
93
105
94
102
104
86
105
97
93
107
88
99
101
88
104
93
94
100
86
101
107
86
104
94
95
107
93
99
98
83
100
87
87
98
84
95
95
80
95
98
90
107
92
98
101
88
103
93
92
97
85
93
102
82
101
95
95
105
90
97
88
81
100
93
97
99
94
104
107
89
103
95
95
100
82
95
98
83
98
85
91
89
82
91
100
80
100
88
93
99
91
90
90
81
93
94
93
99
87
101
96
84
100
91
99
101
88
91
102
92
101
93
96
97
87
103
100
87
107
92
95
100
87
92
93
87
96
94
98
99
88
104
100
88
105
95
98
101
87
97
98
90
101
88
91
98
81
100
96
82
98
85
91
110
92
102
98
88
109
99
104
106
95
109
102
88
105
88
93
105
85
100
96
92
112
94
103
104
93
108
96
87
105
94
97
105
86
99
96
82
104
93
101
102
94
102
105
93
115
101
92
106
87
103
99
88
105
90
89
94
82
93
98
79
99
92
95
106
94
111
101
90
105
96
95
100
78
99
94
82
102
84
91
103
88
102
98
92
102
95
98
101
86
105
100
82
108
93
97
99
86
93
92
84
99
92
97
97
83
98
94
90
109
88
99
94
86
94
98
80
93
80
84
87
76
95
94
87
101
93
101
98
88
101
94
84
95
86
92
92
85
89
91
84
98
80
87
98
81
95
96
82
102
85
95
98
86
103
93
86
98
87
91
103
80
97
87
84
100
86
92
99
86
96
95
88
106
81
87
96
72
96
95
89
103
90
90
101
85
104
97
87
108
92
98
101
82
101
91
90
99
96
87
102
87
106
96
81
103
83
95
101
85
102
96
91
102
93
97
102
82
98
86
84
101
85
93
100
80
92
90
86
100
97
86
98
76
94
90
81
93
83
83
93
87
96
98
88
110
95
89
99
88
105
93
85
94
93
92
101
80
102
97
85
102
91
94
103
91
100
92
94
97
86
91
101
81
97
96
87
104
89
95
102
88
98
95
88
98
87
95
104
76
94
87
81
94
85
80
86
81
94
95
90
102
83
96
100
81
100
96
91
102
84
88
89
81
91
92
81
100
86
97
100
86
101
88
94
102
91
91
100
82
98
93
88
97
79
93
99
86
104
95
94
104
91
96
100
81
103
92
88
106
86
100
94
81
91
83
79
95
87
88
96
75
102
94
100
101
90
98
102
84
105
92
81
99
80
87
92
76
101
92
89
95
91
99
100
81
104
96
84
108
87
92
97
80
99
85
90
94
85
88
100
78
103
84
84
103
86
96
96
80
96
87
82
92
85
89
97
74
89
82
81
102
86
94
100
87
103
100
90
107
78
90
98
78
102
88
89
97
86
89
99
75
96
94
87
105
92
102
100
90
101
89
87
96
83
86
96
79
94
93
79
92
73
82
91
81
95
91
82
97
85
93
105
73
93
82
83
90
81
90
91
83
88
88
86
105
88
93
99
75
94
89
88
94
87
95
96
80
99
88
85
97
79
85
95
74
94
87
90
96
87
97
93
81
101
88
84
96
78
91
94
80
98
87
87
88
79
82
95
79
95
85
80
89
79
88
95
75
89
87
80
93
89
93
100
77
97
82
83
94
79
87
90
78
94
94
85
99
81
90
100
76
95
89
89
95
82
86
90
74
91
88
79
98
85
94
96
78
99
89
90
98
82
90
101
79
101
95
86
95
75
89
91
86
87
89
82
94
83
88
105
76
99
89
89
102
93
100
97
80
91
88
82
97
75
88
99
79
98
88
90
96
83
90
97
85
92
88
84
95
80
85
93
72
91
86
83
90
88
89
99
72
96
89
92
99
82
87
96
79
100
87
85
86
80
81
94
80
93
89
95
98
88
104
101
87
103
93
94
94
89
90
100
74
92
84
89
91
86
84
90
83
100
92
88
101
84
96
94
87
98
84
92
98
88
96
89
73
97
89
88
100
83
101
97
81
99
90
97
95
91
96
96
77
101
88
86
92
77
87
96
88
102
90
97
104
94
103
100
77
100
87
89
103
87
96
95
83
96
87
86
98
85
96
100
82
113
92
98
100
85
94
100
86
102
90
87
104
84
99
88
77
99
91
95
103
85
95
109
85
104
98
86
100
77
90
92
78
100
81
84
94
85
88
109
86
103
89
91
101
87
99
99
78
99
91
90
104
80
92
103
75
96
81
89
93
93
89
97
82
106
92
91
102
89
92
101
76
96
81
92
93
92
91
97
66
93
90
87
101
83
94
94
83
98
85
86
86
85
89
98
82
106
93
98
94
84
90
98
82
93
87
