99
78
81
88
84
80
86
76
85
84
82
91
80
83
82
65
92
87
81
89
84
82
91
83
91
86
79
89
74
85
84
74
88
80
79
81
75
73
84
70
82
72
88
85
71
79
81
73
86
81
79
81
77
82
93
80
93
76
76
85
76
85
83
76
93
86
86
95
83
87
90
79
94
82
93
92
84
83
85
73
93
86
83
89
77
87
88
78
98
77
82
87
80
86
86
76
94
83
81
90
74
82
83
76
86
74
77
82
80
85
92
81
106
83
88
91
85
92
96
76
87
82
77
91
80
92
94
76
96
81
86
97
78
86
85
76
87
80
80
90
75
83
83
71
91
79
82
85
78
81
93
81
94
85
77
90
74
88
81
73
88
86
72
82
68
69
80
69
86
79
80
89
78
89
90
77
88
79
76
79
71
74
86
71
84
74
72
83
74
82
85
74
83
80
81
93
76
77
85
74
90
79
76
81
76
76
78
74
82
79
81
87
76
84
89
74
89
80
74
78
77
79
79
67
81
75
71
83
66
75
86
77
90
84
75
87
74
82
84
71
83
73
79
84
74
84
86
75
83
73
71
80
76
81
85
74
86
75
78
86
77
81
81
74
85
79
76
84
68
81
77
70
77
74
81
81
72
81
81
71
92
76
73
84
71
83
85
77
90
80
83
87
74
79
86
74
91
82
79
91
77
88
87
83
89
79
78
85
71
84
83
67
83
71
73
79
77
83
89
75
89
80
87
94
78
85
91
76
91
82
84
91
79
82
81
75
82
71
73
84
68
78
82
71
86
80
82
86
82
85
91
80
96
76
82
83
69
69
81
70
84
79
78
85
78
79
85
77
83
70
71
80
66
82
81
72
82
73
71
81
76
82
83
72
86
78
83
85
77
82
85
70
88
78
76
84
71
73
74
70
76
73
77
81
74
88
92
81
93
84
80
86
74
80
77
68
79
73
76
78
66
71
78
69
84
72
74
79
71
81
80
77
82
73
78
82
69
85
80
73
83
70
72
78
71
83
78
73
84
77
83
88
77
83
79
72
83
70
74
77
71
76
71
64
77
73
74
87
75
90
86
75
87
75
76
82
70
83
81
69
86
78
80
84
68
74
77
71
88
71
75
83
72
83
88
76
85
76
75
83
75
88
83
76
87
74
77
87
75
85
84
74
89
81
81
84
76
81
80
68
89
74
77
87
78
83
87
71
80
77
81
82
72
81
83
69
84
76
79
88
72
83
81
69
84
75
77
79
67
76
80
72
86
76
79
82
75
85
88
76
83
75
76
81
74
81
83
72
81
71
71
76
69
79
76
66
78
74
74
81
73
82
82
75
86
79
85
90
76
86
85
67
73
70
74
80
73
85
84
79
88
80
82
85
71
85
80
73
85
79
79
78
67
76
72
75
84
75
79
80
72
83
83
76
82
76
81
83
77
85
81
78
81
69
69
74
67
81
78
75
84
81
84
88
78
89
82
79
87
72
74
79
66
78
74
65
75
69
77
83
72
82
81
73
85
73
83
82
69
84
78
72
85
76
81
81
63
75
75
78
86
73
80
83
72
88
84
76
85
76
74
78
67
75
74
67
77
66
75
75
67
82
79
74
89
83
81
84
69
79
75
72
79
67
75
80
71
85
79
68
75
70
75
82
73
86
81
76
86
73
83
79
65
80
78
69
84
76
77
78
63
71
69
71
78
71
77
81
70
86
77
71
78
70
72
80
69
82
78
75
82
74
80
80
74
88
82
74
87
79
80
85
75
90
79
76
85
77
78
83
71
89
75
73
79
75
82
87
74
87
81
79
86
79
85
84
73
88
77
76
88
76
79
81
68
82
78
77
84
68
75
77
65
87
77
77
85
78
82
89
75
88
82
82
85
73
79
76
67
83
76
75
88
81
86
90
79
94
80
77
87
73
82
85
72
90
73
70
79
69
79
90
69
88
79
79
91
78
86
86
72
87
80
76
92
77
82
86
67
81
72
71
84
74
78
90
77
97
82
87
95
81
90
99
71
89
82
76
83
73
78
79
72
92
80
81
93
78
86
88
75
91
85
81
90
79
82
90
74
90
74
71
79
69
78
88
73
87
79
78
89
83
83
87
74
90
78
72
82
74
76
78
64
81
78
77
87
79
85
90
80
95
89
86
89
79
81
86
69
83
76
78
84
78
80
80
70
90
79
79
84
76
83
89
75
91
80
77
83
73
78
84
77
87
78
73
78
69
80
84
72
89
79
80
88
82
86
79
68
82
72
74
84
74
83
81
74
78
83
89
-67
58
-112
-386
-215
-438
-422
-303
-456
-414
-455
-462
-410
-461
-462
-458
-464
-461
-461
-465
-460
-463
-464
-460
-466
-463
-462
-466
-461
-464
-465
-460
-466
-463
-462
-466
-461
-465
-465
-460
-466
-462
-463
-464
-462
-459
-414
-393
-342
-310
-272
-254
-216
-199
-164
-150
-128
-108
-89
-85
-69
-63
-41
-35
-25
-20
-10
5
11
20
25
27
35
37
38
36
44
44
50
55
51
54
53
54
66
63
70
74
68
78
80
75
93
76
78
85
76
81
85
78
87
76
75
84
72
85
83
68
85
76
79
89
86
89
89
77
94
81
88
89
77
82
82
66
85
67
74
81
74
81
88
72
91
82
78
86
71
85
82
75
86
77
81
84
70
70
72
58
74
70
68
79
66
76
76
68
88
66
79
74
63
66
74
56
65
50
46
50
38
57
55
53
67
59
63
73
60
74
66
58
64
61
58
58
48
57
53
46
61
47
52
61
47
60
62
53
66
59
60
63
51
62
59
48
55
52
53
70
52
58
57
50
65
61
57
64
55
64
69
57
76
56
57
59
45
57
61
56
69
59
59
75
58
72
78
65
83
69
82
87
69
79
73
65
81
76
72
82
69
83
69
68
83
64
73
81
70
84
90
73
89
77
76
85
74
82
82
73
88
78
86
91
77
83
88
71
97
92
88
97
79
92
87
83
95
76
85
91
75
89
98
79
103
82
87
93
81
94
94
81
96
84
92
99
70
94
96
79
101
89
94
94
86
95
94
92
96
81
87
97
80
97
91
76
100
87
97
98
89
99
96
83
102
90
101
101
84
99
89
84
101
88
84
90
81
95
98
88
103
86
104
96
84
102
95
95
103
85
91
95
81
90
95
84
100
88
108
101
86
97
97
87
104
90
95
104
86
102
98
89
103
81
93
99
83
102
94
88
108
92
94
103
85
101
89
88
108
80
95
99
75
87
83
71
94
88
92
98
84
106
96
96
108
90
96
97
82
99
88
79
102
78
89
93
76
96
88
87
96
84
94
99
81
99
98
79
104
86
96
94
83
97
85
84
100
82
87
102
83
105
91
85
100
88
95
100
80
91
91
76
90
84
86
92
76
92
85
76
103
95
92
97
79
94
99
83
100
81
87
93
77
98
86
81
94
85
84
97
69
88
92
80
95
84
94
92
84
95
93
81
98
83
84
93
80
92
94
84
92
77
82
90
80
93
92
85
94
84
85
97
64
86
75
76
95
86
87
94
80
90
87
71
96
79
84
89
72
93
83
80
89
78
77
88
78
92
89
77
93
76
81
90
66
91
80
77
89
84
81
89
73
82
82
71
88
73
83
83
73
87
87
72
84
71
69
81
65
83
73
66
82
67
74
84
70
83
79
73
94
77
79
85
63
79
70
63
79
68
70
75
65
81
80
68
88
71
76
79
67
78
71
65
78
67
69
76
57
70
73
59
75
66
70
75
64
79
72
69
78
65
66
75
61
75
69
57
65
53
53
58
51
60
62
56
72
63
66
78
56
73
66
60
68
68
61
66
54
57
59
46
66
61
60
65
53
70
64
59
65
63
56
63
51
58
56
49
66
52
55
55
44
55
55
53
59
56
55
64
54
63
56
51
63
46
49
50
40
51
44
34
42
40
38
54
46
61
56
52
63
55
59
58
43
52
47
43
52
43
50
53
41
55
47
50
55
49
56
56
47
63
60
54
66
57
52
61
48
61
48
50
59
52
53
53
40
55
52
46
58
46
54
57
47
59
51
47
53
41
44
51
39
64
59
44
62
43
49
60
50
57
53
48
59
51
56
60
41
61
51
50
57
44
49
54
42
50
45
38
57
42
51
57
42
64
53
50
57
46
50
66
47
57
53
47
64
52
54
53
39
53
51
52
65
53
46
59
39
57
43
44
59
45
55
55
48
65
64
53
58
46
45
67
50
64
61
51
67
61
61
65
55
63
61
56
69
60
58
68
52
63
54
50
62
57
64
70
53
67
68
63
75
64
67
77
59
65
63
59
67
69
64
68
50
57
57
54
66
52
56
66
60
71
74
69
74
63
63
68
53
70
63
51
62
51
53
65
55
61
58
59
70
67
74
80
59
69
62
63
69
65
74
73
64
73
72
58
68
63
69
75
64
80
69
77
78
71
71
79
63
71
70
64
75
67
68
66
54
57
59
70
79
72
76
83
69
88
83
70
82
62
70
75
69
79
73
68
78
66
68
82
63
82
76
74
81
75
78
82
72
80
73
73
82
68
72
78
61
73
70
66
72
67
72
86
71
78
73
72
84
84
83
79
82
59
75
61
70
77
76
69
78
63
72
74
79
90
74
81
85
72
86
75
73
81
71
73
85
69
86
80
74
81
71
76
79
67
79
78
79
87
84
80
89
71
83
72
79
81
78
79
87
76
86
80
72
82
75
77
87
73
88
75
80
82
80
80
84
63
80
85
84
94
81
82
85
72
78
74
88
81
74
79
90
72
89
84
78
85
74
84
82
80
88
79
82
81
73
77
86
74
88
76
76
84
77
82
81
77
82
77
79
82
75
86
84
71
86
77
76
78
72
83
77
69
81
77
73
85
75
90
90
76
89
78
84
86
76
77
79
65
72
75
79
81
70
81
85
78
95
79
83
85
77
81
86
73
89
81
83
89
73
81
79
75
84
76
78
88
77
86
89
72
87
77
83
84
73
83
85
76
91
74
72
79
69
79
79
73
90
84
90
92
81
88
92
75
86
78
78
91
76
83
81
69
77
75
86
86
79
83
94
79
97
76
80
85
76
87
90
79
90
84
80
84
72
76
85
75
90
81
79
90
83
87
88
76
87
88
82
87
75
79
82
69
83
76
82
83
81
94
100
85
93
91
88
92
84
88
91
74
91
80
83
88
79
84
87
75
80
85
85
90
78
87
87
88
97
86
91
88
84
86
92
74
89
83
82
87
78
85
81
80
90
84
81
91
78
87
88
72
83
80
79
80
72
78
89
83
92
86
82
84
81
92
90
77
95
83
88
94
89
91
90
79
96
81
88
94
81
94
87
80
88
85
86
92
83
93
93
88
99
86
91
89
81
98
90
83
98
87
93
100
81
91
91
85
98
84
93
98
75
89
91
82
97
85
90
97
81
96
94
88
99
78
85
86
80
92
91
79
93
90
86
94
90
96
92
84
99
89
93
93
83
89
93
77
91
90
89
97
81
97
90
89
102
90
96
93
87
96
94
83
100
88
92
93
81
87
80
72
87
82
89
90
81
98
95
92
102
88
93
97
81
90
91
84
88
83
84
82
78
97
86
82
95
90
92
99
86
94
95
85
95
89
93
93
82
94
87
79
89
79
85
91
80
93
91
85
93
85
89
87
76
95
84
80
89
81
84
86
75
77
76
78
93
86
94
94
88
94
92
90
99
82
86
91
79
92
87
84
92
78
81
84
81
94
88
82
95
86
84
95
82
92
86
80
93
83
85
88
80
89
84
75
92
78
84
91
78
92
91
80
94
83
84
83
76
88
81
75
89
80
90
93
79
93
87
86
94
87
90
92
85
93
89
83
95
79
84
88
73
85
89
79
88
75
79
84
76
90
85
77
93
84
87
96
79
91
84
77
90
82
84
88
80
90
82
71
85
74
80
87
74
89
89
78
92
80
84
86
78
92
87
84
95
89
95
94
79
91
80
81
92
87
85
91
83
90
89
85
94
84
84
95
81
94
93
83
92
81
81
85
84
93
88
82
92
82
86
93
78
92
85
85
92
85
84
87
79
92
80
81
83
74
79
81
68
80
80
76
85
84
89
88
85
94
84
80
89
80
85
84
68
81
69
74
83
78
80
85
77
91
86
88
94
80
88
89
80
93
87
84
95
81
83
85
79
91
85
81
92
80
91
95
82
95
83
85
94
81
86
91
78
90
77
76
82
67
83
89
79
97
86
89
99
85
94
94
79
89
84
81
90
81
93
87
71
86
73
76
92
79
87
93
80
91
85
86
92
78
85
92
74
94
84
81
91
78
78
86
77
92
88
85
95
85
90
98
75
98
82
87
91
80
80
85
74
89
79
82
88
75
86
97
78
102
85
86
92
84
89
95
79
93
88
85
93
85
91
92
77
90
81
85
97
81
85
93
79
93
88
86
91
77
84
90
75
93
82
83
88
76
78
86
71
88
82
81
87
82
90
94
78
94
80
81
90
78
84
92
79
96
83
86
88
77
89
91
78
94
83
86
94
84
91
95
80
92
84
85
91
84
91
91
74
86
73
78
94
77
87
88
74
92
84
84
89
75
82
88
73
91
82
85
90
74
83
89
70
89
79
80
90
74
83
86
77
95
87
90
98
82
92
93
79
98
82
78
87
71
81
90
74
93
81
87
94
82
91
95
79
91
85
81
91
82
91
91
75
93
77
83
95
81
87
92
76
95
93
90
99
78
92
95
81
96
82
89
92
75
78
81
63
80
78
77
88
83
87
92
83
101
85
89
95
82
86
94
78
96
83
83
90
74
88
93
80
94
85
88
93
84
92
95
77
92
81
83
91
86
90
94
75
89
76
82
90
81
90
93
81
100
88
89
92
82
90
92
81
91
83
90
116
-91
51
-122
-385
-203
-436
-413
-301
-454
-403
-453
-461
-400
-460
-460
-457
-463
-460
-460
-464
-459
-463
-463
-460
-465
-462
-462
-465
-460
-464
-464
-460
-465
-462
-462
-466
-461
-464
-464
-461
-464
-463
-463
-461
-440
-423
-366
-345
-299
-273
-243
-222
-188
-165
-144
-136
-117
-92
-83
-70
-55
-37
-18
-17
-8
3
11
15
25
30
37
30
40
46
45
51
61
55
64
63
61
67
72
67
86
73
78
77
63
78
86
74
89
78
86
89
81
97
94
78
97
77
88
96
80
94
91
78
91
81
83
89
78
88
88
73
96
84
88
94
76
88
95
81
99
83
90
98
75
90
87
68
90
84
81
94
82
90
92
75
92
79
83
86
70
84
84
74
89
78
71
78
64
76
83
69
83
70
73
81
71
83
80
66
79
73
73
81
63
70
72
68
74
61
55
66
63
67
74
70
78
73
72
83
63
72
79
66
74
62
58
68
56
62
64
53
68
61
57
74
61
77
72
67
79
74
69
75
62
72
72
64
84
66
69
70
55
75
77
65
78
73
70
82
70
82
79
68
85
68
77
84
66
80
77
66
78
73
72
86
73
93
91
86
90
86
89
92
78
89
92
77
96
80
88
97
76
92
85
72
92
83
86
97
78
99
94
86
104
90
92
103
80
97
92
88
101
88
85
93
81
95
101
86
104
89
97
99
89
101
108
82
102
87
96
101
82
106
102
89
108
97
93
107
91
105
102
93
110
99
97
109
87
109
104
90
110
89
103
108
98
105
108
91
117
101
104
112
96
112
106
100
111
107
101
109
104
106
105
103
115
101
99
106
97
106
106
96
107
104
99
108
102
111
109
93
117
101
107
109
102
115
110
89
111
99
92
109
91
110
106
103
117
103
109
113
100
114
108
99
109
98
97
110
97
106
101
90
110
103
107
110
100
111
108
97
115
100
99
110
95
107
101
103
112
102
97
99
84
110
99
88
107
90
104
107
102
114
107
100
112
104
106
105
87
105
96
82
106
85
91
98
87
99
95
90
99
88
97
101
81
105
90
84
97
81
90
99
79
89
89
76
96
77
92
98
69
91
88
84
98
81
83
95
76
87
82
70
92
74
76
78
62
72
74
73
84
73
75
90
73
86
77
66
82
65
69
70
58
68
70
57
71
56
46
64
50
62
58
52
71
61
59
61
50
60
57
47
63
51
52
64
49
56
45
36
51
48
52
56
40
52
51
41
60
38
38
43
33
41
40
32
46
36
34
44
28
46
44
36
51
34
42
44
29
41
34
27
39
29
34
36
17
36
31
18
35
17
21
31
25
33
30
24
35
22
32
30
20
31
22
20
24
16
26
28
15
22
19
7
23
19
24
21
9
19
12
14
25
14
13
24
11
23
25
10
30
17
22
21
11
12
12
9
19
6
12
23
7
24
20
9
26
11
16
13
7
16
14
10
14
4
4
15
2
18
16
13
16
9
19
21
15
17
15
9
24
10
20
29
7
21
10
4
12
11
11
17
3
17
17
10
27
15
18
28
11
26
21
18
25
10
9
18
5
12
12
12
28
15
24
28
14
27
27
18
30
22
17
27
11
26
23
19
26
14
16
21
14
28
26
19
30
17
24
35
17
29
24
18
29
15
27
30
10
17
18
12
24
19
28
31
23
37
27
38
38
37
29
41
27
38
31
24
38
24
32
31
27
35
33
32
40
36
42
51
32
45
42
42
47
37
41
44
36
45
44
41
44
37
37
47
35
53
45
44
51
45
54
58
48
52
49
42
53
40
49
56
42
52
45
51
56
55
59
64
58
70
69
62
66
57
63
64
57
68
63
60
67
62
59
65
56
68
65
66
77
62
72
76
67
79
71
70
80
72
72
82
65
85
78
79
74
65
75
82
75
90
80
77
88
74
78
94
73
86
77
78
84
75
86
92
81
92
87
82
98
81
94
99
76
96
85
96
96
89
90
98
82
102
88
86
101
86
96
95
84
92
97
90
99
88
100
105
90
109
102
97
107
90
101
99
87
104
103
99
103
87
92
103
88
109
93
93
101
85
106
105
91
103
103
99
111
102
110
116
106
113
97
98
101
99
100
106
98
110
117
105
113
103
109
107
104
116
105
105
110
107
109
117
98
103
106
107
116
103
112
110
106
112
112
109
116
108
110
115
101
116
114
108
110
98
107
104
107
115
112
107
116
107
110
127
112
121
114
119
121
115
108
114
105
113
108
104
110
104
115
113
103
119
114
115
119
110
114
114
107
123
110
111
120
107
120
115
106
115
107
114
117
116
110
119
106
124
117
120
