82
76
85
75
81
83
68
90
76
77
85
78
83
88
79
86
79
79
90
75
90
88
74
91
87
82
86
81
79
90
70
90
85
82
84
73
80
78
71
91
81
78
86
76
78
92
77
94
80
79
87
76
89
87
77
84
80
74
81
67
77
79
68
84
76
76
82
79
80
83
78
90
80
76
87
75
81
80
66
74
67
67
77
75
83
84
71
85
81
78
85
70
82
81
74
86
82
82
79
70
72
77
66
87
76
81
84
75
83
85
78
84
80
77
81
70
80
80
67
77
66
69
73
66
66
75
68
80
83
80
85
76
87
84
73
95
75
76
78
71
78
80
65
79
77
75
83
69
84
81
70
84
76
81
85
74
78
81
68
84
78
82
82
65
81
75
70
84
73
74
86
72
82
90
71
87
76
77
80
65
73
72
68
72
64
67
77
71
78
78
71
94
87
87
87
79
78
80
68
82
72
70
82
73
84
89
66
79
74
76
80
76
79
85
73
88
77
78
84
68
83
77
66
84
84
77
77
66
70
73
68
85
74
75
81
77
81
82
70
75
76
70
77
79
74
83
74
87
76
77
80
76
85
84
72
81
87
71
80
67
77
77
73
86
74
74
80
75
76
78
66
73
69
73
82
71
77
75
70
81
75
78
78
70
74
77
66
80
77
73
81
67
72
70
78
80
75
73
74
69
81
82
66
81
72
78
82
76
85
85
79
84
80
76
75
70
84
76
64
83
78
78
79
70
80
75
73
80
73
75
80
66
84
75
64
72
67
73
77
74
79
79
70
85
77
82
83
67
80
78
70
82
77
76
71
65
70
68
61
76
67
72
75
67
87
84
77
83
79
77
84
72
80
82
64
78
65
70
69
64
77
77
69
84
79
76
85
69
85
79
72
84
74
77
80
69
82
79
67
77
71
74
88
74
83
81
75
83
90
83
83
76
79
83
69
90
79
71
74
60
71
71
71
80
77
78
83
75
94
92
78
89
77
75
80
71
80
80
73
76
75
75
78
69
82
79
76
93
83
84
84
81
86
85
83
83
75
77
85
72
87
79
71
78
75
77
84
78
83
86
74
88
81
81
80
65
74
74
69
81
75
76
81
70
79
82
73
91
79
86
87
77
92
78
76
81
78
75
86
71
80
84
73
82
72
73
71
69
80
76
71
86
78
75
82
70
86
81
72
85
71
77
78
76
81
74
67
83
71
77
86
67
81
74
70
80
74
75
72
69
78
78
70
89
77
81
78
72
81
76
76
83
71
72
81
72
86
85
71
89
76
76
81
67
80
77
74
81
76
70
78
68
82
81
72
85
77
83
84
74
83
80
72
81
71
72
84
70
79
73
66
70
62
68
77
66
73
78
74
86
85
80
84
73
87
82
85
88
81
83
82
66
70
76
70
85
71
76
83
72
87
82
77
84
77
81
85
73
80
79
76
83
71
72
71
71
82
79
82
82
82
78
90
76
86
80
76
84
73
77
75
72
74
69
64
70
69
78
88
71
86
83
83
91
88
80
86
76
83
83
76
80
71
78
78
66
83
70
76
84
75
78
84
73
85
84
79
85
76
87
87
73
81
77
78
82
76
73
78
71
86
77
79
79
78
84
84
76
88
77
68
82
67
68
78
65
81
76
74
81
70
84
81
71
88
83
76
91
81
81
84
67
87
79
82
84
79
82
86
68
87
78
75
89
78
84
90
75
94
88
84
86
80
84
89
72
88
87
75
88
73
77
74
72
87
82
82
89
80
77
88
72
89
82
79
86
82
84
90
77
87
83
76
84
80
84
88
72
87
79
79
92
82
85
88
79
90
89
80
87
84
84
87
66
90
76
80
86
79
80
89
69
85
84
80
83
75
78
80
68
82
78
80
86
74
71
78
67
80
76
67
77
78
84
91
78
96
85
84
89
83
84
96
71
87
74
74
77
74
76
84
71
86
86
79
90
80
91
84
73
86
77
85
84
81
86
87
73
81
70
75
84
77
85
93
78
87
80
84
82
81
80
86
73
88
78
77
80
63
69
72
67
84
85
81
93
86
89
96
79
97
82
86
92
77
83
88
72
84
77
73
81
78
81
85
69
88
80
83
87
78
86
87
74
87
82
78
85
74
81
82
73
82
75
80
87
81
85
94
76
92
86
84
88
82
81
84
67
80
74
78
82
73
79
84
76
92
85
81
86
81
87
87
78
83
79
76
85
74
81
90
75
90
81
78
81
81
82
87
74
88
87
87
91
83
89
87
75
88
81
81
79
71
80
77
81
81
-12
129
-212
-180
-291
-453
-288
-459
-457
-394
-463
-459
-460
-465
-460
-464
-464
-461
-466
-463
-463
-467
-462
-466
-467
-463
-468
-465
-465
-468
-464
-467
-467
-463
-468
-465
-465
-468
-464
-467
-467
-465
-465
-465
-463
-463
-433
-401
-349
-326
-286
-263
-229
-202
-178
-158
-136
-123
-97
-83
-79
-65
-52
-41
-24
-25
-13
-2
2
9
17
24
36
31
47
49
50
52
59
58
66
63
57
61
58
57
78
68
75
77
73
83
86
79
90
81
80
84
76
88
84
77
90
79
77
85
76
85
87
74
88
85
88
91
81
87
84
75
92
78
78
85
76
82
86
72
80
71
75
82
71
83
87
75
93
84
86
95
81
82
84
69
81
76
74
74
63
66
70
64
80
70
69
78
69
73
82
66
74
66
66
69
62
67
71
61
64
58
52
59
52
61
65
56
67
66
65
71
64
65
69
53
63
56
54
55
46
54
59
42
55
53
57
64
61
62
66
59
67
62
59
61
50
52
57
46
61
60
57
55
48
53
53
50
63
54
56
57
53
63
69
60
66
64
62
62
55
61
60
55
66
61
59
63
57
67
76
65
75
79
72
75
66
79
71
63
72
65
68
77
72
83
85
73
81
75
79
88
78
86
83
73
87
82
84
84
74
84
84
75
91
89
86
88
73
85
82
78
93
81
84
91
81
93
92
82
93
83
85
95
85
93
91
80
91
80
84
85
80
90
90
77
93
88
83
86
78
87
94
88
100
88
94
103
83
102
95
78
93
83
84
94
88
94
95
85
102
89
97
95
87
99
96
84
101
93
95
96
82
92
93
89
102
85
91
99
86
101
99
89
102
92
94
99
85
96
93
85
100
87
95
91
81
91
93
85
102
94
96
102
94
106
102
93
105
90
94
101
86
100
92
81
93
86
92
100
85
97
93
91
104
93
104
96
86
102
95
92
108
97
92
101
84
98
92
95
105
96
99
104
95
116
103
92
108
93
99
101
88
102
93
89
99
85
92
94
84
104
97
91
112
98
97
100
89
103
92
92
99
86
94
100
82
103
87
80
92
84
92
97
81
98
87
83
98
85
94
93
81
92
87
81
94
85
86
84
75
86
84
79
94
83
83
90
76
90
85
77
85
72
76
85
72
82
78
69
85
74
77
76
72
80
81
69
84
68
70
76
64
74
73
61
70
62
61
64
59
67
63
50
63
50
55
68
52
62
60
53
64
63
60
57
46
57
56
49
64
55
54
54
38
51
49
43
50
44
47
51
40
51
50
41
49
44
45
58
43
54
56
47
54
42
39
40
31
49
41
36
49
43
44
49
39
48
44
33
45
36
38
44
35
46
38
30
41
29
40
42
29
44
36
30
46
37
32
39
26
38
32
30
42
26
27
26
13
22
22
14
31
18
24
29
22
35
26
26
33
23
27
30
11
27
20
12
24
14
14
12
9
29
18
16
28
20
22
24
12
27
17
11
16
7
16
16
12
20
16
7
17
8
16
21
8
20
16
11
23
15
18
12
6
18
10
4
16
6
11
18
-1
13
11
13
24
12
19
22
15
22
18
6
17
8
14
17
1
19
15
12
16
9
8
15
2
22
17
16
25
18
19
23
12
28
18
15
27
19
21
28
14
27
17
14
21
14
29
29
17
28
26
21
31
9
18
26
10
27
23
25
30
26
29
34
20
35
24
27
38
22
27
33
29
36
25
30
33
25
33
32
22
37
29
28
38
21
25
30
23
37
28
26
36
29
35
39
26
45
30
44
37
27
33
38
31
45
33
30
38
28
37
41
23
42
29
41
48
40
52
46
39
52
49
46
60
49
48
52
36
53
36
43
52
40
48
56
42
65
56
49
55
46
55
54
44
71
60
58
66
55
53
56
45
62
59
57
62
58
66
72
62
75
61
61
61
58
60
71
57
67
54
49
42
47
56
61
50
66
65
63
76
67
68
83
57
73
69
68
70
61
63
67
55
69
65
64
77
65
71
85
65
83
77
80
81
77
78
88
69
84
72
79
86
71
79
79
70
83
88
77
82
78
76
90
73
92
80
76
80
63
73
85
66
80
73
72
78
68
80
88
71
89
81
86
90
81
81
84
70
81
80
73
86
78
86
86
79
89
74
80
84
80
87
95
85
93
90
85
93
86
85
88
77
93
85
86
89
82
84
86
77
92
91
94
96
88
93
93
87
91
84
82
88
80
89
100
80
100
83
90
95
94
99
94
89
100
89
94
100
86
88
96
82
104
91
95
99
88
95
96
81
100
82
90
100
83
102
95
88
104
88
99
93
96
90
99
79
101
86
94
92
92
95
91
85
104
90
91
91
89
90
102
85
106
89
97
91
88
102
100
88
104
90
91
99
84
95
101
80
104
89
102
98
89
100
97
84
103
92
96
100
89
104
93
89
101
84
93
97
85
103
102
88
108
94
97
103
91
102
97
88
108
99
102
98
87
91
96
81
104
94
96
101
92
107
106
99
108
101
98
106
92
105
106
86
106
87
90
97
88
104
103
90
107
100
100
104
95
104
97
91
112
95
100
98
92
102
98
81
97
90
96
100
89
105
99
91
107
96
99
102
97
100
102
83
100
92
100
91
87
95
92
93
110
98
102
99
99
98
107
93
107
91
93
97
86
101
92
91
102
93
92
99
87
103
96
84
105
90
105
102
92
105
97
88
106
90
92
98
85
104
95
86
101
82
98
99
91
103
101
91
105
94
96
99
83
94
92
90
103
94
100
99
88
96
90
86
111
91
93
103
89
101
102
90
101
91
91
103
85
100
94
85
103
83
92
93
81
98
92
91
102
95
95
105
90
101
89
92
105
89
95
96
84
94
98
77
92
88
85
96
82
91
87
79
91
80
87
97
82
93
100
83
103
88
92
96
78
94
85
85
97
87
90
98
86
93
101
85
102
85
92
95
87
94
89
82
93
87
83
90
79
88
89
78
94
87
88
91
87
94
87
77
86
81
78
85
76
86
82
75
77
68
77
78
77
83
89
84
91
87
90
90
76
83
74
72
83
79
70
78
69
72
71
70
84
73
77
80
74
89
79
76
80
75
74
78
71
77
76
68
78
64
74
68
64
75
75
70
79
75
75
79
69
80
71
71
74
64
69
71
66
71
68
59
71
68
72
81
71
83
73
69
82
72
77
74
65
74
73
63
77
72
73
74
58
72
66
73
78
67
69
73
69
79
73
63
76
64
68
73
58
65
67
60
68
62
60
63
54
70
73
61
76
65
71
70
59
65
62
52
60
59
59
69
64
83
75
66
77
67
72
74
63
62
67
59
72
71
71
73
62
70
68
59
74
71
71
71
60
60
63
55
70
60
64
74
60
80
71
66
71
66
66
75
55
66
70
62
71
57
63
58
55
64
66
62
65
65
65
71
56
71
70
65
75
68
69
73
70
74
67
59
58
51
58
70
55
65
64
62
69
64
65
66
61
62
62
52
66
59
66
63
48
65
58
59
65
63
62
63
58
69
66
62
72
61
68
71
56
62
57
57
60
51
49
50
45
60
54
50
65
61
63
67
61
69
70
60
66
58
55
56
46
65
57
47
63
47
57
65
57
60
62
59
69
71
72
70
57
67
62
58
70
67
69
69
61
64
69
60
73
61
68
76
67
79
73
72
73
64
66
74
58
65
66
57
69
60
59
56
55
71
68
71
80
73
73
80
61
70
67
58
68
61
66
73
70
73
71
61
68
60
66
81
65
81
72
67
80
81
75
75
69
75
73
70
80
70
74
74
54
70
65
68
74
71
73
77
65
73
71
70
74
62
66
75
62
71
70
70
72
72
68
71
64
76
71
71
76
66
68
72
70
77
71
74
76
68
67
75
67
79
71
64
71
66
72
75
66
76
71
70
79
75
83
79
69
79
73
77
80
77
79
79
68
80
73
71
82
68
76
77
71
82
74
75
82
77
83
83
73
79
81
77
85
69
75
70
68
79
77
79
88
83
82
88
76
94
82
78
92
78
87
87
81
88
80
75
85
72
84
88
73
91
83
83
94
82
87
85
78
86
84
84
93
82
88
80
67
87
72
80
87
74
82
91
78
92
89
87
92
85
95
93
78
89
79
82
88
77
79
85
77
92
87
80
91
85
87
93
82
100
84
83
92
82
83
96
75
95
85
82
87
83
88
91
77
89
86
85
99
86
90
91
77
96
81
83
85
82
82
82
66
87
78
82
95
82
93
102
83
98
89
93
89
85
87
91
81
90
86
89
95
81
82
85
82
91
92
94
92
90
90
99
82
98
83
85
91
82
84
93
82
88
81
76
83
77
91
93
81
93
86
88
96
81
92
83
77
87
85
81
90
85
91
91
84
97
80
94
97
85
89
94
84
89
88
86
93
85
91
91
84
89
87
89
95
85
88
87
81
102
93
89
100
86
94
98
89
102
86
91
94
86
92
99
82
100
86
86
93
87
94
96
77
94
83
85
94
85
94
89
81
100
91
91
98
89
99
97
86
97
80
85
96
79
92
101
84
103
90
93
98
88
92
95
82
98
86
93
97
79
88
88
81
97
89
91
99
88
97
100
92
100
89
90
95
89
98
96
85
101
88
88
91
81
92
95
81
95
93
98
98
89
102
96
89
104
93
92
95
88
93
94
82
89
83
90
94
87
99
92
86
100
90
93
96
85
92
96
84
97
88
99
90
82
92
90
86
102
89
92
97
89
97
96
93
103
91
96
97
84
98
91
82
91
82
86
89
79
92
97
87
100
91
100
101
92
103
93
91
102
85
92
96
88
100
93
89
97
87
95
100
86
102
94
91
101
89
98
98
86
96
92
83
99
86
95
91
81
91
85
82
100
83
89
97
86
96
96
84
101
82
84
92
82
92
89
82
96
84
83
94
81
96
94
85
102
89
94
97
82
97
87
85
103
87
93
102
87
101
97
78
94
85
90
99
84
103
98
84
104
92
94
107
89
104
95
88
99
93
98
96
84
98
90
88
107
93
94
99
87
93
94
85
98
86
90
99
79
96
92
90
102
88
89
99
83
95
94
84
96
88
92
101
87
98
92
89
100
88
93
97
85
102
97
82
98
88
97
99
87
101
97
90
106
96
99
101
88
100
97
86
102
96
95
101
84
97
87
90
100
84
92
98
88
100
98
89
105
91
98
100
93
104
95
91
100
84
88
92
83
97
94
90
103
96
96
100
88
106
94
94
106
92
97
100
87
103
97
83
96
79
91
99
86
99
92
90
102
91
99
97
84
101
93
88
101
89
92
94
77
91
87
87
102
90
97
100
92
110
104
97
108
93
96
102
92
101
94
90
100
85
92
97
81
101
95
90
103
92
95
104
86
103
94
95
104
88
92
95
85
101
91
82
97
83
93
101
81
97
88
85
101
87
98
95
86
96
91
83
97
83
88
95
83
97
87
95
104
92
97
101
92
104
97
87
100
87
92
95
87
97
93
89
100
88
93
94
85
97
94
89
105
92
95
101
85
103
94
93
101
89
91
99
87
105
89
86
96
82
98
99
86
101
91
91
101
89
98
88
87
97
88
90
100
90
97
96
84
98
93
95
106
89
97
97
89
105
92
94
106
88
98
101
85
99
90
90
102
83
95
94
86
102
94
92
104
87
96
97
88
106
92
92
100
85
93
98
83
109
92
86
97
81
94
101
80
98
84
85
97
87
98
92
90
102
93
91
110
91
99
98
78
97
84
86
98
83
93
102
90
110
100
95
110
91
101
107
85
106
98
94
108
92
96
93
85
104
95
93
107
91
100
102
89
106
101
89
105
91
97
101
89
108
92
84
94
81
89
99
80
95
95
89
105
92
102
100
91
110
98
90
107
92
94
94
81
89
92
90
103
90
96
100
92
108
97
93
108
93
98
106
90
102
94
91
104
88
94
95
87
101
92
91
103
90
96
95
88
102
96
94
101
87
92
98
86
97
87
85
93
82
90
98
84
103
93
96
102
97
95
101
83
95
89
89
97
86
92
96
78
98
85
90
102
89
94
99
93
108
93
95
105
86
98
95
84
108
93
96
101
97
92
97
83
101
93
99
103
90
103
103
94
108
90
91
104
85
92
97
84
103
86
89
92
86
100
102
88
104
93
94
106
92
96
94
83
100
87
95
99
87
92
92
83
96
86
87
101
83
93
103
86
102
90
91
99
85
97
94
82
98
89
88
102
84
94
94
85
101
97
93
96
84
91
95
80
103
88
89
97
81
93
98
85
102
92
90
98
78
95
99
78
100
83
87
100
81
93
100
81
97
91
95
100
85
95
98
80
101
82
91
98
90
94
100
94
103
93
93
102
83
95
94
76
93
88
91
97
83
87
90
78
91
86
96
90
84
91
99
88
103
88
90
98
89
95
104
87
105
87
88
90
82
93
96
84
98
91
93
104
87
85
94
82
99
87
92
96
88
86
94
82
99
81
89
99
82
93
100
85
106
86
94
97
86
95
98
82
99
88
90
100
73
84
85
77
98
89
94
100
90
101
100
87
112
89
94
94
87
92
98
82
95
88
85
98
79
94
96
75
101
83
91
105
86
99
94
90
102
93
93
102
86
101
94
84
103
81
93
99
86
97
102
89
105
96
92
106
89
96
90
79
96
88
92
93
84
89
89
83
103
105
93
106
91
107
103
89
106
85
92
97
79
88
104
81
106
86
87
92
82
90
96
79
98
88
94
104
81
98
93
84
103
91
90
97
87
97
91
88
96
81
93
99
85
96
99
77
100
83
90
86
88
85
94
77
97
83
90
98
81
90
89
86
101
95
93
96
83
92
100
86
102
88
102
95
86
98
92
88
101
84
90
92
89
94
98
77
101
84
95
97
87
92
95
90
97
91
88
96
81
